# Gaussian folded, width=10 cm^-1
# [cm^-1] arbitrary
0.000      3.00000e+00
1.000      2.91796e+00
2.000      2.68508e+00
3.000      2.33749e+00
4.000      1.92514e+00
5.000      1.50000e+00
6.000      1.10570e+00
7.000      7.71085e-01
8.000      5.08727e-01
9.000      3.17529e-01
10.000      1.87500e-01
11.000      1.04746e-01
12.000      5.53590e-02
13.000      2.76795e-02
14.000      1.30932e-02
15.000      5.85940e-03
16.000      2.48081e-03
17.000      9.94050e-04
18.000      3.78126e-04
19.000      1.40573e-04
20.000      6.41199e-05
21.000      7.16359e-05
22.000      1.72011e-04
23.000      4.68515e-04
24.000      1.23536e-03
25.000      3.09471e-03
26.000      7.35162e-03
27.000      1.65592e-02
28.000      3.53694e-02
29.000      7.16457e-02
30.000      1.37649e-01
31.000      2.50855e-01
32.000      4.33693e-01
33.000      7.11372e-01
34.000      1.10716e+00
35.000      1.63515e+00
36.000      2.29184e+00
37.000      3.04872e+00
38.000      3.84941e+00
39.000      4.61357e+00
40.000      5.24891e+00
41.000      5.66903e+00
42.000      5.81255e+00
43.000      5.65782e+00
44.000      5.22824e+00
45.000      4.58650e+00
46.000      3.81958e+00
47.000      3.01953e+00
48.000      2.26587e+00
49.000      1.61391e+00
50.000      1.09113e+00
51.000      7.00358e-01
52.000      4.27301e-01
53.000      2.49135e-01
54.000      1.41904e-01
55.000      8.56158e-02
56.000      6.70190e-02
57.000      8.07122e-02
58.000      1.29258e-01
59.000      2.22683e-01
60.000      3.77274e-01
61.000      6.13246e-01
62.000      9.50777e-01
63.000      1.40432e+00
64.000      1.97578e+00
65.000      2.64813e+00
66.000      3.38164e+00
67.000      4.11479e+00
68.000      4.77130e+00
69.000      5.27252e+00
70.000      5.55268e+00
71.000      5.57300e+00
72.000      5.33051e+00
73.000      4.85870e+00
74.000      4.22006e+00
75.000      3.49257e+00
76.000      2.75434e+00
77.000      2.07060e+00
78.000      1.48609e+00
79.000      1.02356e+00
80.000      6.87824e-01
81.000      4.72771e-01
82.000      3.69138e-01
83.000      3.70718e-01
84.000      4.77637e-01
85.000      6.96003e-01
86.000      1.03404e+00
87.000      1.49553e+00
88.000      2.07238e+00
89.000      2.73844e+00
90.000      3.44715e+00
91.000      4.13475e+00
92.000      4.72900e+00
93.000      5.16196e+00
94.000      5.38333e+00
95.000      5.37096e+00
96.000      5.13560e+00
97.000      4.71927e+00
98.000      4.18825e+00
99.000      3.62320e+00
100.000      3.10906e+00
101.000      2.72640e+00
102.000      2.54497e+00
103.000      2.61887e+00
104.000      2.98255e+00
105.000      3.64710e+00
106.000      4.59709e+00
107.000      5.78919e+00
108.000      7.15387e+00
109.000      8.60155e+00
110.000      1.00327e+01
111.000      1.13505e+01
112.000      1.24733e+01
113.000      1.33435e+01
114.000      1.39311e+01
115.000      1.42319e+01
116.000      1.42619e+01
117.000      1.40496e+01
118.000      1.36304e+01
119.000      1.30420e+01
120.000      1.23224e+01
121.000      1.15079e+01
122.000      1.06323e+01
123.000      9.72547e+00
124.000      8.81357e+00
125.000      7.92031e+00
126.000      7.06951e+00
127.000      6.28718e+00
128.000      5.60175e+00
129.000      5.04135e+00
130.000      4.62932e+00
131.000      4.37959e+00
132.000      4.29459e+00
133.000      4.36660e+00
134.000      4.58193e+00
135.000      4.92570e+00
136.000      5.38477e+00
137.000      5.94742e+00
138.000      6.60042e+00
139.000      7.32527e+00
140.000      8.09621e+00
141.000      8.88120e+00
142.000      9.64578e+00
143.000      1.03584e+01
144.000      1.09949e+01
145.000      1.15415e+01
146.000      1.19946e+01
147.000      1.23598e+01
148.000      1.26482e+01
149.000      1.28739e+01
150.000      1.30506e+01
151.000      1.31894e+01
152.000      1.32970e+01
153.000      1.33755e+01
154.000      1.34231e+01
155.000      1.34355e+01
156.000      1.34077e+01
157.000      1.33359e+01
158.000      1.32169e+01
159.000      1.30481e+01
160.000      1.28262e+01
161.000      1.25460e+01
162.000      1.22016e+01
163.000      1.17878e+01
164.000      1.13036e+01
165.000      1.07541e+01
166.000      1.01518e+01
167.000      9.51612e+00
168.000      8.87074e+00
169.000      8.24142e+00
170.000      7.65368e+00
171.000      7.13160e+00
172.000      6.69713e+00
173.000      6.36929e+00
174.000      6.16281e+00
175.000      6.08627e+00
176.000      6.14028e+00
177.000      6.31668e+00
178.000      6.59902e+00
179.000      6.96444e+00
180.000      7.38629e+00
181.000      7.83662e+00
182.000      8.28817e+00
183.000      8.71557e+00
184.000      9.09615e+00
185.000      9.41071e+00
186.000      9.64453e+00
187.000      9.78870e+00
188.000      9.84132e+00
189.000      9.80841e+00
190.000      9.70375e+00
191.000      9.54757e+00
192.000      9.36383e+00
193.000      9.17651e+00
194.000      9.00544e+00
195.000      8.86296e+00
196.000      8.75197e+00
197.000      8.66636e+00
198.000      8.59372e+00
199.000      8.51993e+00
200.000      8.43454e+00
201.000      8.33543e+00
202.000      8.23132e+00
203.000      8.14063e+00
204.000      8.08647e+00
205.000      8.08846e+00
206.000      8.15389e+00
207.000      8.27119e+00
208.000      8.40880e+00
209.000      8.52058e+00
210.000      8.55679e+00
211.000      8.47743e+00
212.000      8.26372e+00
213.000      7.92412e+00
214.000      7.49290e+00
215.000      7.02241e+00
216.000      6.57155e+00
217.000      6.19436e+00
218.000      5.93165e+00
219.000      5.80705e+00
220.000      5.82708e+00
221.000      5.98345e+00
222.000      6.25617e+00
223.000      6.61627e+00
224.000      7.02835e+00
225.000      7.45367e+00
226.000      7.85418e+00
227.000      8.19730e+00
228.000      8.46036e+00
229.000      8.63312e+00
230.000      8.71751e+00
231.000      8.72454e+00
232.000      8.66957e+00
233.000      8.56787e+00
234.000      8.43192e+00
235.000      8.27130e+00
236.000      8.09448e+00
237.000      7.91107e+00
238.000      7.73296e+00
239.000      7.57314e+00
240.000      7.44269e+00
241.000      7.34730e+00
242.000      7.28525e+00
243.000      7.24823e+00
244.000      7.22506e+00
245.000      7.20667e+00
246.000      7.19001e+00
247.000      7.17870e+00
248.000      7.18001e+00
249.000      7.19960e+00
250.000      7.23674e+00
251.000      7.28245e+00
252.000      7.32161e+00
253.000      7.33791e+00
254.000      7.31925e+00
255.000      7.26097e+00
256.000      7.16596e+00
257.000      7.04224e+00
258.000      6.89981e+00
259.000      6.74882e+00
260.000      6.59980e+00
261.000      6.46533e+00
262.000      6.36127e+00
263.000      6.30586e+00
264.000      6.31590e+00
265.000      6.40098e+00
266.000      6.55774e+00
267.000      6.76660e+00
268.000      6.99250e+00
269.000      7.18979e+00
270.000      7.31003e+00
271.000      7.31076e+00
272.000      7.16342e+00
273.000      6.85896e+00
274.000      6.41039e+00
275.000      5.85190e+00
276.000      5.23466e+00
277.000      4.61982e+00
278.000      4.06991e+00
279.000      3.64033e+00
280.000      3.37265e+00
281.000      3.29100e+00
282.000      3.40162e+00
283.000      3.69473e+00
284.000      4.14735e+00
285.000      4.72585e+00
286.000      5.38797e+00
287.000      6.08490e+00
288.000      6.76451e+00
289.000      7.37640e+00
290.000      7.87866e+00
291.000      8.24491e+00
292.000      8.46949e+00
293.000      8.56880e+00
294.000      8.57754e+00
295.000      8.54029e+00
296.000      8.50080e+00
297.000      8.49193e+00
298.000      8.52944e+00
299.000      8.61147e+00
300.000      8.72330e+00
301.000      8.84525e+00
302.000      8.96060e+00
303.000      9.06062e+00
304.000      9.14551e+00
305.000      9.22165e+00
306.000      9.29691e+00
307.000      9.37645e+00
308.000      9.46061e+00
309.000      9.54538e+00
310.000      9.62482e+00
311.000      9.69383e+00
312.000      9.75009e+00
313.000      9.79450e+00
314.000      9.83079e+00
315.000      9.86491e+00
316.000      9.90532e+00
317.000      9.96374e+00
318.000      1.00558e+01
319.000      1.02003e+01
320.000      1.04176e+01
321.000      1.07263e+01
322.000      1.11402e+01
323.000      1.16662e+01
324.000      1.23031e+01
325.000      1.30412e+01
326.000      1.38611e+01
327.000      1.47338e+01
328.000      1.56203e+01
329.000      1.64726e+01
330.000      1.72373e+01
331.000      1.78606e+01
332.000      1.82951e+01
333.000      1.85075e+01
334.000      1.84846e+01
335.000      1.82378e+01
336.000      1.78040e+01
337.000      1.72429e+01
338.000      1.66313e+01
339.000      1.60532e+01
340.000      1.55889e+01
341.000      1.53043e+01
342.000      1.52427e+01
343.000      1.54216e+01
344.000      1.58352e+01
345.000      1.64610e+01
346.000      1.72688e+01
347.000      1.82274e+01
348.000      1.93079e+01
349.000      2.04821e+01
350.000      2.17187e+01
351.000      2.29787e+01
352.000      2.42141e+01
353.000      2.53697e+01
354.000      2.63886e+01
355.000      2.72175e+01
356.000      2.78121e+01
357.000      2.81390e+01
358.000      2.81772e+01
359.000      2.79171e+01
360.000      2.73621e+01
361.000      2.65289e+01
362.000      2.54487e+01
363.000      2.41655e+01
364.000      2.27317e+01
365.000      2.12006e+01
366.000      1.96179e+01
367.000      1.80171e+01
368.000      1.64194e+01
369.000      1.48394e+01
370.000      1.32954e+01
371.000      1.18180e+01
372.000      1.04537e+01
373.000      9.26164e+00
374.000      8.30373e+00
375.000      7.63184e+00
376.000      7.27749e+00
377.000      7.24704e+00
378.000      7.52409e+00
379.000      8.07749e+00
380.000      8.87177e+00
381.000      9.87587e+00
382.000      1.10669e+01
383.000      1.24270e+01
384.000      1.39337e+01
385.000      1.55470e+01
386.000      1.71974e+01
387.000      1.87790e+01
388.000      2.01540e+01
389.000      2.11659e+01
390.000      2.16646e+01
391.000      2.15342e+01
392.000      2.07199e+01
393.000      1.92451e+01
394.000      1.72138e+01
395.000      1.47958e+01
396.000      1.21991e+01
397.000      9.63385e+00
398.000      7.27956e+00
399.000      5.26234e+00
400.000      3.64621e+00
401.000      2.43864e+00
402.000      1.60561e+00
403.000      1.09009e+00
404.000      8.28428e-01
405.000      7.61307e-01
406.000      8.38560e-01
407.000      1.01929e+00
408.000      1.26963e+00
409.000      1.56033e+00
410.000      1.86557e+00
411.000      2.16336e+00
412.000      2.43692e+00
413.000      2.67603e+00
414.000      2.87763e+00
415.000      3.04481e+00
416.000      3.18446e+00
417.000      3.30366e+00
418.000      3.40597e+00
419.000      3.48847e+00
420.000      3.54073e+00
421.000      3.54625e+00
422.000      3.48642e+00
423.000      3.34599e+00
424.000      3.11856e+00
425.000      2.81014e+00
426.000      2.43965e+00
427.000      2.03604e+00
428.000      1.63302e+00
429.000      1.26311e+00
430.000      9.52649e-01
431.000      7.18834e-01
432.000      5.69030e-01
433.000      5.01592e-01
434.000      5.07321e-01
435.000      5.70918e-01
436.000      6.72340e-01
437.000      7.88442e-01
438.000      8.95360e-01
439.000      9.71694e-01
440.000      1.00193e+00
441.000      9.79149e-01
442.000      9.05951e-01
443.000      7.93263e-01
444.000      6.57211e-01
445.000      5.15152e-01
446.000      3.82026e-01
447.000      2.68024e-01
448.000      1.77899e-01
449.000      1.11710e-01
450.000      6.63631e-02
451.000      3.72975e-02
452.000      1.98313e-02
453.000      9.97563e-03
454.000      4.74730e-03
455.000      2.13733e-03
456.000      9.10359e-04
457.000      3.66836e-04
458.000      1.39846e-04
459.000      5.04363e-05
460.000      1.72090e-05
461.000      5.55501e-06
462.000      1.69642e-06
463.000      4.90114e-07
464.000      1.33961e-07
465.000      3.46401e-08
466.000      8.47417e-09
467.000      1.96125e-09
468.000      4.29423e-10
469.000      8.89521e-11
470.000      1.74319e-11
471.000      3.23184e-12
472.000      5.66856e-13
473.000      9.40619e-14
474.000      1.47663e-14
475.000      2.19305e-15
476.000      3.08136e-16
477.000      4.09594e-17
478.000      5.15089e-18
479.000      6.12814e-19
480.000      6.89752e-20
481.000      7.34471e-21
482.000      7.39902e-22
483.000      7.05165e-23
484.000      6.35807e-24
485.000      5.42347e-25
486.000      4.37670e-26
487.000      3.34145e-27
488.000      2.41346e-28
489.000      1.64916e-29
490.000      1.06611e-30
491.000      6.52018e-32
492.000      3.77255e-33
493.000      2.06504e-34
494.000      1.06940e-35
495.000      5.23922e-37
496.000      2.42835e-38
497.000      1.06482e-39
498.000      4.41729e-41
499.000      1.73362e-42
500.000      6.43681e-44
