# Gaussian folded, width=10 cm^-1
# [cm^-1] arbitrary
0.000      3.00000e+00
1.000      2.91796e+00
2.000      2.68508e+00
3.000      2.33749e+00
4.000      1.92514e+00
5.000      1.50000e+00
6.000      1.10570e+00
7.000      7.71085e-01
8.000      5.08727e-01
9.000      3.17529e-01
10.000      1.87500e-01
11.000      1.04746e-01
12.000      5.53590e-02
13.000      2.76796e-02
14.000      1.30934e-02
15.000      5.86016e-03
16.000      2.48356e-03
17.000      1.00341e-03
18.000      4.08316e-04
19.000      2.32739e-04
20.000      3.30267e-04
21.000      7.98515e-04
22.000      2.04927e-03
23.000      5.05230e-03
24.000      1.18147e-02
25.000      2.61672e-02
26.000      5.48822e-02
27.000      1.09005e-01
28.000      2.05030e-01
29.000      3.65219e-01
30.000      6.16124e-01
31.000      9.84405e-01
32.000      1.48965e+00
33.000      2.13505e+00
34.000      2.89841e+00
35.000      3.72692e+00
36.000      4.53932e+00
37.000      5.23713e+00
38.000      5.72356e+00
39.000      5.92544e+00
40.000      5.81118e+00
41.000      5.39891e+00
42.000      4.75174e+00
43.000      3.96200e+00
44.000      3.12968e+00
45.000      2.34228e+00
46.000      1.66119e+00
47.000      1.11729e+00
48.000      7.14653e-01
49.000      4.39243e-01
50.000      2.69068e-01
51.000      1.82965e-01
52.000      1.66678e-01
53.000      2.15968e-01
54.000      3.37019e-01
55.000      5.44430e-01
56.000      8.56880e-01
57.000      1.29064e+00
58.000      1.85155e+00
59.000      2.52705e+00
60.000      3.28051e+00
61.000      4.05054e+00
62.000      4.75709e+00
63.000      5.31407e+00
64.000      5.64623e+00
65.000      5.70572e+00
66.000      5.48329e+00
67.000      5.01071e+00
68.000      4.35336e+00
69.000      3.59559e+00
70.000      2.82320e+00
71.000      2.10842e+00
72.000      1.50080e+00
73.000      1.02564e+00
74.000      6.88580e-01
75.000      4.83937e-01
76.000      4.03642e-01
77.000      4.44097e-01
78.000      6.09218e-01
79.000      9.08838e-01
80.000      1.35266e+00
81.000      1.94111e+00
82.000      2.65552e+00
83.000      3.45116e+00
84.000      4.25658e+00
85.000      4.98138e+00
86.000      5.53211e+00
87.000      5.83273e+00
88.000      5.84400e+00
89.000      5.57580e+00
90.000      5.08864e+00
91.000      4.48409e+00
92.000      3.88739e+00
93.000      3.42726e+00
94.000      3.21740e+00
95.000      3.34243e+00
96.000      3.84862e+00
97.000      4.73889e+00
98.000      5.97163e+00
99.000      7.46410e+00
100.000      9.10108e+00
101.000      1.07494e+01
102.000      1.22766e+01
103.000      1.35696e+01
104.000      1.45495e+01
105.000      1.51786e+01
106.000      1.54578e+01
107.000      1.54171e+01
108.000      1.51022e+01
109.000      1.45629e+01
110.000      1.38459e+01
111.000      1.29918e+01
112.000      1.20382e+01
113.000      1.10227e+01
114.000      9.98553e+00
115.000      8.96953e+00
116.000      8.01608e+00
117.000      7.15954e+00
118.000      6.42184e+00
119.000      5.81044e+00
120.000      5.32133e+00
121.000      4.94723e+00
122.000      4.68838e+00
123.000      4.56169e+00
124.000      4.60383e+00
125.000      4.86558e+00
126.000      5.39780e+00
127.000      6.23292e+00
128.000      7.36798e+00
129.000      8.75506e+00
130.000      1.03032e+01
131.000      1.18918e+01
132.000      1.33923e+01
133.000      1.46913e+01
134.000      1.57096e+01
135.000      1.64118e+01
136.000      1.68047e+01
137.000      1.69272e+01
138.000      1.68361e+01
139.000      1.65913e+01
140.000      1.62455e+01
141.000      1.58397e+01
142.000      1.54020e+01
143.000      1.49499e+01
144.000      1.44926e+01
145.000      1.40325e+01
146.000      1.35656e+01
147.000      1.30828e+01
148.000      1.25712e+01
149.000      1.20171e+01
150.000      1.14104e+01
151.000      1.07492e+01
152.000      1.00434e+01
153.000      9.31591e+00
154.000      8.60190e+00
155.000      7.94402e+00
156.000      7.38600e+00
157.000      6.96527e+00
158.000      6.70676e+00
159.000      6.61959e+00
160.000      6.69716e+00
161.000      6.92027e+00
162.000      7.26164e+00
163.000      7.69035e+00
164.000      8.17532e+00
165.000      8.68758e+00
166.000      9.20181e+00
167.000      9.69751e+00
168.000      1.01598e+01
169.000      1.05799e+01
170.000      1.09542e+01
171.000      1.12836e+01
172.000      1.15719e+01
173.000      1.18237e+01
174.000      1.20432e+01
175.000      1.22315e+01
176.000      1.23849e+01
177.000      1.24938e+01
178.000      1.25431e+01
179.000      1.25147e+01
180.000      1.23918e+01
181.000      1.21643e+01
182.000      1.18339e+01
183.000      1.14175e+01
184.000      1.09469e+01
185.000      1.04661e+01
186.000      1.00237e+01
187.000      9.66483e+00
188.000      9.42215e+00
189.000      9.30928e+00
190.000      9.31826e+00
191.000      9.42165e+00
192.000      9.57892e+00
193.000      9.74534e+00
194.000      9.88151e+00
195.000      9.96113e+00
196.000      9.97556e+00
197.000      9.93412e+00
198.000      9.86035e+00
199.000      9.78500e+00
200.000      9.73737e+00
201.000      9.73700e+00
202.000      9.78749e+00
203.000      9.87411e+00
204.000      9.96585e+00
205.000      1.00217e+01
206.000      9.99995e+00
207.000      9.86844e+00
208.000      9.61343e+00
209.000      9.24477e+00
210.000      8.79596e+00
211.000      8.31897e+00
212.000      7.87489e+00
213.000      7.52274e+00
214.000      7.30898e+00
215.000      7.25999e+00
216.000      7.37901e+00
217.000      7.64762e+00
218.000      8.03112e+00
219.000      8.48610e+00
220.000      8.96823e+00
221.000      9.43850e+00
222.000      9.86677e+00
223.000      1.02326e+01
224.000      1.05246e+01
225.000      1.07385e+01
226.000      1.08770e+01
227.000      1.09493e+01
228.000      1.09711e+01
229.000      1.09632e+01
230.000      1.09483e+01
231.000      1.09461e+01
232.000      1.09678e+01
233.000      1.10130e+01
234.000      1.10694e+01
235.000      1.11158e+01
236.000      1.11294e+01
237.000      1.10931e+01
238.000      1.10013e+01
239.000      1.08624e+01
240.000      1.06974e+01
241.000      1.05351e+01
242.000      1.04058e+01
243.000      1.03363e+01
244.000      1.03455e+01
245.000      1.04428e+01
246.000      1.06267e+01
247.000      1.08852e+01
248.000      1.11961e+01
249.000      1.15293e+01
250.000      1.18499e+01
251.000      1.21232e+01
252.000      1.23198e+01
253.000      1.24206e+01
254.000      1.24199e+01
255.000      1.23271e+01
256.000      1.21644e+01
257.000      1.19630e+01
258.000      1.17564e+01
259.000      1.15731e+01
260.000      1.14297e+01
261.000      1.13260e+01
262.000      1.12452e+01
263.000      1.11573e+01
264.000      1.10271e+01
265.000      1.08227e+01
266.000      1.05231e+01
267.000      1.01214e+01
268.000      9.62455e+00
269.000      9.04968e+00
270.000      8.42090e+00
271.000      7.76781e+00
272.000      7.12640e+00
273.000      6.54050e+00
274.000      6.06098e+00
275.000      5.74060e+00
276.000      5.62452e+00
277.000      5.73907e+00
278.000      6.08294e+00
279.000      6.62452e+00
280.000      7.30689e+00
281.000      8.05917e+00
282.000      8.81048e+00
283.000      9.50218e+00
284.000      1.00951e+01
285.000      1.05709e+01
286.000      1.09271e+01
287.000      1.11708e+01
288.000      1.13098e+01
289.000      1.13468e+01
290.000      1.12765e+01
291.000      1.10862e+01
292.000      1.07618e+01
293.000      1.02949e+01
294.000      9.69209e+00
295.000      8.97930e+00
296.000      8.20220e+00
297.000      7.41955e+00
298.000      6.69199e+00
299.000      6.06958e+00
300.000      5.58174e+00
301.000      5.23290e+00
302.000      5.00461e+00
303.000      4.86313e+00
304.000      4.76970e+00
305.000      4.69046e+00
306.000      4.60324e+00
307.000      4.49998e+00
308.000      4.38515e+00
309.000      4.27170e+00
310.000      4.17695e+00
311.000      4.12000e+00
312.000      4.12095e+00
313.000      4.20114e+00
314.000      4.38226e+00
315.000      4.68343e+00
316.000      5.11583e+00
317.000      5.67682e+00
318.000      6.34561e+00
319.000      7.08314e+00
320.000      7.83681e+00
321.000      8.54960e+00
322.000      9.17110e+00
323.000      9.66754e+00
324.000      1.00282e+01
325.000      1.02666e+01
326.000      1.04166e+01
327.000      1.05250e+01
328.000      1.06430e+01
329.000      1.08177e+01
330.000      1.10863e+01
331.000      1.14714e+01
332.000      1.19795e+01
333.000      1.26003e+01
334.000      1.33085e+01
335.000      1.40680e+01
336.000      1.48385e+01
337.000      1.55835e+01
338.000      1.62787e+01
339.000      1.69172e+01
340.000      1.75105e+01
341.000      1.80830e+01
342.000      1.86633e+01
343.000      1.92729e+01
344.000      1.99186e+01
345.000      2.05883e+01
346.000      2.12534e+01
347.000      2.18760e+01
348.000      2.24167e+01
349.000      2.28420e+01
350.000      2.31279e+01
351.000      2.32596e+01
352.000      2.32281e+01
353.000      2.30266e+01
354.000      2.26481e+01
355.000      2.20861e+01
356.000      2.13388e+01
357.000      2.04137e+01
358.000      1.93309e+01
359.000      1.81237e+01
360.000      1.68346e+01
361.000      1.55092e+01
362.000      1.41891e+01
363.000      1.29085e+01
364.000      1.16927e+01
365.000      1.05609e+01
366.000      9.53054e+00
367.000      8.62098e+00
368.000      7.85436e+00
369.000      7.25340e+00
370.000      6.83604e+00
371.000      6.60875e+00
372.000      6.56153e+00
373.000      6.66685e+00
374.000      6.88424e+00
375.000      7.16960e+00
376.000      7.48645e+00
377.000      7.81486e+00
378.000      8.15417e+00
379.000      8.51769e+00
380.000      8.92077e+00
381.000      9.36638e+00
382.000      9.83359e+00
383.000      1.02738e+01
384.000      1.06167e+01
385.000      1.07847e+01
386.000      1.07121e+01
387.000      1.03629e+01
388.000      9.74234e+00
389.000      8.89914e+00
390.000      7.91693e+00
391.000      6.89778e+00
392.000      5.94167e+00
393.000      5.12722e+00
394.000      4.49860e+00
395.000      4.06139e+00
396.000      3.78807e+00
397.000      3.63061e+00
398.000      3.53615e+00
399.000      3.46109e+00
400.000      3.37982e+00
401.000      3.28636e+00
402.000      3.18968e+00
403.000      3.10496e+00
404.000      3.04445e+00
405.000      3.01064e+00
406.000      2.99381e+00
407.000      2.97411e+00
408.000      2.92723e+00
409.000      2.83158e+00
410.000      2.67488e+00
411.000      2.45831e+00
412.000      2.19704e+00
413.000      1.91707e+00
414.000      1.64910e+00
415.000      1.42125e+00
416.000      1.25244e+00
417.000      1.14827e+00
418.000      1.10032e+00
419.000      1.08906e+00
420.000      1.08938e+00
421.000      1.07718e+00
422.000      1.03506e+00
423.000      9.55722e-01
424.000      8.42233e-01
425.000      7.05622e-01
426.000      5.60791e-01
427.000      4.22271e-01
428.000      3.01060e-01
429.000      2.03155e-01
430.000      1.29726e-01
431.000      7.83797e-02
432.000      4.48054e-02
433.000      2.42322e-02
434.000      1.23989e-02
435.000      6.00199e-03
436.000      2.74871e-03
437.000      1.19092e-03
438.000      4.88150e-04
439.000      1.89296e-04
440.000      6.94464e-05
441.000      2.41032e-05
442.000      7.91440e-06
443.000      2.45855e-06
444.000      7.22532e-07
445.000      2.00887e-07
446.000      5.28404e-08
447.000      1.31491e-08
448.000      3.09561e-09
449.000      6.89465e-10
450.000      1.45277e-10
451.000      2.89599e-11
452.000      5.46156e-12
453.000      9.74435e-13
454.000      1.64478e-13
455.000      2.62651e-14
456.000      3.96797e-15
457.000      5.67121e-16
458.000      7.66832e-17
459.000      9.80940e-18
460.000      1.18714e-18
461.000      1.35919e-19
462.000      1.47223e-20
463.000      1.50865e-21
464.000      1.46257e-22
465.000      1.34142e-23
466.000      1.16394e-24
467.000      9.55463e-26
468.000      7.42018e-27
469.000      5.45171e-28
470.000      3.78939e-29
471.000      2.49185e-30
472.000      1.55022e-31
473.000      9.12393e-33
474.000      5.08029e-34
475.000      2.67616e-35
476.000      1.33369e-36
477.000      6.28800e-38
478.000      2.80472e-39
479.000      1.18354e-40
480.000      4.72493e-42
481.000      1.78453e-43
482.000      6.37634e-45
483.000      2.15544e-46
484.000      6.89316e-48
485.000      2.08554e-49
486.000      5.96947e-51
487.000      1.61648e-52
488.000      4.14117e-54
489.000      1.00368e-55
490.000      2.30134e-57
491.000      4.99214e-59
492.000      1.02450e-60
493.000      1.98907e-62
494.000      3.65350e-64
495.000      6.34870e-66
496.000      1.04371e-67
497.000      1.62327e-69
498.000      2.38846e-71
499.000      3.32479e-73
500.000      4.37853e-75
