# Gaussian folded, width=10 cm^-1
# [cm^-1] arbitrary
0.000      3.00000e+00
1.000      2.91796e+00
2.000      2.68508e+00
3.000      2.33749e+00
4.000      1.92514e+00
5.000      1.50000e+00
6.000      1.10570e+00
7.000      7.71085e-01
8.000      5.08727e-01
9.000      3.17529e-01
10.000      1.87500e-01
11.000      1.04746e-01
12.000      5.53590e-02
13.000      2.76795e-02
14.000      1.30932e-02
15.000      5.85940e-03
16.000      2.48079e-03
17.000      9.93965e-04
18.000      3.77832e-04
19.000      1.39616e-04
20.000      6.11869e-05
21.000      6.31558e-05
22.000      1.48912e-04
23.000      4.09278e-04
24.000      1.09247e-03
25.000      2.77084e-03
26.000      6.66283e-03
27.000      1.51872e-02
28.000      3.28153e-02
29.000      6.72166e-02
30.000      1.30526e-01
31.000      2.40300e-01
32.000      4.19431e-01
33.000      6.94112e-01
34.000      1.08910e+00
35.000      1.62027e+00
36.000      2.28553e+00
37.000      3.05682e+00
38.000      3.87645e+00
39.000      4.66095e+00
40.000      5.31356e+00
41.000      5.74325e+00
42.000      5.88542e+00
43.000      5.71785e+00
44.000      5.26632e+00
45.000      4.59814e+00
46.000      3.80574e+00
47.000      2.98578e+00
48.000      2.22032e+00
49.000      1.56494e+00
50.000      1.04546e+00
51.000      6.62118e-01
52.000      3.97984e-01
53.000      2.28187e-01
54.000      1.27532e-01
55.000      7.54848e-02
56.000      5.87007e-02
57.000      7.18962e-02
58.000      1.17843e-01
59.000      2.06890e-01
60.000      3.55881e-01
61.000      5.85940e-01
62.000      9.18544e-01
63.000      1.36967e+00
64.000      1.94265e+00
65.000      2.62130e+00
66.000      3.36578e+00
67.000      4.11336e+00
68.000      4.78559e+00
69.000      5.30121e+00
70.000      5.59207e+00
71.000      5.61781e+00
72.000      5.37499e+00
73.000      4.89784e+00
74.000      4.25037e+00
75.000      3.51246e+00
76.000      2.76399e+00
77.000      2.07137e+00
78.000      1.47963e+00
79.000      1.01096e+00
80.000      6.68753e-01
81.000      4.45009e-01
82.000      3.28592e-01
83.000      3.12205e-01
84.000      3.96648e-01
85.000      5.91478e-01
86.000      9.11723e-01
87.000      1.37090e+00
88.000      1.97151e+00
89.000      2.69539e+00
90.000      3.49709e+00
91.000      4.30381e+00
92.000      5.02380e+00
93.000      5.56276e+00
94.000      5.84446e+00
95.000      5.82969e+00
96.000      5.52769e+00
97.000      4.99639e+00
98.000      4.33167e+00
99.000      3.64934e+00
100.000      3.06536e+00
101.000      2.67905e+00
102.000      2.56181e+00
103.000      2.75156e+00
104.000      3.25136e+00
105.000      4.03116e+00
106.000      5.03225e+00
107.000      6.17481e+00
108.000      7.36877e+00
109.000      8.52682e+00
110.000      9.57685e+00
111.000      1.04708e+01
112.000      1.11877e+01
113.000      1.17299e+01
114.000      1.21152e+01
115.000      1.23674e+01
116.000      1.25079e+01
117.000      1.25509e+01
118.000      1.25017e+01
119.000      1.23579e+01
120.000      1.21118e+01
121.000      1.17537e+01
122.000      1.12758e+01
123.000      1.06761e+01
124.000      9.96271e+00
125.000      9.15758e+00
126.000      8.29785e+00
127.000      7.43400e+00
128.000      6.62400e+00
129.000      5.92461e+00
130.000      5.38202e+00
131.000      5.02476e+00
132.000      4.86110e+00
133.000      4.88173e+00
134.000      5.06599e+00
135.000      5.38937e+00
136.000      5.82911e+00
137.000      6.36618e+00
138.000      6.98369e+00
139.000      7.66283e+00
140.000      8.37887e+00
141.000      9.09933e+00
142.000      9.78568e+00
143.000      1.03985e+01
144.000      1.09053e+01
145.000      1.12870e+01
146.000      1.15433e+01
147.000      1.16918e+01
148.000      1.17639e+01
149.000      1.17966e+01
150.000      1.18247e+01
151.000      1.18753e+01
152.000      1.19651e+01
153.000      1.21012e+01
154.000      1.22836e+01
155.000      1.25066e+01
156.000      1.27597e+01
157.000      1.30268e+01
158.000      1.32842e+01
159.000      1.35007e+01
160.000      1.36390e+01
161.000      1.36595e+01
162.000      1.35271e+01
163.000      1.32179e+01
164.000      1.27252e+01
165.000      1.20624e+01
166.000      1.12623e+01
167.000      1.03721e+01
168.000      9.44606e+00
169.000      8.53828e+00
170.000      7.69636e+00
171.000      6.95837e+00
172.000      6.35219e+00
173.000      5.89644e+00
174.000      5.60171e+00
175.000      5.47119e+00
176.000      5.50061e+00
177.000      5.67780e+00
178.000      5.98269e+00
179.000      6.38833e+00
180.000      6.86302e+00
181.000      7.37335e+00
182.000      7.88759e+00
183.000      8.37860e+00
184.000      8.82575e+00
185.000      9.21534e+00
186.000      9.53992e+00
187.000      9.79692e+00
188.000      9.98717e+00
189.000      1.01136e+01
190.000      1.01801e+01
191.000      1.01896e+01
192.000      1.01428e+01
193.000      1.00370e+01
194.000      9.86731e+00
195.000      9.63004e+00
196.000      9.32795e+00
197.000      8.97554e+00
198.000      8.60127e+00
199.000      8.24509e+00
200.000      7.95088e+00
201.000      7.75610e+00
202.000      7.68199e+00
203.000      7.72803e+00
204.000      7.87232e+00
205.000      8.07757e+00
206.000      8.30016e+00
207.000      8.49899e+00
208.000      8.64143e+00
209.000      8.70557e+00
210.000      8.67977e+00
211.000      8.56106e+00
212.000      8.35451e+00
213.000      8.07370e+00
214.000      7.74176e+00
215.000      7.39109e+00
216.000      7.06050e+00
217.000      6.78937e+00
218.000      6.60990e+00
219.000      6.53948e+00
220.000      6.57588e+00
221.000      6.69667e+00
222.000      6.86376e+00
223.000      7.03182e+00
224.000      7.15864e+00
225.000      7.21461e+00
226.000      7.18879e+00
227.000      7.09019e+00
228.000      6.94410e+00
229.000      6.78493e+00
230.000      6.64777e+00
231.000      6.56118e+00
232.000      6.54286e+00
233.000      6.59847e+00
234.000      6.72309e+00
235.000      6.90390e+00
236.000      7.12318e+00
237.000      7.36073e+00
238.000      7.59590e+00
239.000      7.80929e+00
240.000      7.98425e+00
241.000      8.10830e+00
242.000      8.17411e+00
243.000      8.18004e+00
244.000      8.13007e+00
245.000      8.03320e+00
246.000      7.90227e+00
247.000      7.75249e+00
248.000      7.59961e+00
249.000      7.45824e+00
250.000      7.34048e+00
251.000      7.25508e+00
252.000      7.20693e+00
253.000      7.19663e+00
254.000      7.21980e+00
255.000      7.26645e+00
256.000      7.32095e+00
257.000      7.36340e+00
258.000      7.37279e+00
259.000      7.33136e+00
260.000      7.22886e+00
261.000      7.06511e+00
262.000      6.85002e+00
263.000      6.60100e+00
264.000      6.33895e+00
265.000      6.08407e+00
266.000      5.85258e+00
267.000      5.65477e+00
268.000      5.49449e+00
269.000      5.36961e+00
270.000      5.27346e+00
271.000      5.19693e+00
272.000      5.13088e+00
273.000      5.06863e+00
274.000      5.00801e+00
275.000      4.95283e+00
276.000      4.91343e+00
277.000      4.90593e+00
278.000      4.94975e+00
279.000      5.06328e+00
280.000      5.25826e+00
281.000      5.53435e+00
282.000      5.87583e+00
283.000      6.25238e+00
284.000      6.62439e+00
285.000      6.95191e+00
286.000      7.20474e+00
287.000      7.37076e+00
288.000      7.45981e+00
289.000      7.50188e+00
290.000      7.53969e+00
291.000      7.61745e+00
292.000      7.76873e+00
293.000      8.00665e+00
294.000      8.31972e+00
295.000      8.67474e+00
296.000      9.02631e+00
297.000      9.32978e+00
298.000      9.55342e+00
299.000      9.68572e+00
300.000      9.73589e+00
301.000      9.72823e+00
302.000      9.69341e+00
303.000      9.66012e+00
304.000      9.64955e+00
305.000      9.67348e+00
306.000      9.73495e+00
307.000      9.83002e+00
308.000      9.94946e+00
309.000      1.00799e+01
310.000      1.02045e+01
311.000      1.03050e+01
312.000      1.03631e+01
313.000      1.03644e+01
314.000      1.03023e+01
315.000      1.01812e+01
316.000      1.00191e+01
317.000      9.84623e+00
318.000      9.70171e+00
319.000      9.62709e+00
320.000      9.65968e+00
321.000      9.82681e+00
322.000      1.01428e+01
323.000      1.06083e+01
324.000      1.12114e+01
325.000      1.19293e+01
326.000      1.27295e+01
327.000      1.35711e+01
328.000      1.44075e+01
329.000      1.51902e+01
330.000      1.58751e+01
331.000      1.64288e+01
332.000      1.68332e+01
333.000      1.70873e+01
334.000      1.72046e+01
335.000      1.72079e+01
336.000      1.71231e+01
337.000      1.69758e+01
338.000      1.67906e+01
339.000      1.65938e+01
340.000      1.64176e+01
341.000      1.63016e+01
342.000      1.62906e+01
343.000      1.64280e+01
344.000      1.67475e+01
345.000      1.72652e+01
346.000      1.79773e+01
347.000      1.88615e+01
348.000      1.98839e+01
349.000      2.10062e+01
350.000      2.21908e+01
351.000      2.34014e+01
352.000      2.45994e+01
353.000      2.57383e+01
354.000      2.67598e+01
355.000      2.75945e+01
356.000      2.81691e+01
357.000      2.84184e+01
358.000      2.82984e+01
359.000      2.77967e+01
360.000      2.69370e+01
361.000      2.57759e+01
362.000      2.43930e+01
363.000      2.28769e+01
364.000      2.13096e+01
365.000      1.97541e+01
366.000      1.82480e+01
367.000      1.68037e+01
368.000      1.54159e+01
369.000      1.40741e+01
370.000      1.27744e+01
371.000      1.15290e+01
372.000      1.03686e+01
373.000      9.33820e+00
374.000      8.48884e+00
375.000      7.86735e+00
376.000      7.50889e+00
377.000      7.43339e+00
378.000      7.64664e+00
379.000      8.14436e+00
380.000      8.91703e+00
381.000      9.95281e+00
382.000      1.12367e+01
383.000      1.27454e+01
384.000      1.44388e+01
385.000      1.62502e+01
386.000      1.80797e+01
387.000      1.97932e+01
388.000      2.12304e+01
389.000      2.22225e+01
390.000      2.26178e+01
391.000      2.23108e+01
392.000      2.12674e+01
393.000      1.95393e+01
394.000      1.72618e+01
395.000      1.46339e+01
396.000      1.18843e+01
397.000      9.23260e+00
398.000      6.85586e+00
399.000      4.86784e+00
400.000      3.31490e+00
401.000      2.18608e+00
402.000      1.43156e+00
403.000      9.82700e-01
404.000      7.68280e-01
405.000      7.24646e-01
406.000      7.99991e-01
407.000      9.54788e-01
408.000      1.16057e+00
409.000      1.39851e+00
410.000      1.65805e+00
411.000      1.93514e+00
412.000      2.22943e+00
413.000      2.54052e+00
414.000      2.86395e+00
415.000      3.18830e+00
416.000      3.49455e+00
417.000      3.75807e+00
418.000      3.95265e+00
419.000      4.05538e+00
420.000      4.05087e+00
421.000      3.93377e+00
422.000      3.70946e+00
423.000      3.39310e+00
424.000      3.00750e+00
425.000      2.58055e+00
426.000      2.14229e+00
427.000      1.72210e+00
428.000      1.34599e+00
429.000      1.03447e+00
430.000      8.01024e-01
431.000      6.51435e-01
432.000      5.83635e-01
433.000      5.88087e-01
434.000      6.48568e-01
435.000      7.43556e-01
436.000      8.48465e-01
437.000      9.38837e-01
438.000      9.94086e-01
439.000      1.00097e+00
440.000      9.55761e-01
441.000      8.64265e-01
442.000      7.39719e-01
443.000      5.99095e-01
444.000      4.59074e-01
445.000      3.32818e-01
446.000      2.28274e-01
447.000      1.48125e-01
448.000      9.09326e-02
449.000      5.28115e-02
450.000      2.90172e-02
451.000      1.50835e-02
452.000      7.41760e-03
453.000      3.45099e-03
454.000      1.51894e-03
455.000      6.32495e-04
456.000      2.49167e-04
457.000      9.28626e-05
458.000      3.27423e-05
459.000      1.09218e-05
460.000      3.44666e-06
461.000      1.02901e-06
462.000      2.90642e-07
463.000      7.76630e-08
464.000      1.96331e-08
465.000      4.69548e-09
466.000      1.06240e-09
467.000      2.27413e-10
468.000      4.60532e-11
469.000      8.82311e-12
470.000      1.59919e-12
471.000      2.74219e-13
472.000      4.44849e-14
473.000      6.82724e-15
474.000      9.91277e-16
475.000      1.36164e-16
476.000      1.76949e-17
477.000      2.17546e-18
478.000      2.53029e-19
479.000      2.78425e-20
480.000      2.89844e-21
481.000      2.85454e-22
482.000      2.65967e-23
483.000      2.34442e-24
484.000      1.95507e-25
485.000      1.54243e-26
486.000      1.15124e-27
487.000      8.12915e-29
488.000      5.43052e-30
489.000      3.43206e-31
490.000      2.05204e-32
491.000      1.16074e-33
492.000      6.21158e-35
493.000      3.14475e-36
494.000      1.50622e-37
495.000      6.82508e-39
496.000      2.92580e-40
497.000      1.18659e-41
498.000      4.55273e-43
499.000      1.65258e-44
500.000      5.67505e-46
