# Gaussian folded, width=10 cm^-1
# [cm^-1] arbitrary
0.000      3.00000e+00
1.000      2.91796e+00
2.000      2.68508e+00
3.000      2.33749e+00
4.000      1.92514e+00
5.000      1.50000e+00
6.000      1.10570e+00
7.000      7.71085e-01
8.000      5.08727e-01
9.000      3.17529e-01
10.000      1.87500e-01
11.000      1.04746e-01
12.000      5.53590e-02
13.000      2.76795e-02
14.000      1.30932e-02
15.000      5.85940e-03
16.000      2.48082e-03
17.000      9.94070e-04
18.000      3.78199e-04
19.000      1.40827e-04
20.000      6.49509e-05
21.000      7.41862e-05
22.000      1.79367e-04
23.000      4.88449e-04
24.000      1.28608e-03
25.000      3.21573e-03
26.000      7.62220e-03
27.000      1.71252e-02
28.000      3.64750e-02
29.000      7.36567e-02
30.000      1.41043e-01
31.000      2.56139e-01
32.000      4.41220e-01
33.000      7.21044e-01
34.000      1.11807e+00
35.000      1.64533e+00
36.000      2.29822e+00
37.000      3.04761e+00
38.000      3.83736e+00
39.000      4.58863e+00
40.000      5.21171e+00
41.000      5.62325e+00
42.000      5.76449e+00
43.000      5.61499e+00
44.000      5.19744e+00
45.000      4.57205e+00
46.000      3.82234e+00
47.000      3.03702e+00
48.000      2.29330e+00
49.000      1.64573e+00
50.000      1.12238e+00
51.000      7.27623e-01
52.000      4.48959e-01
53.000      2.65106e-01
54.000      1.53166e-01
55.000      9.37056e-02
56.000      7.36680e-02
57.000      8.76290e-02
58.000      1.37988e-01
59.000      2.34438e-01
60.000      3.92665e-01
61.000      6.31915e-01
62.000      9.71072e-01
63.000      1.42320e+00
64.000      1.98919e+00
65.000      2.65191e+00
66.000      3.37279e+00
67.000      4.09277e+00
68.000      4.73872e+00
69.000      5.23481e+00
70.000      5.51678e+00
71.000      5.54537e+00
72.000      5.31526e+00
73.000      4.85662e+00
74.000      4.22878e+00
75.000      3.50774e+00
76.000      2.77129e+00
77.000      2.08579e+00
78.000      1.49789e+00
79.000      1.03234e+00
80.000      6.95539e-01
81.000      4.82349e-01
82.000      3.83946e-01
83.000      3.94176e-01
84.000      5.12964e-01
85.000      7.46037e-01
86.000      1.10109e+00
87.000      1.58129e+00
88.000      2.17774e+00
89.000      2.86318e+00
90.000      3.58942e+00
91.000      4.29012e+00
92.000      4.88955e+00
93.000      5.31576e+00
94.000      5.51498e+00
95.000      5.46358e+00
96.000      5.17400e+00
97.000      4.69352e+00
98.000      4.09631e+00
99.000      3.47175e+00
100.000      2.91202e+00
101.000      2.50187e+00
102.000      2.31168e+00
103.000      2.39344e+00
104.000      2.77841e+00
105.000      3.47497e+00
106.000      4.46622e+00
107.000      5.70815e+00
108.000      7.12981e+00
109.000      8.63734e+00
110.000      1.01229e+01
111.000      1.14773e+01
112.000      1.26056e+01
113.000      1.34396e+01
114.000      1.39468e+01
115.000      1.41315e+01
116.000      1.40283e+01
117.000      1.36907e+01
118.000      1.31782e+01
119.000      1.25448e+01
120.000      1.18324e+01
121.000      1.10696e+01
122.000      1.02741e+01
123.000      9.45757e+00
124.000      8.63067e+00
125.000      7.80749e+00
126.000      7.00813e+00
127.000      6.25939e+00
128.000      5.59326e+00
129.000      5.04324e+00
130.000      4.63915e+00
131.000      4.40186e+00
132.000      4.33954e+00
133.000      4.44705e+00
134.000      4.70871e+00
135.000      5.10309e+00
136.000      5.60792e+00
137.000      6.20274e+00
138.000      6.86860e+00
139.000      7.58555e+00
140.000      8.32994e+00
141.000      9.07375e+00
142.000      9.78673e+00
143.000      1.04411e+01
144.000      1.10166e+01
145.000      1.15048e+01
146.000      1.19093e+01
147.000      1.22440e+01
148.000      1.25273e+01
149.000      1.27760e+01
150.000      1.29992e+01
151.000      1.31955e+01
152.000      1.33534e+01
153.000      1.34549e+01
154.000      1.34820e+01
155.000      1.34229e+01
156.000      1.32768e+01
157.000      1.30550e+01
158.000      1.27797e+01
159.000      1.24789e+01
160.000      1.21803e+01
161.000      1.19049e+01
162.000      1.16621e+01
163.000      1.14470e+01
164.000      1.12406e+01
165.000      1.10139e+01
166.000      1.07337e+01
167.000      1.03715e+01
168.000      9.91124e+00
169.000      9.35540e+00
170.000      8.72733e+00
171.000      8.06873e+00
172.000      7.43304e+00
173.000      6.87605e+00
174.000      6.44634e+00
175.000      6.17756e+00
176.000      6.08428e+00
177.000      6.16163e+00
178.000      6.38807e+00
179.000      6.73003e+00
180.000      7.14705e+00
181.000      7.59661e+00
182.000      8.03848e+00
183.000      8.43834e+00
184.000      8.77108e+00
185.000      9.02307e+00
186.000      9.19315e+00
187.000      9.29175e+00
188.000      9.33817e+00
189.000      9.35643e+00
190.000      9.37079e+00
191.000      9.40182e+00
192.000      9.46343e+00
193.000      9.56115e+00
194.000      9.69137e+00
195.000      9.84155e+00
196.000      9.99174e+00
197.000      1.01176e+01
198.000      1.01949e+01
199.000      1.02046e+01
200.000      1.01377e+01
201.000      9.99656e+00
202.000      9.79441e+00
203.000      9.55113e+00
204.000      9.28800e+00
205.000      9.02291e+00
206.000      8.76747e+00
207.000      8.52675e+00
208.000      8.30074e+00
209.000      8.08654e+00
210.000      7.88025e+00
211.000      7.67808e+00
212.000      7.47733e+00
213.000      7.27737e+00
214.000      7.08111e+00
215.000      6.89617e+00
216.000      6.73491e+00
217.000      6.61263e+00
218.000      6.54429e+00
219.000      6.54064e+00
220.000      6.60536e+00
221.000      6.73422e+00
222.000      6.91622e+00
223.000      7.13594e+00
224.000      7.37591e+00
225.000      7.61806e+00
226.000      7.84434e+00
227.000      8.03718e+00
228.000      8.18050e+00
229.000      8.26180e+00
230.000      8.27500e+00
231.000      8.22302e+00
232.000      8.11900e+00
233.000      7.98474e+00
234.000      7.84627e+00
235.000      7.72701e+00
236.000      7.64067e+00
237.000      7.58626e+00
238.000      7.54771e+00
239.000      7.49858e+00
240.000      7.41065e+00
241.000      7.26352e+00
242.000      7.05159e+00
243.000      6.78635e+00
244.000      6.49329e+00
245.000      6.20519e+00
246.000      5.95421e+00
247.000      5.76547e+00
248.000      5.65325e+00
249.000      5.61998e+00
250.000      5.65716e+00
251.000      5.74717e+00
252.000      5.86550e+00
253.000      5.98381e+00
254.000      6.07385e+00
255.000      6.11242e+00
256.000      6.08649e+00
257.000      5.99719e+00
258.000      5.86099e+00
259.000      5.70753e+00
260.000      5.57378e+00
261.000      5.49558e+00
262.000      5.49838e+00
263.000      5.58929e+00
264.000      5.75274e+00
265.000      5.95143e+00
266.000      6.13314e+00
267.000      6.24204e+00
268.000      6.23167e+00
269.000      6.07603e+00
270.000      5.77548e+00
271.000      5.35585e+00
272.000      4.86161e+00
273.000      4.34560e+00
274.000      3.85883e+00
275.000      3.44332e+00
276.000      3.12931e+00
277.000      2.93668e+00
278.000      2.87853e+00
279.000      2.96490e+00
280.000      3.20449e+00
281.000      3.60360e+00
282.000      4.16290e+00
283.000      4.87324e+00
284.000      5.71285e+00
285.000      6.64713e+00
286.000      7.63152e+00
287.000      8.61647e+00
288.000      9.55269e+00
289.000      1.03950e+01
290.000      1.11045e+01
291.000      1.16489e+01
292.000      1.20036e+01
293.000      1.21534e+01
294.000      1.20956e+01
295.000      1.18429e+01
296.000      1.14252e+01
297.000      1.08884e+01
298.000      1.02902e+01
299.000      9.69338e+00
300.000      9.15786e+00
301.000      8.73317e+00
302.000      8.45200e+00
303.000      8.32650e+00
304.000      8.34807e+00
305.000      8.49124e+00
306.000      8.72103e+00
307.000      9.00201e+00
308.000      9.30619e+00
309.000      9.61684e+00
310.000      9.92693e+00
311.000      1.02332e+01
312.000      1.05291e+01
313.000      1.07995e+01
314.000      1.10220e+01
315.000      1.11729e+01
316.000      1.12369e+01
317.000      1.12161e+01
318.000      1.11336e+01
319.000      1.10317e+01
320.000      1.09624e+01
321.000      1.09760e+01
322.000      1.11105e+01
323.000      1.13840e+01
324.000      1.17934e+01
325.000      1.23178e+01
326.000      1.29242e+01
327.000      1.35757e+01
328.000      1.42368e+01
329.000      1.48780e+01
330.000      1.54766e+01
331.000      1.60157e+01
332.000      1.64817e+01
333.000      1.68616e+01
334.000      1.71417e+01
335.000      1.73094e+01
336.000      1.73569e+01
337.000      1.72873e+01
338.000      1.71190e+01
339.000      1.68881e+01
340.000      1.66453e+01
341.000      1.64489e+01
342.000      1.63552e+01
343.000      1.64097e+01
344.000      1.66413e+01
345.000      1.70606e+01
346.000      1.76634e+01
347.000      1.84351e+01
348.000      1.93552e+01
349.000      2.03994e+01
350.000      2.15382e+01
351.000      2.27342e+01
352.000      2.39387e+01
353.000      2.50905e+01
354.000      2.61193e+01
355.000      2.69523e+01
356.000      2.75234e+01
357.000      2.77822e+01
358.000      2.77007e+01
359.000      2.72768e+01
360.000      2.65337e+01
361.000      2.55164e+01
362.000      2.42870e+01
363.000      2.29161e+01
364.000      2.14744e+01
365.000      2.00224e+01
366.000      1.86019e+01
367.000      1.72312e+01
368.000      1.59066e+01
369.000      1.46110e+01
370.000      1.33265e+01
371.000      1.20498e+01
372.000      1.08020e+01
373.000      9.63306e+00
374.000      8.61593e+00
375.000      7.83362e+00
376.000      7.36164e+00
377.000      7.25117e+00
378.000      7.51747e+00
379.000      8.13715e+00
380.000      9.05496e+00
381.000      1.01979e+01
382.000      1.14919e+01
383.000      1.28751e+01
384.000      1.43028e+01
385.000      1.57426e+01
386.000      1.71608e+01
387.000      1.85061e+01
388.000      1.96977e+01
389.000      2.06239e+01
390.000      2.11544e+01
391.000      2.11648e+01
392.000      2.05676e+01
393.000      1.93394e+01
394.000      1.75363e+01
395.000      1.52914e+01
396.000      1.27925e+01
397.000      1.02487e+01
398.000      7.85341e+00
399.000      5.75472e+00
400.000      4.04014e+00
401.000      2.73686e+00
402.000      1.82424e+00
403.000      1.25208e+00
404.000      9.58414e-01
405.000      8.82338e-01
406.000      9.70450e-01
407.000      1.17783e+00
408.000      1.46588e+00
409.000      1.79948e+00
410.000      2.14534e+00
411.000      2.47228e+00
412.000      2.75326e+00
413.000      2.96841e+00
414.000      3.10770e+00
415.000      3.17226e+00
416.000      3.17357e+00
417.000      3.13050e+00
418.000      3.06460e+00
419.000      2.99493e+00
420.000      2.93348e+00
421.000      2.88247e+00
422.000      2.83415e+00
423.000      2.77321e+00
424.000      2.68135e+00
425.000      2.54281e+00
426.000      2.34938e+00
427.000      2.10356e+00
428.000      1.81902e+00
429.000      1.51813e+00
430.000      1.22760e+00
431.000      9.73415e-01
432.000      7.76422e-01
433.000      6.49304e-01
434.000      5.95224e-01
435.000      6.07840e-01
436.000      6.72405e-01
437.000      7.67814e-01
438.000      8.69568e-01
439.000      9.53530e-01
440.000      9.99978e-01
441.000      9.97054e-01
442.000      9.42631e-01
443.000      8.43965e-01
444.000      7.15196e-01
445.000      5.73500e-01
446.000      4.35112e-01
447.000      3.12323e-01
448.000      2.12097e-01
449.000      1.36265e-01
450.000      8.28238e-02
451.000      4.76260e-02
452.000      2.59090e-02
453.000      1.33344e-02
454.000      6.49258e-03
455.000      2.99073e-03
456.000      1.30333e-03
457.000      5.37340e-04
458.000      2.09586e-04
459.000      7.73379e-05
460.000      2.69985e-05
461.000      8.91673e-06
462.000      2.78605e-06
463.000      8.23549e-07
464.000      2.30307e-07
465.000      6.09317e-08
466.000      1.52509e-08
467.000      3.61134e-09
468.000      8.09015e-10
469.000      1.71460e-10
470.000      3.43785e-11
471.000      6.52121e-12
472.000      1.17027e-12
473.000      1.98684e-13
474.000      3.19123e-14
475.000      4.84920e-15
476.000      6.97107e-16
477.000      9.48083e-17
478.000      1.21986e-17
479.000      1.48489e-18
480.000      1.70999e-19
481.000      1.86299e-20
482.000      1.92020e-21
483.000      1.87240e-22
484.000      1.72730e-23
485.000      1.50750e-24
486.000      1.24469e-25
487.000      9.72265e-27
488.000      7.18498e-28
489.000      5.02324e-29
490.000      3.32246e-30
491.000      2.07899e-31
492.000      1.23073e-32
493.000      6.89275e-34
494.000      3.65207e-35
495.000      1.83064e-36
496.000      8.68129e-38
497.000      3.89478e-39
498.000      1.65310e-40
499.000      6.63795e-42
500.000      2.52166e-43
