# Gaussian folded, width=10 cm^-1
# [cm^-1] arbitrary
0.000      3.00000e+00
1.000      2.91796e+00
2.000      2.68508e+00
3.000      2.33749e+00
4.000      1.92514e+00
5.000      1.50000e+00
6.000      1.10570e+00
7.000      7.71085e-01
8.000      5.08727e-01
9.000      3.17529e-01
10.000      1.87500e-01
11.000      1.04746e-01
12.000      5.53590e-02
13.000      2.76796e-02
14.000      1.30934e-02
15.000      5.86023e-03
16.000      2.48377e-03
17.000      1.00407e-03
18.000      4.10221e-04
19.000      2.37906e-04
20.000      3.43424e-04
21.000      8.29907e-04
22.000      2.11934e-03
23.000      5.19829e-03
24.000      1.20977e-02
25.000      2.66758e-02
26.000      5.57239e-02
27.000      1.10276e-01
28.000      2.06752e-01
29.000      3.67248e-01
30.000      6.18046e-01
31.000      9.85472e-01
32.000      1.48881e+00
33.000      2.13115e+00
34.000      2.89052e+00
35.000      3.71475e+00
36.000      4.52354e+00
37.000      5.21947e+00
38.000      5.70654e+00
39.000      5.91179e+00
40.000      5.80312e+00
41.000      5.39756e+00
42.000      4.75689e+00
43.000      3.97221e+00
44.000      3.14285e+00
45.000      2.35619e+00
46.000      1.67402e+00
47.000      1.12788e+00
48.000      7.22520e-01
49.000      4.44403e-01
50.000      2.71800e-01
51.000      1.83636e-01
52.000      1.65694e-01
53.000      2.13885e-01
54.000      3.34814e-01
55.000      5.43840e-01
56.000      8.60673e-01
57.000      1.30261e+00
58.000      1.87601e+00
59.000      2.56780e+00
60.000      3.33932e+00
61.000      4.12574e+00
62.000      4.84268e+00
63.000      5.40014e+00
64.000      5.72070e+00
65.000      5.75708e+00
66.000      5.50352e+00
67.000      4.99736e+00
68.000      4.31006e+00
69.000      3.53080e+00
70.000      2.74798e+00
71.000      2.03384e+00
72.000      1.43608e+00
73.000      9.77319e-01
74.000      6.60748e-01
75.000      4.79020e-01
76.000      4.23050e-01
77.000      4.88228e-01
78.000      6.76607e-01
79.000      9.94714e-01
80.000      1.44764e+00
81.000      2.03094e+00
82.000      2.72269e+00
83.000      3.47849e+00
84.000      4.23194e+00
85.000      4.90199e+00
86.000      5.40660e+00
87.000      5.67984e+00
88.000      5.68790e+00
89.000      5.43966e+00
90.000      4.98844e+00
91.000      4.42474e+00
92.000      3.86200e+00
93.000      3.41934e+00
94.000      3.20500e+00
95.000      3.30316e+00
96.000      3.76483e+00
97.000      4.60256e+00
98.000      5.78851e+00
99.000      7.25602e+00
100.000      8.90528e+00
101.000      1.06138e+01
102.000      1.22506e+01
103.000      1.36932e+01
104.000      1.48423e+01
105.000      1.56328e+01
106.000      1.60379e+01
107.000      1.60662e+01
108.000      1.57535e+01
109.000      1.51523e+01
110.000      1.43220e+01
111.000      1.33220e+01
112.000      1.22091e+01
113.000      1.10370e+01
114.000      9.85688e+00
115.000      8.71714e+00
116.000      7.66146e+00
117.000      6.72508e+00
118.000      5.93150e+00
119.000      5.29159e+00
120.000      4.80618e+00
121.000      4.47216e+00
122.000      4.29001e+00
123.000      4.27011e+00
124.000      4.43487e+00
125.000      4.81507e+00
126.000      5.44054e+00
127.000      6.32756e+00
128.000      7.46656e+00
129.000      8.81437e+00
130.000      1.02942e+01
131.000      1.18048e+01
132.000      1.32366e+01
133.000      1.44921e+01
134.000      1.55030e+01
135.000      1.62414e+01
136.000      1.67189e+01
137.000      1.69773e+01
138.000      1.70711e+01
139.000      1.70492e+01
140.000      1.69411e+01
141.000      1.67524e+01
142.000      1.64685e+01
143.000      1.60662e+01
144.000      1.55264e+01
145.000      1.48451e+01
146.000      1.40381e+01
147.000      1.31395e+01
148.000      1.21954e+01
149.000      1.12556e+01
150.000      1.03655e+01
151.000      9.55999e+00
152.000      8.86047e+00
153.000      8.27488e+00
154.000      7.80014e+00
155.000      7.42640e+00
156.000      7.14209e+00
157.000      6.93842e+00
158.000      6.81230e+00
159.000      6.76696e+00
160.000      6.81022e+00
161.000      6.95115e+00
162.000      7.19636e+00
163.000      7.54696e+00
164.000      7.99666e+00
165.000      8.53117e+00
166.000      9.12828e+00
167.000      9.75885e+00
168.000      1.03885e+01
169.000      1.09808e+01
170.000      1.15017e+01
171.000      1.19247e+01
172.000      1.22348e+01
173.000      1.24305e+01
174.000      1.25218e+01
175.000      1.25256e+01
176.000      1.24604e+01
177.000      1.23408e+01
178.000      1.21770e+01
179.000      1.19753e+01
180.000      1.17424e+01
181.000      1.14877e+01
182.000      1.12239e+01
183.000      1.09646e+01
184.000      1.07199e+01
185.000      1.04932e+01
186.000      1.02814e+01
187.000      1.00782e+01
188.000      9.88084e+00
189.000      9.69508e+00
190.000      9.53768e+00
191.000      9.43335e+00
192.000      9.40772e+00
193.000      9.47895e+00
194.000      9.65138e+00
195.000      9.91344e+00
196.000      1.02406e+01
197.000      1.06016e+01
198.000      1.09652e+01
199.000      1.13055e+01
200.000      1.16033e+01
201.000      1.18445e+01
202.000      1.20167e+01
203.000      1.21052e+01
204.000      1.20926e+01
205.000      1.19593e+01
206.000      1.16891e+01
207.000      1.12747e+01
208.000      1.07230e+01
209.000      1.00585e+01
210.000      9.32142e+00
211.000      8.56314e+00
212.000      7.83793e+00
213.000      7.19473e+00
214.000      6.67049e+00
215.000      6.28674e+00
216.000      6.04977e+00
217.000      5.95360e+00
218.000      5.98436e+00
219.000      6.12454e+00
220.000      6.35608e+00
221.000      6.66182e+00
222.000      7.02564e+00
223.000      7.43229e+00
224.000      7.86767e+00
225.000      8.32017e+00
226.000      8.78274e+00
227.000      9.25457e+00
228.000      9.74110e+00
229.000      1.02513e+01
230.000      1.07922e+01
231.000      1.13630e+01
232.000      1.19489e+01
233.000      1.25196e+01
234.000      1.30312e+01
235.000      1.34340e+01
236.000      1.36824e+01
237.000      1.37458e+01
238.000      1.36165e+01
239.000      1.33133e+01
240.000      1.28783e+01
241.000      1.23700e+01
242.000      1.18525e+01
243.000      1.13841e+01
244.000      1.10081e+01
245.000      1.07468e+01
246.000      1.06007e+01
247.000      1.05507e+01
248.000      1.05650e+01
249.000      1.06075e+01
250.000      1.06457e+01
251.000      1.06568e+01
252.000      1.06301e+01
253.000      1.05665e+01
254.000      1.04743e+01
255.000      1.03645e+01
256.000      1.02468e+01
257.000      1.01273e+01
258.000      1.00094e+01
259.000      9.89635e+00
260.000      9.79519e+00
261.000      9.71865e+00
262.000      9.68472e+00
263.000      9.71273e+00
264.000      9.81675e+00
265.000      9.99851e+00
266.000      1.02421e+01
267.000      1.05127e+01
268.000      1.07605e+01
269.000      1.09291e+01
270.000      1.09670e+01
271.000      1.08394e+01
272.000      1.05380e+01
273.000      1.00850e+01
274.000      9.53151e+00
275.000      8.94757e+00
276.000      8.40819e+00
277.000      7.97698e+00
278.000      7.69316e+00
279.000      7.56555e+00
280.000      7.57533e+00
281.000      7.68597e+00
282.000      7.85651e+00
283.000      8.05308e+00
284.000      8.25511e+00
285.000      8.45501e+00
286.000      8.65280e+00
287.000      8.84869e+00
288.000      9.03657e+00
289.000      9.20047e+00
290.000      9.31468e+00
291.000      9.34721e+00
292.000      9.26549e+00
293.000      9.04310e+00
294.000      8.66591e+00
295.000      8.13618e+00
296.000      7.47358e+00
297.000      6.71311e+00
298.000      5.90059e+00
299.000      5.08705e+00
300.000      4.32318e+00
301.000      3.65450e+00
302.000      3.11744e+00
303.000      2.73652e+00
304.000      2.52268e+00
305.000      2.47313e+00
306.000      2.57292e+00
307.000      2.79802e+00
308.000      3.11925e+00
309.000      3.50655e+00
310.000      3.93299e+00
311.000      4.37822e+00
312.000      4.83134e+00
313.000      5.29258e+00
314.000      5.77309e+00
315.000      6.29213e+00
316.000      6.87145e+00
317.000      7.52759e+00
318.000      8.26420e+00
319.000      9.06686e+00
320.000      9.90257e+00
321.000      1.07249e+01
322.000      1.14833e+01
323.000      1.21341e+01
324.000      1.26496e+01
325.000      1.30218e+01
326.000      1.32613e+01
327.000      1.33913e+01
328.000      1.34390e+01
329.000      1.34287e+01
330.000      1.33770e+01
331.000      1.32917e+01
332.000      1.31748e+01
333.000      1.30285e+01
334.000      1.28611e+01
335.000      1.26929e+01
336.000      1.25590e+01
337.000      1.25078e+01
338.000      1.25944e+01
339.000      1.28703e+01
340.000      1.33717e+01
341.000      1.41096e+01
342.000      1.50647e+01
343.000      1.61895e+01
344.000      1.74162e+01
345.000      1.86693e+01
346.000      1.98780e+01
347.000      2.09848e+01
348.000      2.19483e+01
349.000      2.27412e+01
350.000      2.33442e+01
351.000      2.37408e+01
352.000      2.39145e+01
353.000      2.38501e+01
354.000      2.35377e+01
355.000      2.29776e+01
356.000      2.21840e+01
357.000      2.11866e+01
358.000      2.00284e+01
359.000      1.87624e+01
360.000      1.74461e+01
361.000      1.61351e+01
362.000      1.48770e+01
363.000      1.37068e+01
364.000      1.26439e+01
365.000      1.16930e+01
366.000      1.08474e+01
367.000      1.00947e+01
368.000      9.42252e+00
369.000      8.82288e+00
370.000      8.29408e+00
371.000      7.84040e+00
372.000      7.47011e+00
373.000      7.19304e+00
374.000      7.01887e+00
375.000      6.95627e+00
376.000      7.01290e+00
377.000      7.19517e+00
378.000      7.50676e+00
379.000      7.94519e+00
380.000      8.49650e+00
381.000      9.12951e+00
382.000      9.79192e+00
383.000      1.04110e+01
384.000      1.09008e+01
385.000      1.11753e+01
386.000      1.11657e+01
387.000      1.08370e+01
388.000      1.01981e+01
389.000      9.30288e+00
390.000      8.23985e+00
391.000      7.11464e+00
392.000      6.02944e+00
393.000      5.06578e+00
394.000      4.27455e+00
395.000      3.67469e+00
396.000      3.25885e+00
397.000      3.00273e+00
398.000      2.87448e+00
399.000      2.84182e+00
400.000      2.87594e+00
401.000      2.95258e+00
402.000      3.05159e+00
403.000      3.15581e+00
404.000      3.25000e+00
405.000      3.32002e+00
406.000      3.35248e+00
407.000      3.33494e+00
408.000      3.25704e+00
409.000      3.11268e+00
410.000      2.90282e+00
411.000      2.63771e+00
412.000      2.33730e+00
413.000      2.02897e+00
414.000      1.74249e+00
415.000      1.50354e+00
416.000      1.32771e+00
417.000      1.21694e+00
418.000      1.15953e+00
419.000      1.13390e+00
420.000      1.11467e+00
421.000      1.07940e+00
422.000      1.01379e+00
423.000      9.14058e-01
424.000      7.86221e-01
425.000      6.42796e-01
426.000      4.98492e-01
427.000      3.66264e-01
428.000      2.54801e-01
429.000      1.67772e-01
430.000      1.04536e-01
431.000      6.16294e-02
432.000      3.43766e-02
433.000      1.81415e-02
434.000      9.05758e-03
435.000      4.27833e-03
436.000      1.91187e-03
437.000      8.08277e-04
438.000      3.23282e-04
439.000      1.22326e-04
440.000      4.37903e-05
441.000      1.48304e-05
442.000      4.75166e-06
443.000      1.44031e-06
444.000      4.13032e-07
445.000      1.12055e-07
446.000      2.87602e-08
447.000      6.98350e-09
448.000      1.60425e-09
449.000      3.48649e-10
450.000      7.16839e-11
451.000      1.39435e-11
452.000      2.56591e-12
453.000      4.46712e-13
454.000      7.35753e-14
455.000      1.14645e-14
456.000      1.69002e-15
457.000      2.35695e-16
458.000      3.10974e-17
459.000      3.88165e-18
460.000      4.58380e-19
461.000      5.12098e-20
462.000      5.41250e-21
463.000      5.41203e-22
464.000      5.11965e-23
465.000      4.58182e-24
466.000      3.87930e-25
467.000      3.10732e-26
468.000      2.35470e-27
469.000      1.68812e-28
470.000      1.14496e-29
471.000      7.34672e-31
472.000      4.45979e-32
473.000      2.56125e-33
474.000      1.39158e-34
475.000      7.15290e-36
476.000      3.47835e-37
477.000      1.60023e-38
478.000      6.96480e-40
479.000      2.86783e-41
480.000      1.11716e-42
481.000      4.11712e-44
482.000      1.43546e-45
483.000      4.73483e-47
484.000      1.47753e-48
485.000      4.36201e-50
486.000      1.21830e-51
487.000      3.21913e-53
488.000      8.04713e-55
489.000      1.90310e-56
490.000      4.25793e-58
491.000      9.01268e-60
492.000      1.80479e-61
493.000      3.41914e-63
494.000      6.12809e-65
495.000      1.03908e-66
496.000      1.66684e-68
497.000      2.52962e-70
498.000      3.63190e-72
499.000      4.93321e-74
500.000      6.33933e-76
