3.000000000000000000e+00
2.917959999999999887e+00
2.685080000000000133e+00
2.337489999999999846e+00
1.925140000000000073e+00
1.500000000000000000e+00
1.105699999999999905e+00
7.710850000000000204e-01
5.087270000000000403e-01
3.175290000000000057e-01
1.875000000000000000e-01
1.047460000000000058e-01
5.535899999999999849e-02
2.767949999999999924e-02
1.309319999999999928e-02
5.859379999999999970e-03
2.480700000000000179e-03
9.936079999999999912e-04
3.765110000000000006e-04
1.349950000000000043e-04
4.586579999999999715e-05
1.504539999999999998e-05
5.811989999999999728e-06
6.124819999999999916e-06
1.675099999999999937e-05
5.263389999999999763e-05
1.592590000000000010e-04
4.565449999999999869e-04
1.238310000000000062e-03
3.177609999999999983e-03
7.714129999999999598e-03
1.771709999999999952e-02
3.849589999999999956e-02
7.913240000000000551e-02
1.538899999999999990e-01
2.831310000000000215e-01
4.928100000000000258e-01
8.115029999999999744e-01
1.264210000000000056e+00
1.863220000000000098e+00
2.597919999999999785e+00
3.426950000000000163e+00
4.276670000000000194e+00
5.049190000000000289e+00
5.639689999999999870e+00
5.959450000000000358e+00
5.957650000000000112e+00
5.634579999999999700e+00
5.041559999999999597e+00
4.267629999999999590e+00
3.417640000000000011e+00
2.589300000000000157e+00
1.855909999999999949e+00
1.258490000000000109e+00
8.073439999999999506e-01
4.899890000000000079e-01
2.813439999999999830e-01
1.528400000000000036e-01
7.858779999999999932e-02
3.833799999999999708e-02
1.800749999999999920e-02
8.851049999999999196e-03
6.252350000000000269e-03
8.776650000000000423e-03
1.781860000000000041e-02
3.794480000000000075e-02
7.783479999999999566e-02
1.514909999999999868e-01
2.790739999999999887e-01
4.864100000000000090e-01
8.020639999999999992e-01
1.251219999999999999e+00
1.846619999999999928e+00
2.578320000000000167e+00
3.405769999999999964e+00
4.256090000000000373e+00
5.031810000000000116e+00
5.628009999999999735e+00
5.955300000000000260e+00
5.961689999999999934e+00
5.646160000000000068e+00
5.058880000000000265e+00
4.288190000000000168e+00
3.438839999999999897e+00
2.608989999999999920e+00
1.872730000000000006e+00
1.272010000000000085e+00
8.181429999999999536e-01
4.997869999999999813e-01
2.935579999999999856e-01
1.738659999999999928e-01
1.201900000000000052e-01
1.214429999999999954e-01
1.779010000000000036e-01
3.011539999999999773e-01
5.120839999999999836e-01
8.363629999999999676e-01
1.297039999999999971e+00
1.904630000000000045e+00
2.646510000000000140e+00
3.479179999999999939e+00
4.327160000000000117e+00
5.091510000000000424e+00
5.667729999999999713e+00
5.968829999999999636e+00
5.946869999999999656e+00
5.605419999999999625e+00
4.998700000000000365e+00
4.217570000000000263e+00
3.367570000000000174e+00
2.546440000000000037e+00
1.828009999999999913e+00
1.256070000000000020e+00
8.481610000000000538e-01
6.061239999999999961e-01
5.289620000000000433e-01
6.239040000000000141e-01
9.124179999999999513e-01
1.429189999999999960e+00
2.213350000000000151e+00
3.293070000000000164e+00
4.666929999999999801e+00
6.287810000000000343e+00
8.056499999999999773e+00
9.830529999999999546e+00
1.144929999999999914e+01
1.277020000000000088e+01
1.370320000000000071e+01
1.423310000000000031e+01
1.441690000000000005e+01
1.435919999999999952e+01
1.417210000000000036e+01
1.393570000000000064e+01
1.367409999999999926e+01
1.335379999999999967e+01
1.290360000000000085e+01
1.224770000000000003e+01
1.133760000000000012e+01
1.017379999999999995e+01
8.810539999999999594e+00
7.344820000000000348e+00
5.894779999999999909e+00
4.575820000000000221e+00
3.480640000000000178e+00
2.667339999999999822e+00
2.155930000000000124e+00
1.931230000000000002e+00
1.949559999999999960e+00
2.147390000000000132e+00
2.451540000000000052e+00
2.791399999999999881e+00
3.112789999999999946e+00
3.391659999999999897e+00
3.643660000000000121e+00
3.924949999999999939e+00
4.321039999999999992e+00
4.923510000000000275e+00
5.799050000000000260e+00
6.959629999999999761e+00
8.344219999999999970e+00
9.821519999999999584e+00
1.121690000000000076e+01
1.235890000000000022e+01
1.313090000000000046e+01
1.351120000000000054e+01
1.358419999999999916e+01
1.351660000000000039e+01
1.350430000000000064e+01
1.370790000000000042e+01
1.419890000000000008e+01
1.493629999999999924e+01
1.578139999999999965e+01
1.654500000000000171e+01
1.704879999999999995e+01
1.717909999999999826e+01
1.691489999999999938e+01
1.632110000000000127e+01
1.551399999999999935e+01
1.461430000000000007e+01
1.370640000000000036e+01
1.281750000000000078e+01
1.192290000000000028e+01
1.096969999999999956e+01
9.908910000000000551e+00
8.721189999999999998e+00
7.428829999999999600e+00
6.091050000000000075e+00
4.787149999999999572e+00
3.595289999999999875e+00
2.574629999999999974e+00
1.755749999999999922e+00
1.140600000000000058e+00
7.095320000000000515e-01
4.319930000000000159e-01
2.770770000000000177e-01
2.217770000000000019e-01
2.558719999999999883e-01
3.833690000000000153e-01
6.206270000000000397e-01
9.913349999999999662e-01
1.518809999999999993e+00
2.216920000000000002e+00
3.082120000000000193e+00
4.089830000000000076e+00
5.197630000000000194e+00
6.355400000000000382e+00
7.518729999999999691e+00
8.659169999999999590e+00
9.764680000000000248e+00
1.082789999999999964e+01
1.182590000000000074e+01
1.270250000000000057e+01
1.336309999999999931e+01
1.369050000000000011e+01
1.357809999999999917e+01
1.296860000000000035e+01
1.188289999999999935e+01
1.042689999999999984e+01
8.771940000000000737e+00
7.118190000000000239e+00
5.651939999999999742e+00
4.511120000000000019e+00
3.766379999999999839e+00
3.418870000000000076e+00
3.410930000000000017e+00
3.644120000000000026e+00
3.999830000000000219e+00
4.359219999999999651e+00
4.620580000000000354e+00
4.712489999999999846e+00
4.601149999999999629e+00
4.290949999999999598e+00
3.818309999999999871e+00
3.240450000000000053e+00
2.621900000000000119e+00
2.021980000000000111e+00
1.485719999999999930e+00
1.039740000000000109e+00
6.927020000000000399e-01
4.391229999999999856e-01
2.647430000000000061e-01
1.517179999999999918e-01
8.260549999999999837e-02
4.270970000000000322e-02
2.096019999999999828e-02
9.759639999999999982e-03
4.310010000000000403e-03
1.804599999999999954e-03
7.161659999999999597e-04
2.693349999999999954e-04
9.604420000000000448e-05
3.276659999999999897e-05
1.176280000000000027e-05
7.960989999999999820e-06
1.646440000000000113e-05
4.770539999999999899e-05
1.369700000000000117e-04
3.736820000000000181e-04
9.650499999999999573e-04
2.358620000000000074e-03
5.455920000000000387e-03
1.194699999999999929e-02
2.477100000000000135e-02
4.864990000000000286e-02
9.055330000000000323e-02
1.598569999999999991e-01
2.679239999999999955e-01
4.269379999999999842e-01
6.480770000000000142e-01
9.395080000000000098e-01
1.304939999999999989e+00
1.743409999999999904e+00
2.250309999999999810e+00
2.818880000000000052e+00
3.440549999999999997e+00
4.102699999999999569e+00
4.784110000000000085e+00
5.450099999999999945e+00
6.051440000000000374e+00
6.530739999999999768e+00
6.837379999999999569e+00
6.947879999999999612e+00
6.884789999999999743e+00
6.725740000000000052e+00
6.596849999999999881e+00
6.649399999999999977e+00
7.024720000000000297e+00
7.816830000000000389e+00
9.043269999999999698e+00
1.063310000000000066e+01
1.243560000000000088e+01
1.424799999999999933e+01
1.585369999999999990e+01
1.706259999999999977e+01
1.774309999999999832e+01
1.784049999999999869e+01
1.738329999999999842e+01
1.647650000000000148e+01
1.528790000000000049e+01
1.402640000000000065e+01
1.291130000000000067e+01
1.213550000000000040e+01
1.182429999999999914e+01
1.200239999999999974e+01
1.257820000000000071e+01
1.335740000000000016e+01
1.408520000000000039e+01
1.450990000000000002e+01
1.444950000000000045e+01
1.384229999999999983e+01
1.276670000000000016e+01
1.142549999999999955e+01
1.010139999999999993e+01
9.097989999999999355e+00
8.680149999999999366e+00
9.026989999999999625e+00
1.020159999999999911e+01
1.213990000000000080e+01
1.465859999999999985e+01
1.748000000000000043e+01
2.027329999999999899e+01
2.270459999999999923e+01
2.448920000000000030e+01
2.543349999999999866e+01
2.545929999999999893e+01
2.460620000000000118e+01
2.301529999999999987e+01
2.090099999999999980e+01
1.852110000000000056e+01
1.614799999999999969e+01
1.404519999999999946e+01
1.244570000000000043e+01
1.152960000000000029e+01
1.140150000000000041e+01
1.207119999999999926e+01
1.344229999999999947e+01
1.531750000000000078e+01
1.742190000000000083e+01
1.944450000000000145e+01
2.108920000000000172e+01
2.212409999999999854e+01
2.241799999999999926e+01
2.195619999999999905e+01
2.083360000000000056e+01
1.922850000000000037e+01
1.736680000000000135e+01
1.548419999999999952e+01
1.379640000000000022e+01
1.248029999999999973e+01
1.166789999999999949e+01
1.144640000000000057e+01
1.186219999999999963e+01
1.292040000000000077e+01
1.458150000000000013e+01
1.675529999999999831e+01
1.929899999999999949e+01
2.202469999999999928e+01
2.471900000000000119e+01
2.717249999999999943e+01
2.921379999999999910e+01
3.073750000000000071e+01
3.171859999999999857e+01
3.220709999999999695e+01
3.230409999999999826e+01
3.212290000000000134e+01
3.174899999999999878e+01
3.121020000000000039e+01
3.046799999999999997e+01
2.943540000000000134e+01
2.801360000000000028e+01
2.613749999999999929e+01
2.381119999999999948e+01
2.112199999999999989e+01
1.822939999999999827e+01
1.533319999999999972e+01
1.263499999999999979e+01
1.030480000000000018e+01
8.463089999999999336e+00
7.179879999999999818e+00
6.485979999999999634e+00
6.388399999999999856e+00
6.880670000000000286e+00
7.942639999999999922e+00
9.530049999999999244e+00
1.156029999999999980e+01
1.390460000000000029e+01
1.639669999999999916e+01
1.885989999999999966e+01
2.114679999999999893e+01
2.317449999999999832e+01
2.493870000000000076e+01
2.649330000000000140e+01
2.790099999999999980e+01
2.917289999999999850e+01
3.022510000000000119e+01
3.087569999999999837e+01
3.088810000000000144e+01
3.004820000000000135e+01
2.824439999999999884e+01
2.552009999999999934e+01
2.207750000000000057e+01
1.823410000000000153e+01
1.434820000000000029e+01
1.074140000000000050e+01
7.642629999999999590e+00
5.164539999999999687e+00
3.312910000000000021e+00
2.016579999999999817e+00
1.164469999999999894e+00
6.377570000000000183e-01
3.312240000000000184e-01
1.631080000000000030e-01
7.616520000000000234e-02
3.377220000000000222e-02
1.436690000000000016e-02
6.278220000000000155e-03
3.872669999999999932e-03
5.172859999999999611e-03
1.076530000000000022e-02
2.373729999999999937e-02
5.039609999999999923e-02
1.014800000000000008e-01
1.933930000000000093e-01
3.486920000000000019e-01
5.947879999999999834e-01
9.598459999999999770e-01
1.465410000000000101e+00
2.116569999999999840e+00
2.892170000000000130e+00
3.738809999999999967e+00
4.572569999999999801e+00
5.290600000000000414e+00
5.791179999999999772e+00
5.997180000000000177e+00
5.875490000000000101e+00
5.445780000000000065e+00
4.775249999999999773e+00
3.961460000000000203e+00
3.109249999999999847e+00
2.309140000000000192e+00
1.623369999999999980e+00
1.081839999999999913e+00
6.865980000000000416e-01
4.212819999999999898e-01
2.614850000000000230e-01
1.829500000000000015e-01
1.662589999999999901e-01
1.980119999999999936e-01
2.693869999999999876e-01
3.732790000000000274e-01
5.012790000000000301e-01
6.415769999999999529e-01
7.785689999999999555e-01
8.944370000000000376e-01
9.723119999999999541e-01
1.000010000000000066e+00
9.730330000000000368e-01
8.957169999999999854e-01
7.800679999999999836e-01
6.427059999999999995e-01
5.009670000000000512e-01
3.694230000000000014e-01
2.577249999999999819e-01
1.701010000000000022e-01
1.062120000000000009e-01
6.274209999999999510e-02
3.506410000000000082e-02
1.853880000000000111e-02
9.273009999999999933e-03
4.388099999999999813e-03
1.964490000000000160e-03
8.320320000000000190e-04
3.333869999999999846e-04
1.263790000000000041e-04
4.532289999999999935e-05
1.537729999999999929e-05
4.935810000000000097e-06
1.498839999999999993e-06
4.305950000000000252e-07
1.170309999999999976e-07
3.009189999999999697e-08
7.320090000000000103e-09
1.684610000000000038e-09
3.667770000000000250e-10
7.554790000000000285e-11
1.472170000000000098e-11
2.714029999999999897e-12
4.733549999999999556e-13
7.810459999999999518e-14
1.219230000000000053e-14
1.800569999999999989e-15
2.515659999999999940e-16
3.325159999999999954e-17
4.158059999999999736e-18
4.919109999999999820e-19
5.505530000000000086e-20
5.829489999999999826e-21
5.839539999999999897e-22
5.534070000000000228e-23
4.961670000000000012e-24
4.208519999999999619e-25
