# Gaussian folded, width=10 cm^-1
# [cm^-1] arbitrary
0.000      3.00000e+00
1.000      2.91796e+00
2.000      2.68508e+00
3.000      2.33749e+00
4.000      1.92514e+00
5.000      1.50000e+00
6.000      1.10570e+00
7.000      7.71085e-01
8.000      5.08727e-01
9.000      3.17529e-01
10.000      1.87500e-01
11.000      1.04746e-01
12.000      5.53590e-02
13.000      2.76795e-02
14.000      1.30932e-02
15.000      5.85940e-03
16.000      2.48081e-03
17.000      9.94054e-04
18.000      3.78147e-04
19.000      1.40669e-04
20.000      6.45009e-05
21.000      7.29955e-05
22.000      1.76442e-04
23.000      4.81815e-04
24.000      1.27233e-03
25.000      3.19012e-03
26.000      7.58077e-03
27.000      1.70719e-02
28.000      3.64381e-02
29.000      7.37206e-02
30.000      1.41397e-01
31.000      2.57143e-01
32.000      4.43464e-01
33.000      7.25368e-01
34.000      1.12551e+00
35.000      1.65692e+00
36.000      2.31469e+00
37.000      3.06902e+00
38.000      3.86273e+00
39.000      4.61585e+00
40.000      5.23770e+00
41.000      5.64452e+00
42.000      5.77787e+00
43.000      5.61844e+00
44.000      5.19055e+00
45.000      4.55609e+00
46.000      3.79991e+00
47.000      3.01140e+00
48.000      2.26765e+00
49.000      1.62251e+00
50.000      1.10309e+00
51.000      7.12748e-01
52.000      4.38193e-01
53.000      2.57655e-01
54.000      1.48021e-01
55.000      8.98477e-02
56.000      7.02069e-02
57.000      8.39162e-02
58.000      1.33752e-01
59.000      2.29958e-01
60.000      3.88935e-01
61.000      6.30681e-01
62.000      9.74591e-01
63.000      1.43364e+00
64.000      2.00769e+00
65.000      2.67766e+00
66.000      3.40245e+00
67.000      4.12077e+00
68.000      4.75848e+00
69.000      5.24068e+00
70.000      5.50595e+00
71.000      5.51903e+00
72.000      5.27841e+00
73.000      4.81660e+00
74.000      4.19312e+00
75.000      3.48219e+00
76.000      2.75874e+00
77.000      2.08643e+00
78.000      1.51030e+00
79.000      1.05514e+00
80.000      7.28732e-01
81.000      5.28027e-01
82.000      4.45827e-01
83.000      4.75935e-01
84.000      6.15451e-01
85.000      8.63949e-01
86.000      1.22013e+00
87.000      1.67728e+00
88.000      2.21907e+00
89.000      2.81724e+00
90.000      3.43192e+00
91.000      4.01490e+00
92.000      4.51505e+00
93.000      4.88511e+00
94.000      5.08856e+00
95.000      5.10572e+00
96.000      4.93809e+00
97.000      4.61042e+00
98.000      4.16974e+00
99.000      3.68131e+00
100.000      3.22185e+00
101.000      2.87092e+00
102.000      2.70195e+00
103.000      2.77399e+00
104.000      3.12509e+00
105.000      3.76774e+00
106.000      4.68656e+00
107.000      5.83841e+00
108.000      7.15551e+00
109.000      8.55147e+00
110.000      9.93026e+00
111.000      1.11970e+01
112.000      1.22692e+01
113.000      1.30856e+01
114.000      1.36130e+01
115.000      1.38475e+01
116.000      1.38120e+01
117.000      1.35496e+01
118.000      1.31141e+01
119.000      1.25595e+01
120.000      1.19300e+01
121.000      1.12542e+01
122.000      1.05438e+01
123.000      9.79725e+00
124.000      9.00877e+00
125.000      8.17821e+00
126.000      7.31957e+00
127.000      6.46465e+00
128.000      5.66064e+00
129.000      4.96208e+00
130.000      4.41976e+00
131.000      4.07027e+00
132.000      3.92957e+00
133.000      3.99235e+00
134.000      4.23722e+00
135.000      4.63501e+00
136.000      5.15722e+00
137.000      5.78113e+00
138.000      6.49056e+00
139.000      7.27250e+00
140.000      8.11197e+00
141.000      8.98762e+00
142.000      9.87018e+00
143.000      1.07245e+01
144.000      1.15144e+01
145.000      1.22091e+01
146.000      1.27888e+01
147.000      1.32482e+01
148.000      1.35959e+01
149.000      1.38506e+01
150.000      1.40343e+01
151.000      1.41641e+01
152.000      1.42468e+01
153.000      1.42777e+01
154.000      1.42428e+01
155.000      1.41266e+01
156.000      1.39192e+01
157.000      1.36220e+01
158.000      1.32500e+01
159.000      1.28277e+01
160.000      1.23829e+01
161.000      1.19383e+01
162.000      1.15047e+01
163.000      1.10781e+01
164.000      1.06412e+01
165.000      1.01694e+01
166.000      9.63912e+00
167.000      9.03761e+00
168.000      8.36946e+00
169.000      7.65998e+00
170.000      6.95346e+00
171.000      6.30677e+00
172.000      5.77951e+00
173.000      5.42268e+00
174.000      5.26859e+00
175.000      5.32442e+00
176.000      5.57102e+00
177.000      5.96721e+00
178.000      6.45817e+00
179.000      6.98553e+00
180.000      7.49652e+00
181.000      7.95039e+00
182.000      8.32138e+00
183.000      8.59865e+00
184.000      8.78419e+00
185.000      8.88981e+00
186.000      8.93397e+00
187.000      8.93897e+00
188.000      8.92867e+00
189.000      8.92661e+00
190.000      8.95425e+00
191.000      9.02894e+00
192.000      9.16177e+00
193.000      9.35530e+00
194.000      9.60219e+00
195.000      9.88530e+00
196.000      1.01798e+01
197.000      1.04573e+01
198.000      1.06912e+01
199.000      1.08621e+01
200.000      1.09618e+01
201.000      1.09945e+01
202.000      1.09741e+01
203.000      1.09187e+01
204.000      1.08427e+01
205.000      1.07496e+01
206.000      1.06285e+01
207.000      1.04555e+01
208.000      1.02014e+01
209.000      9.84199e+00
210.000      9.36814e+00
211.000      8.79173e+00
212.000      8.14493e+00
213.000      7.47325e+00
214.000      6.82499e+00
215.000      6.24101e+00
216.000      5.74835e+00
217.000      5.35916e+00
218.000      5.07447e+00
219.000      4.88996e+00
220.000      4.80076e+00
221.000      4.80315e+00
222.000      4.89296e+00
223.000      5.06224e+00
224.000      5.29679e+00
225.000      5.57639e+00
226.000      5.87795e+00
227.000      6.18010e+00
228.000      6.46694e+00
229.000      6.72940e+00
230.000      6.96371e+00
231.000      7.16854e+00
232.000      7.34230e+00
233.000      7.48207e+00
234.000      7.58424e+00
235.000      7.64621e+00
236.000      7.66792e+00
237.000      7.65271e+00
238.000      7.60698e+00
239.000      7.53939e+00
240.000      7.45945e+00
241.000      7.37626e+00
242.000      7.29720e+00
243.000      7.22704e+00
244.000      7.16741e+00
245.000      7.11685e+00
246.000      7.07107e+00
247.000      7.02339e+00
248.000      6.96498e+00
249.000      6.88540e+00
250.000      6.77383e+00
251.000      6.62149e+00
252.000      6.42515e+00
253.000      6.19083e+00
254.000      5.93618e+00
255.000      5.69032e+00
256.000      5.49025e+00
257.000      5.37428e+00
258.000      5.37379e+00
259.000      5.50556e+00
260.000      5.76670e+00
261.000      6.13383e+00
262.000      6.56690e+00
263.000      7.01679e+00
264.000      7.43445e+00
265.000      7.77916e+00
266.000      8.02367e+00
267.000      8.15530e+00
268.000      8.17340e+00
269.000      8.08464e+00
270.000      7.89806e+00
271.000      7.62163e+00
272.000      7.26130e+00
273.000      6.82271e+00
274.000      6.31492e+00
275.000      5.75469e+00
276.000      5.16963e+00
277.000      4.59871e+00
278.000      4.08950e+00
279.000      3.69260e+00
280.000      3.45471e+00
281.000      3.41181e+00
282.000      3.58394e+00
283.000      3.97197e+00
284.000      4.55627e+00
285.000      5.29760e+00
286.000      6.14008e+00
287.000      7.01706e+00
288.000      7.85954e+00
289.000      8.60620e+00
290.000      9.21278e+00
291.000      9.65813e+00
292.000      9.94522e+00
293.000      1.00967e+01
294.000      1.01467e+01
295.000      1.01307e+01
296.000      1.00775e+01
297.000      1.00039e+01
298.000      9.91401e+00
299.000      9.80264e+00
300.000      9.66156e+00
301.000      9.48671e+00
302.000      9.28404e+00
303.000      9.07217e+00
304.000      8.88082e+00
305.000      8.74536e+00
306.000      8.69939e+00
307.000      8.76731e+00
308.000      8.95883e+00
309.000      9.26628e+00
310.000      9.66461e+00
311.000      1.01136e+01
312.000      1.05624e+01
313.000      1.09552e+01
314.000      1.12402e+01
315.000      1.13787e+01
316.000      1.13544e+01
317.000      1.11801e+01
318.000      1.08985e+01
319.000      1.05771e+01
320.000      1.02974e+01
321.000      1.01402e+01
322.000      1.01710e+01
323.000      1.04288e+01
324.000      1.09205e+01
325.000      1.16211e+01
326.000      1.24796e+01
327.000      1.34277e+01
328.000      1.43910e+01
329.000      1.52982e+01
330.000      1.60899e+01
331.000      1.67225e+01
332.000      1.71705e+01
333.000      1.74256e+01
334.000      1.74939e+01
335.000      1.73941e+01
336.000      1.71558e+01
337.000      1.68191e+01
338.000      1.64336e+01
339.000      1.60566e+01
340.000      1.57485e+01
341.000      1.55666e+01
342.000      1.55575e+01
343.000      1.57504e+01
344.000      1.61537e+01
345.000      1.67548e+01
346.000      1.75254e+01
347.000      1.84282e+01
348.000      1.94261e+01
349.000      2.04880e+01
350.000      2.15915e+01
351.000      2.27199e+01
352.000      2.38545e+01
353.000      2.49660e+01
354.000      2.60087e+01
355.000      2.69195e+01
356.000      2.76245e+01
357.000      2.80505e+01
358.000      2.81390e+01
359.000      2.78583e+01
360.000      2.72106e+01
361.000      2.62324e+01
362.000      2.49883e+01
363.000      2.35594e+01
364.000      2.20286e+01
365.000      2.04667e+01
366.000      1.89219e+01
367.000      1.74170e+01
368.000      1.59549e+01
369.000      1.45290e+01
370.000      1.31377e+01
371.000      1.17947e+01
372.000      1.05331e+01
373.000      9.40203e+00
374.000      8.45788e+00
375.000      7.75360e+00
376.000      7.32998e+00
377.000      7.21120e+00
378.000      7.40464e+00
379.000      7.90361e+00
380.000      8.69091e+00
381.000      9.74156e+00
382.000      1.10238e+01
383.000      1.24981e+01
384.000      1.41148e+01
385.000      1.58107e+01
386.000      1.75052e+01
387.000      1.90976e+01
388.000      2.04674e+01
389.000      2.14809e+01
390.000      2.20045e+01
391.000      2.19263e+01
392.000      2.11812e+01
393.000      1.97730e+01
394.000      1.77846e+01
395.000      1.53717e+01
396.000      1.27387e+01
397.000      1.01030e+01
398.000      7.65848e+00
399.000      5.54666e+00
400.000      3.84445e+00
401.000      2.56724e+00
402.000      1.68420e+00
403.000      1.13830e+00
404.000      8.64584e-01
405.000      8.02581e-01
406.000      9.01570e-01
407.000      1.12027e+00
408.000      1.42356e+00
409.000      1.77893e+00
410.000      2.15449e+00
411.000      2.51915e+00
412.000      2.84460e+00
413.000      3.10793e+00
414.000      3.29411e+00
415.000      3.39735e+00
416.000      3.42115e+00
417.000      3.37711e+00
418.000      3.28249e+00
419.000      3.15687e+00
420.000      3.01831e+00
421.000      2.87967e+00
422.000      2.74615e+00
423.000      2.61487e+00
424.000      2.47679e+00
425.000      2.32060e+00
426.000      2.13749e+00
427.000      1.92517e+00
428.000      1.69005e+00
429.000      1.44685e+00
430.000      1.21581e+00
431.000      1.01838e+00
432.000      8.72492e-01
433.000      7.88553e-01
434.000      7.66960e-01
435.000      7.97639e-01
436.000      8.61750e-01
437.000      9.35265e-01
438.000      9.93768e-01
439.000      1.01740e+00
440.000      9.94737e-01
441.000      9.24512e-01
442.000      8.14844e-01
443.000      6.80263e-01
444.000      5.37598e-01
445.000      4.02056e-01
446.000      2.84512e-01
447.000      1.90486e-01
448.000      1.20659e-01
449.000      7.23078e-02
450.000      4.09950e-02
451.000      2.19885e-02
452.000      1.11578e-02
453.000      5.35652e-03
454.000      2.43278e-03
455.000      1.04530e-03
456.000      4.24909e-04
457.000      1.63406e-04
458.000      5.94510e-05
459.000      2.04629e-05
460.000      6.66336e-06
461.000      2.05275e-06
462.000      5.98271e-07
463.000      1.64959e-07
464.000      4.30302e-08
465.000      1.06191e-08
466.000      2.47924e-09
467.000      5.47605e-10
468.000      1.14429e-10
469.000      2.26214e-11
470.000      4.23078e-12
471.000      7.48583e-13
472.000      1.25308e-13
473.000      1.98441e-14
474.000      2.97306e-15
475.000      4.21400e-16
476.000      5.65069e-17
477.000      7.16848e-18
478.000      8.60339e-19
479.000      9.76855e-20
480.000      1.04932e-20
481.000      1.06636e-21
482.000      1.02522e-22
483.000      9.32496e-24
484.000      8.02409e-25
485.000      6.53223e-26
486.000      5.03089e-27
487.000      3.66561e-28
488.000      2.52676e-29
489.000      1.64779e-30
490.000      1.01661e-31
491.000      5.93371e-33
492.000      3.27654e-34
493.000      1.71168e-35
494.000      8.45954e-37
495.000      3.95538e-38
496.000      1.74964e-39
497.000      7.32193e-41
498.000      2.89881e-42
499.000      1.08576e-43
500.000      3.84735e-45
