# Gaussian folded, width=10 cm^-1
# [cm^-1] arbitrary
0.000      3.00000e+00
1.000      2.91796e+00
2.000      2.68508e+00
3.000      2.33749e+00
4.000      1.92514e+00
5.000      1.50000e+00
6.000      1.10570e+00
7.000      7.71085e-01
8.000      5.08727e-01
9.000      3.17529e-01
10.000      1.87500e-01
11.000      1.04746e-01
12.000      5.53590e-02
13.000      2.76796e-02
14.000      1.30934e-02
15.000      5.86017e-03
16.000      2.48356e-03
17.000      1.00342e-03
18.000      4.08363e-04
19.000      2.32857e-04
20.000      3.30545e-04
21.000      7.99111e-04
22.000      2.05043e-03
23.000      5.05429e-03
24.000      1.18176e-02
25.000      2.61704e-02
26.000      5.48837e-02
27.000      1.09001e-01
28.000      2.05013e-01
29.000      3.65183e-01
30.000      6.16066e-01
31.000      9.84338e-01
32.000      1.48961e+00
33.000      2.13512e+00
34.000      2.89869e+00
35.000      3.72755e+00
36.000      4.54039e+00
37.000      5.23865e+00
38.000      5.72545e+00
39.000      5.92747e+00
40.000      5.81306e+00
41.000      5.40031e+00
42.000      4.75243e+00
43.000      3.96185e+00
44.000      3.12877e+00
45.000      2.34077e+00
46.000      1.65929e+00
47.000      1.11515e+00
48.000      7.12247e-01
49.000      4.36299e-01
50.000      2.65007e-01
51.000      1.76914e-01
52.000      1.57578e-01
53.000      2.02839e-01
54.000      3.19424e-01
55.000      5.23075e-01
56.000      8.34204e-01
57.000      1.27108e+00
58.000      1.84118e+00
59.000      2.53236e+00
60.000      3.30656e+00
61.000      4.09890e+00
62.000      4.82439e+00
63.000      5.39200e+00
64.000      5.72313e+00
65.000      5.76941e+00
66.000      5.52427e+00
67.000      5.02446e+00
68.000      4.34111e+00
69.000      3.56331e+00
70.000      2.77958e+00
71.000      2.06250e+00
72.000      1.46030e+00
73.000      9.96208e-01
74.000      6.73984e-01
75.000      4.86701e-01
76.000      4.25500e-01
77.000      4.85839e-01
78.000      6.69729e-01
79.000      9.83603e-01
80.000      1.43240e+00
81.000      2.01143e+00
82.000      2.69851e+00
83.000      3.44902e+00
84.000      4.19667e+00
85.000      4.86112e+00
86.000      5.36166e+00
87.000      5.63401e+00
88.000      5.64579e+00
89.000      5.40632e+00
90.000      4.96810e+00
91.000      4.41977e+00
92.000      3.87277e+00
93.000      3.44522e+00
94.000      3.24595e+00
95.000      3.36097e+00
96.000      3.84274e+00
97.000      4.70284e+00
98.000      5.90837e+00
99.000      7.38359e+00
100.000      9.01786e+00
101.000      1.06802e+01
102.000      1.22381e+01
103.000      1.35769e+01
104.000      1.46145e+01
105.000      1.53078e+01
106.000      1.56510e+01
107.000      1.56663e+01
108.000      1.53919e+01
109.000      1.48720e+01
110.000      1.41508e+01
111.000      1.32707e+01
112.000      1.22739e+01
113.000      1.12046e+01
114.000      1.01089e+01
115.000      9.03309e+00
116.000      8.01914e+00
117.000      7.10017e+00
118.000      6.29758e+00
119.000      5.62150e+00
120.000      5.07472e+00
121.000      4.65930e+00
122.000      4.38359e+00
123.000      4.26692e+00
124.000      4.33981e+00
125.000      4.63851e+00
126.000      5.19486e+00
127.000      6.02384e+00
128.000      7.11257e+00
129.000      8.41462e+00
130.000      9.85188e+00
131.000      1.13246e+01
132.000      1.27268e+01
133.000      1.39641e+01
134.000      1.49677e+01
135.000      1.57030e+01
136.000      1.61707e+01
137.000      1.64000e+01
138.000      1.64393e+01
139.000      1.63440e+01
140.000      1.61665e+01
141.000      1.59482e+01
142.000      1.57151e+01
143.000      1.54764e+01
144.000      1.52257e+01
145.000      1.49449e+01
146.000      1.46088e+01
147.000      1.41922e+01
148.000      1.36758e+01
149.000      1.30523e+01
150.000      1.23295e+01
151.000      1.15311e+01
152.000      1.06951e+01
153.000      9.86833e+00
154.000      9.10103e+00
155.000      8.43972e+00
156.000      7.92122e+00
157.000      7.56800e+00
158.000      7.38549e+00
159.000      7.36183e+00
160.000      7.47011e+00
161.000      7.67302e+00
162.000      7.92948e+00
163.000      8.20205e+00
164.000      8.46335e+00
165.000      8.69978e+00
166.000      8.91130e+00
167.000      9.10739e+00
168.000      9.30082e+00
169.000      9.50171e+00
170.000      9.71411e+00
171.000      9.93589e+00
172.000      1.01614e+01
173.000      1.03846e+01
174.000      1.06009e+01
175.000      1.08059e+01
176.000      1.09935e+01
177.000      1.11531e+01
178.000      1.12704e+01
179.000      1.13298e+01
180.000      1.13211e+01
181.000      1.12440e+01
182.000      1.11104e+01
183.000      1.09422e+01
184.000      1.07653e+01
185.000      1.06020e+01
186.000      1.04666e+01
187.000      1.03641e+01
188.000      1.02926e+01
189.000      1.02493e+01
190.000      1.02339e+01
191.000      1.02515e+01
192.000      1.03108e+01
193.000      1.04213e+01
194.000      1.05882e+01
195.000      1.08092e+01
196.000      1.10715e+01
197.000      1.13513e+01
198.000      1.16160e+01
199.000      1.18275e+01
200.000      1.19489e+01
201.000      1.19511e+01
202.000      1.18189e+01
203.000      1.15539e+01
204.000      1.11731e+01
205.000      1.07043e+01
206.000      1.01784e+01
207.000      9.62347e+00
208.000      9.06113e+00
209.000      8.50775e+00
210.000      7.97815e+00
211.000      7.49004e+00
212.000      7.06645e+00
213.000      6.73443e+00
214.000      6.52037e+00
215.000      6.44366e+00
216.000      6.51121e+00
217.000      6.71497e+00
218.000      7.03325e+00
219.000      7.43532e+00
220.000      7.88753e+00
221.000      8.35899e+00
222.000      8.82525e+00
223.000      9.26936e+00
224.000      9.68070e+00
225.000      1.00527e+01
226.000      1.03806e+01
227.000      1.06606e+01
228.000      1.08897e+01
229.000      1.10667e+01
230.000      1.11928e+01
231.000      1.12719e+01
232.000      1.13101e+01
233.000      1.13143e+01
234.000      1.12906e+01
235.000      1.12430e+01
236.000      1.11731e+01
237.000      1.10807e+01
238.000      1.09668e+01
239.000      1.08365e+01
240.000      1.07027e+01
241.000      1.05862e+01
242.000      1.05138e+01
243.000      1.05120e+01
244.000      1.05991e+01
245.000      1.07776e+01
246.000      1.10307e+01
247.000      1.13235e+01
248.000      1.16109e+01
249.000      1.18475e+01
250.000      1.19990e+01
251.000      1.20502e+01
252.000      1.20071e+01
253.000      1.18942e+01
254.000      1.17461e+01
255.000      1.15968e+01
256.000      1.14703e+01
257.000      1.13746e+01
258.000      1.13015e+01
259.000      1.12322e+01
260.000      1.11457e+01
261.000      1.10278e+01
262.000      1.08753e+01
263.000      1.06965e+01
264.000      1.05045e+01
265.000      1.03105e+01
266.000      1.01164e+01
267.000      9.91356e+00
268.000      9.68538e+00
269.000      9.41494e+00
270.000      9.09326e+00
271.000      8.72529e+00
272.000      8.33132e+00
273.000      7.94306e+00
274.000      7.59607e+00
275.000      7.32120e+00
276.000      7.13834e+00
277.000      7.05420e+00
278.000      7.06465e+00
279.000      7.15968e+00
280.000      7.32854e+00
281.000      7.56244e+00
282.000      7.85403e+00
283.000      8.19409e+00
284.000      8.56799e+00
285.000      8.95410e+00
286.000      9.32570e+00
287.000      9.65618e+00
288.000      9.92522e+00
289.000      1.01237e+01
290.000      1.02544e+01
291.000      1.03294e+01
292.000      1.03626e+01
293.000      1.03630e+01
294.000      1.03290e+01
295.000      1.02463e+01
296.000      1.00899e+01
297.000      9.82964e+00
298.000      9.43748e+00
299.000      8.89542e+00
300.000      8.20137e+00
301.000      7.37228e+00
302.000      6.44376e+00
303.000      5.46619e+00
304.000      4.49841e+00
305.000      3.60053e+00
306.000      2.82737e+00
307.000      2.22385e+00
308.000      1.82263e+00
309.000      1.64356e+00
310.000      1.69423e+00
311.000      1.97039e+00
312.000      2.45608e+00
313.000      3.12348e+00
314.000      3.93330e+00
315.000      4.83659e+00
316.000      5.77853e+00
317.000      6.70373e+00
318.000      7.56239e+00
319.000      8.31582e+00
320.000      8.93999e+00
321.000      9.42651e+00
322.000      9.78084e+00
323.000      1.00188e+01
324.000      1.01625e+01
325.000      1.02381e+01
326.000      1.02739e+01
327.000      1.03011e+01
328.000      1.03540e+01
329.000      1.04684e+01
330.000      1.06785e+01
331.000      1.10114e+01
332.000      1.14816e+01
333.000      1.20880e+01
334.000      1.28133e+01
335.000      1.36278e+01
336.000      1.44954e+01
337.000      1.53799e+01
338.000      1.62508e+01
339.000      1.70868e+01
340.000      1.78760e+01
341.000      1.86154e+01
342.000      1.93075e+01
343.000      1.99574e+01
344.000      2.05700e+01
345.000      2.11478e+01
346.000      2.16891e+01
347.000      2.21877e+01
348.000      2.26309e+01
349.000      2.29991e+01
350.000      2.32643e+01
351.000      2.33926e+01
352.000      2.33477e+01
353.000      2.30980e+01
354.000      2.26245e+01
355.000      2.19264e+01
356.000      2.10235e+01
357.000      1.99536e+01
358.000      1.87660e+01
359.000      1.75132e+01
360.000      1.62435e+01
361.000      1.49963e+01
362.000      1.38015e+01
363.000      1.26800e+01
364.000      1.16469e+01
365.000      1.07134e+01
366.000      9.88793e+00
367.000      9.17616e+00
368.000      8.58012e+00
369.000      8.09786e+00
370.000      7.72374e+00
371.000      7.44935e+00
372.000      7.26492e+00
373.000      7.16072e+00
374.000      7.12848e+00
375.000      7.16288e+00
376.000      7.26286e+00
377.000      7.43226e+00
378.000      7.67872e+00
379.000      8.00999e+00
380.000      8.42772e+00
381.000      8.92000e+00
382.000      9.45511e+00
383.000      9.97925e+00
384.000      1.04205e+01
385.000      1.06991e+01
386.000      1.07434e+01
387.000      1.05062e+01
388.000      9.97867e+00
389.000      9.19552e+00
390.000      8.23084e+00
391.000      7.18399e+00
392.000      6.15974e+00
393.000      5.24832e+00
394.000      4.51045e+00
395.000      3.97099e+00
396.000      3.62128e+00
397.000      3.42812e+00
398.000      3.34583e+00
399.000      3.32776e+00
400.000      3.33493e+00
401.000      3.34075e+00
402.000      3.33163e+00
403.000      3.30445e+00
404.000      3.26194e+00
405.000      3.20761e+00
406.000      3.14168e+00
407.000      3.05934e+00
408.000      2.95179e+00
409.000      2.80986e+00
410.000      2.62874e+00
411.000      2.41182e+00
412.000      2.17202e+00
413.000      1.92972e+00
414.000      1.70759e+00
415.000      1.52424e+00
416.000      1.38874e+00
417.000      1.29812e+00
418.000      1.23860e+00
419.000      1.19022e+00
420.000      1.13300e+00
421.000      1.05261e+00
422.000      9.43749e-01
423.000      8.10366e-01
424.000      6.63176e-01
425.000      5.15707e-01
426.000      3.80387e-01
427.000      2.65847e-01
428.000      1.75934e-01
429.000      1.10209e-01
430.000      6.53342e-02
431.000      3.66490e-02
432.000      1.94513e-02
433.000      9.76746e-03
434.000      4.64033e-03
435.000      2.08566e-03
436.000      8.86875e-04
437.000      3.56781e-04
438.000      1.35788e-04
439.000      4.88922e-05
440.000      1.66547e-05
441.000      5.36724e-06
442.000      1.63638e-06
443.000      4.71991e-07
444.000      1.28796e-07
445.000      3.32497e-08
446.000      8.12065e-09
447.000      1.87634e-09
448.000      4.10157e-10
449.000      8.48215e-11
450.000      1.65951e-11
451.000      3.07165e-12
452.000      5.37873e-13
453.000      8.91059e-14
454.000      1.39653e-14
455.000      2.07068e-15
456.000      2.90464e-16
457.000      3.85468e-17
458.000      4.83953e-18
459.000      5.74824e-19
460.000      6.45929e-20
461.000      6.86676e-21
462.000      6.90617e-22
463.000      6.57112e-23
464.000      5.91507e-24
465.000      5.03730e-25
466.000      4.05838e-26
467.000      3.09333e-27
468.000      2.23057e-28
469.000      1.52168e-29
470.000      9.82087e-31
471.000      5.99644e-32
472.000      3.46381e-33
473.000      1.89292e-34
474.000      9.78653e-36
475.000      4.78677e-37
476.000      2.21500e-38
477.000      9.69667e-40
478.000      4.01596e-41
479.000      1.57352e-42
480.000      5.83277e-44
481.000      2.04548e-45
482.000      6.78627e-47
483.000      2.13003e-48
484.000      6.32496e-50
485.000      1.77684e-51
486.000      4.72232e-53
487.000      1.18735e-54
488.000      2.82438e-56
489.000      6.35598e-58
490.000      1.35319e-59
491.000      2.72556e-61
492.000      5.19360e-63
493.000      9.36266e-65
494.000      1.59679e-66
495.000      2.57640e-68
496.000      3.93275e-70
497.000      5.67933e-72
498.000      7.75918e-74
499.000      1.00289e-75
500.000      1.22632e-77
