# Gaussian folded, width=10 cm^-1
# [cm^-1] arbitrary
0.000      3.00000e+00
1.000      2.91796e+00
2.000      2.68508e+00
3.000      2.33749e+00
4.000      1.92514e+00
5.000      1.50000e+00
6.000      1.10570e+00
7.000      7.71085e-01
8.000      5.08727e-01
9.000      3.17529e-01
10.000      1.87500e-01
11.000      1.04746e-01
12.000      5.53590e-02
13.000      2.76796e-02
14.000      1.30935e-02
15.000      5.86030e-03
16.000      2.48400e-03
17.000      1.00476e-03
18.000      4.12222e-04
19.000      2.43341e-04
20.000      3.57302e-04
21.000      8.63191e-04
22.000      2.19422e-03
23.000      5.35609e-03
24.000      1.24086e-02
25.000      2.72466e-02
26.000      5.66973e-02
27.000      1.11810e-01
28.000      2.08965e-01
29.000      3.70134e-01
30.000      6.21360e-01
31.000      9.88635e-01
32.000      1.49089e+00
33.000      2.13096e+00
34.000      2.88689e+00
35.000      3.70691e+00
36.000      4.51152e+00
37.000      5.20428e+00
38.000      5.69013e+00
39.000      5.89663e+00
40.000      5.79161e+00
41.000      5.39141e+00
42.000      4.75667e+00
43.000      3.97735e+00
44.000      3.15188e+00
45.000      2.36722e+00
46.000      1.68529e+00
47.000      1.13808e+00
48.000      7.30979e-01
49.000      4.51039e-01
50.000      2.76987e-01
51.000      1.88001e-01
52.000      1.69913e-01
53.000      2.18471e-01
54.000      3.39875e-01
55.000      5.48828e-01
56.000      8.64179e-01
57.000      1.30232e+00
58.000      1.86901e+00
59.000      2.55120e+00
60.000      3.31128e+00
61.000      4.08650e+00
62.000      4.79521e+00
63.000      5.35004e+00
64.000      5.67518e+00
65.000      5.72326e+00
66.000      5.48665e+00
67.000      4.99942e+00
68.000      4.32939e+00
69.000      3.56278e+00
70.000      2.78635e+00
71.000      2.07219e+00
72.000      1.46894e+00
73.000      1.00060e+00
74.000      6.71627e-01
75.000      4.75566e-01
76.000      4.04004e-01
77.000      4.53276e-01
78.000      6.27196e-01
79.000      9.35154e-01
80.000      1.38590e+00
81.000      1.97846e+00
82.000      2.69270e+00
83.000      3.48287e+00
84.000      4.27747e+00
85.000      4.98731e+00
86.000      5.52117e+00
87.000      5.80569e+00
88.000      5.80373e+00
89.000      5.52597e+00
90.000      5.03192e+00
91.000      4.42057e+00
92.000      3.81384e+00
93.000      3.33753e+00
94.000      3.10421e+00
95.000      3.20031e+00
96.000      3.67761e+00
97.000      4.54811e+00
98.000      5.78169e+00
99.000      7.30700e+00
100.000      9.01689e+00
101.000      1.07793e+01
102.000      1.24536e+01
103.000      1.39091e+01
104.000      1.50428e+01
105.000      1.57915e+01
106.000      1.61360e+01
107.000      1.60967e+01
108.000      1.57222e+01
109.000      1.50762e+01
110.000      1.42243e+01
111.000      1.32265e+01
112.000      1.21348e+01
113.000      1.09950e+01
114.000      9.85099e+00
115.000      8.74675e+00
116.000      7.72513e+00
117.000      6.82307e+00
118.000      6.06574e+00
119.000      5.46317e+00
120.000      5.01198e+00
121.000      4.70271e+00
122.000      4.53021e+00
123.000      4.50257e+00
124.000      4.64414e+00
125.000      4.99041e+00
126.000      5.57560e+00
127.000      6.41714e+00
128.000      7.50265e+00
129.000      8.78402e+00
130.000      1.01811e+01
131.000      1.15936e+01
132.000      1.29179e+01
133.000      1.40642e+01
134.000      1.49689e+01
135.000      1.56015e+01
136.000      1.59643e+01
137.000      1.60866e+01
138.000      1.60156e+01
139.000      1.58061e+01
140.000      1.55105e+01
141.000      1.51718e+01
142.000      1.48187e+01
143.000      1.44653e+01
144.000      1.41128e+01
145.000      1.37543e+01
146.000      1.33792e+01
147.000      1.29777e+01
148.000      1.25430e+01
149.000      1.20716e+01
150.000      1.15628e+01
151.000      1.10184e+01
152.000      1.04425e+01
153.000      9.84483e+00
154.000      9.24280e+00
155.000      8.66381e+00
156.000      8.14386e+00
157.000      7.72276e+00
158.000      7.43645e+00
159.000      7.30902e+00
160.000      7.34713e+00
161.000      7.53881e+00
162.000      7.85699e+00
163.000      8.26631e+00
164.000      8.73071e+00
165.000      9.21919e+00
166.000      9.70838e+00
167.000      1.01815e+01
168.000      1.06252e+01
169.000      1.10256e+01
170.000      1.13660e+01
171.000      1.16272e+01
172.000      1.17904e+01
173.000      1.18420e+01
174.000      1.17786e+01
175.000      1.16101e+01
176.000      1.13606e+01
177.000      1.10654e+01
178.000      1.07647e+01
179.000      1.04970e+01
180.000      1.02921e+01
181.000      1.01674e+01
182.000      1.01274e+01
183.000      1.01660e+01
184.000      1.02712e+01
185.000      1.04297e+01
186.000      1.06290e+01
187.000      1.08591e+01
188.000      1.11105e+01
189.000      1.13725e+01
190.000      1.16311e+01
191.000      1.18689e+01
192.000      1.20666e+01
193.000      1.22067e+01
194.000      1.22761e+01
195.000      1.22689e+01
196.000      1.21853e+01
197.000      1.20288e+01
198.000      1.18036e+01
199.000      1.15124e+01
200.000      1.11578e+01
201.000      1.07467e+01
202.000      1.02954e+01
203.000      9.83299e+00
204.000      9.39919e+00
205.000      9.03727e+00
206.000      8.78270e+00
207.000      8.65210e+00
208.000      8.63700e+00
209.000      8.70543e+00
210.000      8.81154e+00
211.000      8.91020e+00
212.000      8.97127e+00
213.000      8.98850e+00
214.000      8.98002e+00
215.000      8.98064e+00
216.000      9.02914e+00
217.000      9.15532e+00
218.000      9.37094e+00
219.000      9.66697e+00
220.000      1.00168e+01
221.000      1.03837e+01
222.000      1.07288e+01
223.000      1.10179e+01
224.000      1.12253e+01
225.000      1.13355e+01
226.000      1.13425e+01
227.000      1.12497e+01
228.000      1.10694e+01
229.000      1.08221e+01
230.000      1.05346e+01
231.000      1.02371e+01
232.000      9.95815e+00
233.000      9.71958e+00
234.000      9.53307e+00
235.000      9.39931e+00
236.000      9.31042e+00
237.000      9.25486e+00
238.000      9.22269e+00
239.000      9.20941e+00
240.000      9.21689e+00
241.000      9.25138e+00
242.000      9.31982e+00
243.000      9.42606e+00
244.000      9.56889e+00
245.000      9.74239e+00
246.000      9.93809e+00
247.000      1.01474e+01
248.000      1.03629e+01
249.000      1.05774e+01
250.000      1.07817e+01
251.000      1.09620e+01
252.000      1.11003e+01
253.000      1.11768e+01
254.000      1.11758e+01
255.000      1.10910e+01
256.000      1.09304e+01
257.000      1.07153e+01
258.000      1.04763e+01
259.000      1.02459e+01
260.000      1.00511e+01
261.000      9.90761e+00
262.000      9.81774e+00
263.000      9.77111e+00
264.000      9.74753e+00
265.000      9.72082e+00
266.000      9.66284e+00
267.000      9.54727e+00
268.000      9.35344e+00
269.000      9.06972e+00
270.000      8.69626e+00
271.000      8.24642e+00
272.000      7.74634e+00
273.000      7.23268e+00
274.000      6.74874e+00
275.000      6.33957e+00
276.000      6.04678e+00
277.000      5.90370e+00
278.000      5.93140e+00
279.000      6.13603e+00
280.000      6.50804e+00
281.000      7.02318e+00
282.000      7.64530e+00
283.000      8.33017e+00
284.000      9.02952e+00
285.000      9.69469e+00
286.000      1.02795e+01
287.000      1.07428e+01
288.000      1.10511e+01
289.000      1.11817e+01
290.000      1.11258e+01
291.000      1.08903e+01
292.000      1.04985e+01
293.000      9.98553e+00
294.000      9.39305e+00
295.000      8.76092e+00
296.000      8.12101e+00
297.000      7.49405e+00
298.000      6.89072e+00
299.000      6.31609e+00
300.000      5.77475e+00
301.000      5.27421e+00
302.000      4.82513e+00
303.000      4.43865e+00
304.000      4.12288e+00
305.000      3.88078e+00
306.000      3.71067e+00
307.000      3.60906e+00
308.000      3.57413e+00
309.000      3.60802e+00
310.000      3.71670e+00
311.000      3.90776e+00
312.000      4.18732e+00
313.000      4.55748e+00
314.000      5.01524e+00
315.000      5.55275e+00
316.000      6.15816e+00
317.000      6.81629e+00
318.000      7.50870e+00
319.000      8.21367e+00
320.000      8.90666e+00
321.000      9.56216e+00
322.000      1.01570e+01
323.000      1.06746e+01
324.000      1.11089e+01
325.000      1.14660e+01
326.000      1.17634e+01
327.000      1.20256e+01
328.000      1.22779e+01
329.000      1.25411e+01
330.000      1.28281e+01
331.000      1.31443e+01
332.000      1.34909e+01
333.000      1.38696e+01
334.000      1.42850e+01
335.000      1.47452e+01
336.000      1.52575e+01
337.000      1.58238e+01
338.000      1.64357e+01
339.000      1.70730e+01
340.000      1.77068e+01
341.000      1.83062e+01
342.000      1.88467e+01
343.000      1.93176e+01
344.000      1.97254e+01
345.000      2.00915e+01
346.000      2.04448e+01
347.000      2.08107e+01
348.000      2.12003e+01
349.000      2.16025e+01
350.000      2.19825e+01
351.000      2.22860e+01
352.000      2.24493e+01
353.000      2.24122e+01
354.000      2.21310e+01
355.000      2.15880e+01
356.000      2.07966e+01
357.000      1.97995e+01
358.000      1.86612e+01
359.000      1.74569e+01
360.000      1.62586e+01
361.000      1.51233e+01
362.000      1.40854e+01
363.000      1.31556e+01
364.000      1.23248e+01
365.000      1.15738e+01
366.000      1.08822e+01
367.000      1.02365e+01
368.000      9.63336e+00
369.000      9.07889e+00
370.000      8.58553e+00
371.000      8.16740e+00
372.000      7.83659e+00
373.000      7.60118e+00
374.000      7.46512e+00
375.000      7.42953e+00
376.000      7.49439e+00
377.000      7.65943e+00
378.000      7.92330e+00
379.000      8.28041e+00
380.000      8.71612e+00
381.000      9.20156e+00
382.000      9.69056e+00
383.000      1.01207e+01
384.000      1.04197e+01
385.000      1.05177e+01
386.000      1.03611e+01
387.000      9.92665e+00
388.000      9.22935e+00
389.000      8.32249e+00
390.000      7.28894e+00
391.000      6.22567e+00
392.000      5.22595e+00
393.000      4.36395e+00
394.000      3.68553e+00
395.000      3.20658e+00
396.000      2.91781e+00
397.000      2.79324e+00
398.000      2.79889e+00
399.000      2.89946e+00
400.000      3.06173e+00
401.000      3.25555e+00
402.000      3.45334e+00
403.000      3.62964e+00
404.000      3.76149e+00
405.000      3.82943e+00
406.000      3.81908e+00
407.000      3.72251e+00
408.000      3.53920e+00
409.000      3.27644e+00
410.000      2.94912e+00
411.000      2.57878e+00
412.000      2.19188e+00
413.000      1.81722e+00
414.000      1.48252e+00
415.000      1.21073e+00
416.000      1.01655e+00
417.000      9.04054e-01
418.000      8.65865e-01
419.000      8.84282e-01
420.000      9.34393e-01
421.000      9.88673e-01
422.000      1.02221e+00
423.000      1.01734e+00
424.000      9.66525e-01
425.000      8.72714e-01
426.000      7.47243e-01
427.000      6.06016e-01
428.000      4.65249e-01
429.000      3.38016e-01
430.000      2.32367e-01
431.000      1.51135e-01
432.000      9.30013e-02
433.000      5.41428e-02
434.000      2.98205e-02
435.000      1.55385e-02
436.000      7.65985e-03
437.000      3.57233e-03
438.000      1.57616e-03
439.000      6.57909e-04
440.000      2.59807e-04
441.000      9.70626e-05
442.000      3.43061e-05
443.000      1.14712e-05
444.000      3.62880e-06
445.000      1.08601e-06
446.000      3.07485e-07
447.000      8.23629e-08
448.000      2.08717e-08
449.000      5.00379e-09
450.000      1.13490e-09
451.000      2.43521e-10
452.000      4.94348e-11
453.000      9.49392e-12
454.000      1.72495e-12
455.000      2.96500e-13
456.000      4.82159e-14
457.000      7.41777e-15
458.000      1.07963e-15
459.000      1.48660e-16
460.000      1.93655e-17
461.000      2.38662e-18
462.000      2.78262e-19
463.000      3.06933e-20
464.000      3.20295e-21
465.000      3.16209e-22
466.000      2.95335e-23
467.000      2.60961e-24
468.000      2.18148e-25
469.000      1.72523e-26
470.000      1.29080e-27
471.000      9.13668e-29
472.000      6.11837e-30
473.000      3.87615e-31
474.000      2.32318e-32
475.000      1.31730e-33
476.000      7.06645e-35
477.000      3.58622e-36
478.000      1.72183e-37
479.000      7.82096e-39
480.000      3.36084e-40
481.000      1.36632e-41
482.000      5.25506e-43
483.000      1.91213e-44
484.000      6.58229e-46
485.000      2.14365e-47
486.000      6.60460e-49
487.000      1.92512e-50
488.000      5.30869e-52
489.000      1.38495e-53
490.000      3.41820e-55
491.000      7.98141e-57
492.000      1.76311e-58
493.000      3.68465e-60
494.000      7.28502e-62
495.000      1.36264e-63
496.000      2.41131e-65
497.000      4.03682e-67
498.000      6.39359e-69
499.000      9.58004e-71
500.000      1.35802e-72
