# Gaussian folded, width=10 cm^-1
# [cm^-1] arbitrary
0.000      3.00000e+00
1.000      2.91796e+00
2.000      2.68508e+00
3.000      2.33749e+00
4.000      1.92514e+00
5.000      1.50000e+00
6.000      1.10570e+00
7.000      7.71085e-01
8.000      5.08727e-01
9.000      3.17529e-01
10.000      1.87500e-01
11.000      1.04746e-01
12.000      5.53594e-02
13.000      2.76810e-02
14.000      1.30984e-02
15.000      5.87661e-03
16.000      2.53480e-03
17.000      1.15447e-03
18.000      8.29599e-04
19.000      1.34405e-03
20.000      3.10256e-03
21.000      7.33690e-03
22.000      1.66235e-02
23.000      3.57429e-02
24.000      7.28402e-02
25.000      1.40674e-01
26.000      2.57474e-01
27.000      4.46632e-01
28.000      7.34333e-01
29.000      1.14443e+00
30.000      1.69072e+00
31.000      2.36794e+00
32.000      3.14425e+00
33.000      3.95865e+00
34.000      4.72606e+00
35.000      5.35067e+00
36.000      5.74531e+00
37.000      5.85133e+00
38.000      5.65290e+00
39.000      5.18089e+00
40.000      4.50505e+00
41.000      3.71720e+00
42.000      2.91112e+00
43.000      2.16527e+00
44.000      1.53253e+00
45.000      1.03858e+00
46.000      6.87184e-01
47.000      4.69434e-01
48.000      3.73398e-01
49.000      3.91560e-01
50.000      5.24377e-01
51.000      7.79383e-01
52.000      1.16611e+00
53.000      1.68800e+00
54.000      2.33340e+00
55.000      3.06847e+00
56.000      3.83508e+00
57.000      4.55560e+00
58.000      5.14477e+00
59.000      5.52610e+00
60.000      5.64819e+00
61.000      5.49613e+00
62.000      5.09435e+00
63.000      4.50025e+00
64.000      3.79099e+00
65.000      3.04759e+00
66.000      2.34103e+00
67.000      1.72364e+00
68.000      1.22679e+00
69.000      8.64139e-01
70.000      6.38289e-01
71.000      5.48007e-01
72.000      5.93793e-01
73.000      7.79956e-01
74.000      1.11248e+00
75.000      1.59303e+00
76.000      2.21081e+00
77.000      2.93498e+00
78.000      3.71092e+00
79.000      4.46307e+00
80.000      5.10538e+00
81.000      5.55775e+00
82.000      5.76467e+00
83.000      5.71087e+00
84.000      5.42948e+00
85.000      5.00039e+00
86.000      4.53911e+00
87.000      4.17904e+00
88.000      4.05079e+00
89.000      4.26210e+00
90.000      4.88102e+00
91.000      5.92415e+00
92.000      7.35159e+00
93.000      9.06971e+00
94.000      1.09426e+01
95.000      1.28105e+01
96.000      1.45131e+01
97.000      1.59114e+01
98.000      1.69048e+01
99.000      1.74398e+01
100.000      1.75087e+01
101.000      1.71430e+01
102.000      1.64019e+01
103.000      1.53627e+01
104.000      1.41114e+01
105.000      1.27370e+01
106.000      1.13254e+01
107.000      9.95349e+00
108.000      8.68306e+00
109.000      7.55520e+00
110.000      6.58851e+00
111.000      5.78239e+00
112.000      5.12585e+00
113.000      4.61015e+00
114.000      4.24127e+00
115.000      4.04786e+00
116.000      4.08141e+00
117.000      4.40726e+00
118.000      5.08829e+00
119.000      6.16505e+00
120.000      7.63775e+00
121.000      9.45501e+00
122.000      1.15128e+01
123.000      1.36644e+01
124.000      1.57400e+01
125.000      1.75709e+01
126.000      1.90145e+01
127.000      1.99747e+01
128.000      2.04145e+01
129.000      2.03582e+01
130.000      1.98843e+01
131.000      1.91088e+01
132.000      1.81625e+01
133.000      1.71672e+01
134.000      1.62144e+01
135.000      1.53539e+01
136.000      1.45923e+01
137.000      1.39039e+01
138.000      1.32477e+01
139.000      1.25877e+01
140.000      1.19080e+01
141.000      1.12212e+01
142.000      1.05659e+01
143.000      9.99662e+00
144.000      9.56789e+00
145.000      9.31779e+00
146.000      9.25567e+00
147.000      9.35745e+00
148.000      9.57011e+00
149.000      9.82389e+00
150.000      1.00484e+01
151.000      1.01876e+01
152.000      1.02087e+01
153.000      1.01045e+01
154.000      9.88860e+00
155.000      9.58831e+00
156.000      9.23774e+00
157.000      8.87418e+00
158.000      8.53696e+00
159.000      8.26685e+00
160.000      8.10385e+00
161.000      8.08208e+00
162.000      8.22287e+00
163.000      8.52866e+00
164.000      8.98061e+00
165.000      9.54153e+00
166.000      1.01637e+01
167.000      1.07987e+01
168.000      1.14071e+01
169.000      1.19633e+01
170.000      1.24571e+01
171.000      1.28904e+01
172.000      1.32724e+01
173.000      1.36142e+01
174.000      1.39251e+01
175.000      1.42111e+01
176.000      1.44742e+01
177.000      1.47139e+01
178.000      1.49274e+01
179.000      1.51113e+01
180.000      1.52619e+01
181.000      1.53761e+01
182.000      1.54529e+01
183.000      1.54941e+01
184.000      1.55052e+01
185.000      1.54959e+01
186.000      1.54787e+01
187.000      1.54683e+01
188.000      1.54791e+01
189.000      1.55236e+01
190.000      1.56111e+01
191.000      1.57461e+01
192.000      1.59274e+01
193.000      1.61475e+01
194.000      1.63919e+01
195.000      1.66396e+01
196.000      1.68647e+01
197.000      1.70396e+01
198.000      1.71397e+01
199.000      1.71473e+01
200.000      1.70558e+01
201.000      1.68706e+01
202.000      1.66081e+01
203.000      1.62924e+01
204.000      1.59494e+01
205.000      1.56019e+01
206.000      1.52644e+01
207.000      1.49398e+01
208.000      1.46181e+01
209.000      1.42776e+01
210.000      1.38890e+01
211.000      1.34229e+01
212.000      1.28573e+01
213.000      1.21869e+01
214.000      1.14282e+01
215.000      1.06206e+01
216.000      9.82030e+00
217.000      9.08890e+00
218.000      8.47833e+00
219.000      8.01716e+00
220.000      7.70274e+00
221.000      7.50205e+00
222.000      7.36154e+00
223.000      7.22271e+00
224.000      7.03893e+00
225.000      6.78834e+00
226.000      6.47964e+00
227.000      6.14964e+00
228.000      5.85413e+00
229.000      5.65487e+00
230.000      5.60609e+00
231.000      5.74343e+00
232.000      6.07710e+00
233.000      6.59006e+00
234.000      7.24076e+00
235.000      7.96987e+00
236.000      8.70938e+00
237.000      9.39280e+00
238.000      9.96447e+00
239.000      1.03865e+01
240.000      1.06419e+01
241.000      1.07336e+01
242.000      1.06801e+01
243.000      1.05090e+01
244.000      1.02507e+01
245.000      9.93337e+00
246.000      9.57979e+00
247.000      9.20710e+00
248.000      8.82772e+00
249.000      8.45122e+00
250.000      8.08600e+00
251.000      7.74028e+00
252.000      7.42212e+00
253.000      7.13846e+00
254.000      6.89388e+00
255.000      6.68935e+00
256.000      6.52180e+00
257.000      6.38457e+00
258.000      6.26884e+00
259.000      6.16568e+00
260.000      6.06837e+00
261.000      5.97486e+00
262.000      5.89011e+00
263.000      5.82841e+00
264.000      5.81524e+00
265.000      5.88795e+00
266.000      6.09466e+00
267.000      6.49048e+00
268.000      7.13072e+00
269.000      8.06146e+00
270.000      9.30864e+00
271.000      1.08677e+01
272.000      1.26964e+01
273.000      1.47144e+01
274.000      1.68106e+01
275.000      1.88590e+01
276.000      2.07393e+01
277.000      2.23575e+01
278.000      2.36604e+01
279.000      2.46386e+01
280.000      2.53185e+01
281.000      2.57451e+01
282.000      2.59624e+01
283.000      2.59969e+01
284.000      2.58502e+01
285.000      2.55023e+01
286.000      2.49227e+01
287.000      2.40865e+01
288.000      2.29881e+01
289.000      2.16501e+01
290.000      2.01222e+01
291.000      1.84739e+01
292.000      1.67826e+01
293.000      1.51210e+01
294.000      1.35492e+01
295.000      1.21103e+01
296.000      1.08303e+01
297.000      9.72081e+00
298.000      8.78052e+00
299.000      7.99720e+00
300.000      7.34931e+00
301.000      6.80883e+00
302.000      6.34595e+00
303.000      5.93507e+00
304.000      5.56059e+00
305.000      5.22065e+00
306.000      4.92705e+00
307.000      4.70114e+00
308.000      4.56637e+00
309.000      4.53943e+00
310.000      4.62245e+00
311.000      4.79841e+00
312.000      5.03144e+00
313.000      5.27236e+00
314.000      5.46870e+00
315.000      5.57696e+00
316.000      5.57415e+00
317.000      5.46505e+00
318.000      5.28284e+00
319.000      5.08180e+00
320.000      4.92380e+00
321.000      4.86186e+00
322.000      4.92559e+00
323.000      5.11294e+00
324.000      5.39047e+00
325.000      5.70221e+00
326.000      5.98409e+00
327.000      6.18006e+00
328.000      6.25584e+00
329.000      6.20717e+00
330.000      6.06159e+00
331.000      5.87373e+00
332.000      5.71542e+00
333.000      5.66272e+00
334.000      5.78202e+00
335.000      6.11813e+00
336.000      6.68660e+00
337.000      7.47197e+00
338.000      8.43209e+00
339.000      9.50678e+00
340.000      1.06280e+01
341.000      1.17284e+01
342.000      1.27469e+01
343.000      1.36308e+01
344.000      1.43359e+01
345.000      1.48281e+01
346.000      1.50855e+01
347.000      1.51023e+01
348.000      1.48905e+01
349.000      1.44798e+01
350.000      1.39117e+01
351.000      1.32315e+01
352.000      1.24803e+01
353.000      1.16887e+01
354.000      1.08771e+01
355.000      1.00583e+01
356.000      9.24364e+00
357.000      8.44742e+00
358.000      7.68815e+00
359.000      6.98696e+00
360.000      6.36412e+00
361.000      5.83567e+00
362.000      5.41151e+00
363.000      5.09500e+00
364.000      4.88302e+00
365.000      4.76576e+00
366.000      4.72599e+00
367.000      4.73877e+00
368.000      4.77291e+00
369.000      4.79513e+00
370.000      4.77634e+00
371.000      4.69867e+00
372.000      4.56054e+00
373.000      4.37817e+00
374.000      4.18262e+00
375.000      4.01321e+00
376.000      3.90936e+00
377.000      3.90258e+00
378.000      4.01043e+00
379.000      4.23278e+00
380.000      4.55064e+00
381.000      4.92743e+00
382.000      5.31282e+00
383.000      5.64927e+00
384.000      5.88078e+00
385.000      5.96250e+00
386.000      5.86885e+00
387.000      5.59804e+00
388.000      5.17153e+00
389.000      4.62885e+00
390.000      4.01946e+00
391.000      3.39429e+00
392.000      2.79893e+00
393.000      2.26951e+00
394.000      1.83102e+00
395.000      1.49707e+00
396.000      1.27034e+00
397.000      1.14342e+00
398.000      1.10024e+00
399.000      1.11866e+00
400.000      1.17412e+00
401.000      1.24380e+00
402.000      1.31009e+00
403.000      1.36225e+00
404.000      1.39575e+00
405.000      1.40968e+00
406.000      1.40364e+00
407.000      1.37568e+00
408.000      1.32213e+00
409.000      1.23938e+00
410.000      1.12644e+00
411.000      9.86980e-01
412.000      8.29612e-01
413.000      6.66361e-01
414.000      5.09950e-01
415.000      3.71018e-01
416.000      2.56240e-01
417.000      1.67809e-01
418.000      1.04132e-01
419.000      6.11974e-02
420.000      3.40495e-02
421.000      1.79315e-02
422.000      8.93682e-03
423.000      4.21466e-03
424.000      1.88072e-03
425.000      7.94049e-04
426.000      3.17188e-04
427.000      1.19874e-04
428.000      4.28609e-05
429.000      1.44986e-05
430.000      4.63996e-06
431.000      1.40483e-06
432.000      4.02396e-07
433.000      1.09044e-07
434.000      2.79558e-08
435.000      6.78045e-09
436.000      1.55584e-09
437.000      3.37743e-10
438.000      6.93629e-11
439.000      1.34768e-11
440.000      2.47721e-12
441.000      4.30781e-13
442.000      7.08709e-14
443.000      1.10305e-14
444.000      1.62422e-15
445.000      2.26260e-16
446.000      2.98188e-17
447.000      3.71783e-18
448.000      4.38538e-19
449.000      4.89376e-20
450.000      5.16648e-21
451.000      5.16018e-22
452.000      4.87587e-23
453.000      4.35871e-24
454.000      3.68622e-25
455.000      2.94932e-26
456.000      2.23244e-27
457.000      1.59866e-28
458.000      1.08305e-29
459.000      6.94159e-31
460.000      4.20909e-32
461.000      2.41454e-33
462.000      1.31038e-34
463.000      6.72789e-36
464.000      3.26797e-37
465.000      1.50174e-38
466.000      6.52873e-40
467.000      2.68522e-41
468.000      1.04484e-42
469.000      3.84624e-44
470.000      1.33949e-45
471.000      4.41329e-47
472.000      1.37563e-48
473.000      4.05658e-50
474.000      1.13171e-51
475.000      2.98695e-53
476.000      7.45826e-55
477.000      1.76183e-56
478.000      3.93741e-58
479.000      8.32479e-60
480.000      1.66515e-61
481.000      3.15103e-63
482.000      5.64115e-65
483.000      9.55435e-67
484.000      1.53092e-68
485.000      2.32071e-70
486.000      3.32818e-72
487.000      4.51555e-74
488.000      5.79604e-76
489.000      7.03835e-78
490.000      8.08588e-80
491.000      8.78823e-82
492.000      9.03635e-84
493.000      8.79027e-86
494.000      8.08964e-88
495.000      7.04326e-90
496.000      5.80144e-92
497.000      4.52080e-94
498.000      3.33283e-96
499.000      2.32449e-98
500.000     1.53377e-100
