4.500000000000000000e+01
4.376940000000000452e+01
4.027619999999999578e+01
3.506234999999999502e+01
2.887709999999999511e+01
2.250000000000000000e+01
1.658550000000000324e+01
1.156627499999999920e+01
7.630905000000002936e+00
4.762935000000000585e+00
2.812500000000000000e+00
1.571190000000000087e+00
8.303853000000002149e-01
4.151940000000000630e-01
1.964023000000000296e-01
8.790607999999999755e-02
3.726519000000001053e-02
1.508763999999999765e-02
6.231068000000000197e-03
3.782381999999999932e-03
5.704978999999999779e-03
1.379790300000000025e-02
3.488235000000000641e-02
8.463055999999999357e-02
1.949044000000000054e-01
4.255357000000000722e-01
8.806874999999999565e-01
1.727784000000000209e+00
3.213335999999999526e+00
5.665521000000000917e+00
9.470144999999998703e+00
1.500803200000000182e+01
2.255059000000000324e+01
3.212719000000000591e+01
4.339938000000000073e+01
5.559087000000000245e+01
6.752191999999999439e+01
7.777120000000000744e+01
8.494446000000000652e+01
8.798373999999999739e+01
8.642268999999998869e+01
8.050392999999999688e+01
7.111720000000001107e+01
5.958055000000000945e+01
4.733843999999999141e+01
3.567180000000000462e+01
2.549888999999999939e+01
1.730281000000000091e+01
1.117621800000000043e+01
6.940605999999998943e+00
4.291230999999999796e+00
2.926463999999999288e+00
2.640225000000000488e+00
3.371465000000000600e+00
5.212674000000001584e+00
8.380353999999998749e+00
1.314875500000000130e+01
1.975012999999999863e+01
2.825291999999999959e+01
3.844262000000000512e+01
4.974199000000000126e+01
6.120897999999998973e+01
7.163688000000000500e+01
7.975125999999998783e+01
8.446220000000000994e+01
8.510358999999999696e+01
8.158744000000000085e+01
7.442369999999999663e+01
6.460028000000001214e+01
5.336227000000000231e+01
4.196008000000000493e+01
3.143718000000000146e+01
2.250851999999999720e+01
1.554338100000000011e+01
1.063509600000000077e+01
7.718443999999999861e+00
6.691486999999998631e+00
7.505033000000000065e+00
1.019693200000000033e+01
1.486325800000000008e+01
2.157350999999999530e+01
3.025202999999999776e+01
4.056112000000000251e+01
5.182835000000000036e+01
6.305727000000001681e+01
7.304066000000001679e+01
8.056584999999999752e+01
8.466699999999998738e+01
8.485857999999998924e+01
8.128374999999998352e+01
7.473618999999999346e+01
6.655176000000001579e+01
5.840393999999999863e+01
5.205584999999999241e+01
4.912045999999999424e+01
5.086175000000000068e+01
5.804847000000000889e+01
7.086022999999998717e+01
8.884732000000001051e+01
1.109535100000000227e+02
1.356141000000000076e+02
1.609336999999999875e+02
1.849254000000000246e+02
2.057706000000000017e+02
2.220448000000000093e+02
2.328644999999999925e+02
2.379256000000000313e+02
2.374431000000000154e+02
2.320206000000000017e+02
2.224962000000000444e+02
2.098031000000000290e+02
1.948711000000000126e+02
1.785756000000000085e+02
1.617197000000000173e+02
1.450345299999999895e+02
1.291701800000000162e+02
1.146736300000000028e+02
1.019540299999999888e+02
9.125630999999999915e+01
8.266461000000001036e+01
7.614915999999999485e+01
7.165389000000000408e+01
6.919872999999998342e+01
6.895861000000000729e+01
7.128060000000000684e+01
7.661854999999999905e+01
8.539278000000000191e+01
9.781176000000000670e+01
1.137115200000000073e+02
1.324684199999999805e+02
1.530208699999999737e+02
1.740028999999999826e+02
1.939574999999999818e+02
2.115751000000000204e+02
2.258910999999999945e+02
2.364026999999999816e+02
2.430784999999999343e+02
2.462746000000000208e+02
2.465912999999999613e+02
2.447137999999999920e+02
2.412754000000000190e+02
2.367731999999999744e+02
2.315358999999999696e+02
2.257373999999999512e+02
2.194391999999999996e+02
2.126411999999999978e+02
2.053232000000000141e+02
1.974822999999999809e+02
1.891486000000000161e+02
1.803970999999999947e+02
1.713479999999999848e+02
1.621641899999999907e+02
1.530479599999999891e+02
1.442334899999999891e+02
1.359805499999999938e+02
1.285598199999999736e+02
1.222330699999999837e+02
1.172272200000000026e+02
1.137067599999999885e+02
1.117513099999999753e+02
1.113448599999999828e+02
1.123805600000000027e+02
1.146806400000000252e+02
1.180268099999999833e+02
1.221933700000000016e+02
1.269742699999999900e+02
1.321972999999999843e+02
1.377224999999999682e+02
1.434270999999999958e+02
1.491849699999999928e+02
1.548485099999999761e+02
1.602441899999999748e+02
1.651814600000000155e+02
1.694739099999999894e+02
1.729639000000000237e+02
1.755427099999999996e+02
1.771587000000000103e+02
1.778180599999999743e+02
1.775792299999999955e+02
1.765441900000000146e+02
1.748537900000000036e+02
1.726796400000000062e+02
1.702163100000000213e+02
1.676642799999999909e+02
1.652156499999999824e+02
1.630407400000000280e+02
1.612798999999999978e+02
1.600461899999999957e+02
1.594254599999999868e+02
1.594759200000000305e+02
1.602152500000000259e+02
1.616058899999999880e+02
1.635363800000000083e+02
1.658169800000000009e+02
1.681903499999999951e+02
1.703649500000000216e+02
1.720608000000000288e+02
1.730596199999999953e+02
1.732430499999999824e+02
1.726092999999999620e+02
1.712616700000000094e+02
1.693700000000000045e+02
1.671175900000000070e+02
1.646442399999999964e+02
1.620052599999999927e+02
1.591547199999999975e+02
1.559629099999999937e+02
1.522615499999999997e+02
1.479082099999999684e+02
1.428537399999999877e+02
1.371897399999999720e+02
1.311701000000000192e+02
1.251897199999999941e+02
1.197288400000000195e+02
1.152713700000000046e+02
1.122175000000000153e+02
1.108104899999999731e+02
1.110961500000000228e+02
1.129245100000000122e+02
1.159912100000000095e+02
1.199062700000000206e+02
1.242704700000000031e+02
1.287385299999999972e+02
1.330569600000000037e+02
1.370728500000000167e+02
1.407171399999999721e+02
1.439791099999999915e+02
1.468777800000000013e+02
1.494418100000000038e+02
1.516959300000000042e+02
1.536555999999999642e+02
1.553257299999999930e+02
1.567010099999999966e+02
1.577669999999999675e+02
1.585036699999999996e+02
1.588887200000000348e+02
1.589059100000000058e+02
1.585550700000000006e+02
1.578643800000000397e+02
1.569012500000000045e+02
1.557770600000000059e+02
1.546414499999999919e+02
1.536645000000000323e+02
1.530081499999999721e+02
1.527945799999999963e+02
1.530802000000000191e+02
1.538417300000000125e+02
1.549810200000000009e+02
1.563415699999999902e+02
1.577362400000000093e+02
1.589759400000000369e+02
1.598927800000000161e+02
1.603608499999999708e+02
1.603092699999999979e+02
1.597325500000000034e+02
1.586934199999999748e+02
1.573177999999999770e+02
1.557750599999999963e+02
1.542492100000000050e+02
1.529037700000000086e+02
1.518490600000000086e+02
1.511193299999999908e+02
1.506675499999999772e+02
1.503750900000000001e+02
1.500697900000000118e+02
1.495513899999999978e+02
1.486124100000000112e+02
1.470590400000000102e+02
1.447309200000000260e+02
1.415267100000000369e+02
1.374363000000000170e+02
1.325744099999999719e+02
1.272060900000000032e+02
1.217468899999999934e+02
1.167288500000000084e+02
1.127286200000000065e+02
1.102724900000000048e+02
1.097388699999999915e+02
1.112858999999999980e+02
1.148220200000000233e+02
1.200256600000000162e+02
1.264043899999999923e+02
1.333770799999999781e+02
1.403575300000000254e+02
1.468251900000000205e+02
1.523735800000000324e+02
1.567320200000000057e+02
1.597626899999999921e+02
1.614378499999999690e+02
1.618038999999999987e+02
1.609466400000000021e+02
1.589684399999999869e+02
1.559796200000000113e+02
1.521053500000000440e+02
1.474951300000000174e+02
1.423213499999999954e+02
1.367645100000000014e+02
1.309837899999999991e+02
1.250886200000000059e+02
1.191264900000000040e+02
1.130940499999999957e+02
1.069697300000000126e+02
1.007573900000000151e+02
9.452302000000000248e+01
8.841032000000002711e+01
8.263002000000000180e+01
7.742600999999999090e+01
7.302939000000000647e+01
6.961611999999999512e+01
6.728135999999999228e+01
6.604010000000000957e+01
6.585261999999998750e+01
6.666696000000000311e+01
6.846177000000000135e+01
7.127260999999998603e+01
7.518895999999999447e+01
8.031995000000000573e+01
8.673792000000000257e+01
9.441884000000000299e+01
1.032020399999999967e+02
1.127845300000000037e+02
1.227555600000000169e+02
1.326607099999999946e+02
1.420775299999999959e+02
1.506796899999999937e+02
1.582726000000000113e+02
1.647989800000000002e+02
1.703155600000000334e+02
1.749585099999999898e+02
1.789076400000000149e+02
1.823634000000000128e+02
1.855314000000000192e+02
1.886196000000000197e+02
1.918389999999999986e+02
1.953995999999999924e+02
1.995076999999999998e+02
2.043553000000000281e+02
2.101082999999999856e+02
2.168894999999999982e+02
2.247609000000000208e+02
2.337076000000000136e+02
2.436285999999999774e+02
2.543377999999999872e+02
2.655810999999999922e+02
2.770649000000000228e+02
2.884862999999999715e+02
2.995605999999999653e+02
3.100275000000000887e+02
3.196390999999999849e+02
3.281324999999999932e+02
3.351956000000000131e+02
3.404467999999999392e+02
3.434372999999999934e+02
3.436917999999999438e+02
3.407771000000000186e+02
3.343927000000000476e+02
3.244610999999999876e+02
3.111857999999999720e+02
2.950631000000000199e+02
2.768321000000000254e+02
2.573751999999999498e+02
2.375900000000000318e+02
2.182694999999999936e+02
2.000169999999999959e+02
1.832168999999999812e+02
1.680550000000000068e+02
1.545730000000000075e+02
1.427338699999999960e+02
1.324731400000000008e+02
1.237328600000000165e+02
1.164733499999999964e+02
1.106731200000000115e+02
1.063244899999999831e+02
1.034312400000000167e+02
1.020098999999999876e+02
1.020924500000000137e+02
1.037252299999999963e+02
1.069586199999999820e+02
1.118209300000000184e+02
1.182739400000000103e+02
1.261528600000000040e+02
1.351018100000000004e+02
1.445250000000000341e+02
1.535779700000000219e+02
1.612216000000000236e+02
1.663462999999999568e+02
1.679540800000000047e+02
1.653646799999999928e+02
1.583876699999999857e+02
1.474092600000000175e+02
1.333603499999999826e+02
1.175573899999999981e+02
1.014644799999999947e+02
8.643141999999998859e+01
7.348019999999999641e+01
6.318695000000000306e+01
5.567456999999998146e+01
5.069774999999999920e+01
4.777918999999999983e+01
4.635347999999999047e+01
4.588239999999999696e+01
4.592465999999999582e+01
4.615852000000000288e+01
4.636879999999999313e+01
4.641456999999999056e+01
4.619369999999999976e+01
4.561688999999999794e+01
4.459750999999999976e+01
4.305745999999999896e+01
4.094622000000000384e+01
3.826426000000000016e+01
3.508346999999999127e+01
3.155551000000000528e+01
2.790336999999999534e+01
2.439333999999999847e+01
2.129175999999999647e+01
1.881429999999999936e+01
1.707971800000000329e+01
1.608063200000000137e+01
1.568137899999999973e+01
1.564509400000000028e+01
1.568633700000000175e+01
1.553453899999999699e+01
1.499215800000000165e+01
1.397132700000000227e+01
1.250051700000000032e+01
1.070214900000000036e+01
8.751026000000001304e+00
6.827890999999999266e+00
5.081482000000000276e+00
3.607014200000000503e+00
2.442381800000000158e+00
1.577890599999999921e+00
9.728276599999999830e-01
5.724977099999998265e-01
3.216231000000000506e-01
1.724942950000000197e-01
8.831416799999998457e-02
4.315605900000000356e-02
2.012287819999999949e-02
8.949898900000001142e-03
3.795182239999999717e-03
1.533601800000000161e-03
5.902334209999999561e-04
2.162305700000000076e-04
7.536112469999999941e-05
2.497298135000000161e-05
7.864236639999999104e-06
2.352263196999999707e-06
6.679711145000000907e-07
1.800060059999999992e-07
4.601586485000000067e-08
1.115501621300000012e-08
2.563560482899999951e-09
5.583561585999999972e-10
1.152313632799999951e-10
2.252835283399999996e-11
4.171691732799999909e-12
7.315641800300000339e-13
1.214753650739999982e-13
1.909736480289999773e-14
2.842226246559999975e-15
4.004153243169999980e-16
5.339413164419999947e-17
6.738754162569999978e-18
8.049066524499999387e-19
9.098487802379999456e-20
9.732679943829999628e-21
9.851885160370000302e-22
9.436625535480000098e-23
8.552888139587000634e-24
7.334942250364000435e-25
5.951958186771001035e-26
4.569766981771999523e-27
3.319653078435300064e-28
2.281659625157700127e-29
1.483756403914999994e-30
9.129022183896698515e-32
5.314109610449599943e-33
2.926711096468199856e-34
1.524993704926770235e-35
7.517810316706799713e-37
3.506303953285270163e-38
1.547178589542329955e-39
6.458947567011960245e-41
2.551011490162939812e-42
9.532141632878320984e-44
3.369728533224649997e-45
1.127006001561368087e-46
3.565980332001597472e-48
1.067478985907148980e-49
3.023143293470035940e-51
8.099948390341260293e-53
2.053188398580666645e-54
4.923734771959669516e-56
1.117075758012723921e-57
2.397681989488967790e-59
4.868772415902213267e-61
9.353367778837291461e-63
1.699950450310869995e-64
2.922966495714796327e-66
