# Gaussian folded, width=10 cm^-1
# [cm^-1] arbitrary
0.000      3.00000e+00
1.000      2.91796e+00
2.000      2.68508e+00
3.000      2.33749e+00
4.000      1.92514e+00
5.000      1.50000e+00
6.000      1.10570e+00
7.000      7.71085e-01
8.000      5.08727e-01
9.000      3.17529e-01
10.000      1.87500e-01
11.000      1.04746e-01
12.000      5.53590e-02
13.000      2.76795e-02
14.000      1.30932e-02
15.000      5.85939e-03
16.000      2.48078e-03
17.000      9.93927e-04
18.000      3.77705e-04
19.000      1.39216e-04
20.000      5.99951e-05
21.000      5.98128e-05
22.000      1.40086e-04
23.000      3.87358e-04
24.000      1.04127e-03
25.000      2.65842e-03
26.000      6.43087e-03
27.000      1.47375e-02
28.000      3.19963e-02
29.000      6.58152e-02
30.000      1.28272e-01
31.000      2.36889e-01
32.000      4.14566e-01
33.000      6.87556e-01
34.000      1.08073e+00
35.000      1.61008e+00
36.000      2.27368e+00
37.000      3.04362e+00
38.000      3.86236e+00
39.000      4.64669e+00
40.000      5.30010e+00
41.000      5.73184e+00
42.000      5.87750e+00
43.000      5.71471e+00
44.000      5.26880e+00
45.000      4.60631e+00
46.000      3.81879e+00
47.000      3.00214e+00
48.000      2.23806e+00
49.000      1.58215e+00
50.000      1.06066e+00
51.000      6.74483e-01
52.000      4.07313e-01
53.000      2.34784e-01
54.000      1.32018e-01
55.000      7.86386e-02
56.000      6.13938e-02
57.000      7.51090e-02
58.000      1.22744e-01
59.000      2.14915e-01
60.000      3.68738e-01
61.000      6.05474e-01
62.000      9.46417e-01
63.000      1.40688e+00
64.000      1.98900e+00
65.000      2.67495e+00
66.000      3.42310e+00
67.000      4.16924e+00
68.000      4.83416e+00
69.000      5.33682e+00
70.000      5.61040e+00
71.000      5.61665e+00
72.000      5.35469e+00
73.000      4.86117e+00
74.000      4.20200e+00
75.000      3.45812e+00
76.000      2.70961e+00
77.000      2.02246e+00
78.000      1.44105e+00
79.000      9.87122e-01
80.000      6.64158e-01
81.000      4.64753e-01
82.000      3.78326e-01
83.000      3.97046e-01
84.000      5.18725e-01
85.000      7.46352e-01
86.000      1.08471e+00
87.000      1.53503e+00
88.000      2.08918e+00
89.000      2.72475e+00
90.000      3.40282e+00
91.000      4.06931e+00
92.000      4.66047e+00
93.000      5.11198e+00
94.000      5.37017e+00
95.000      5.40302e+00
96.000      5.20845e+00
97.000      4.81761e+00
98.000      4.29212e+00
99.000      3.71576e+00
100.000      3.18258e+00
101.000      2.78402e+00
102.000      2.59756e+00
103.000      2.67833e+00
104.000      3.05427e+00
105.000      3.72453e+00
106.000      4.66076e+00
107.000      5.81097e+00
108.000      7.10568e+00
109.000      8.46576e+00
110.000      9.81066e+00
111.000      1.10658e+01
112.000      1.21680e+01
113.000      1.30682e+01
114.000      1.37330e+01
115.000      1.41439e+01
116.000      1.42969e+01
117.000      1.42012e+01
118.000      1.38779e+01
119.000      1.33565e+01
120.000      1.26720e+01
121.000      1.18613e+01
122.000      1.09600e+01
123.000      1.00018e+01
124.000      9.01919e+00
125.000      8.04564e+00
126.000      7.11693e+00
127.000      6.27062e+00
128.000      5.54276e+00
129.000      4.96241e+00
130.000      4.54614e+00
131.000      4.29512e+00
132.000      4.19655e+00
133.000      4.22969e+00
134.000      4.37424e+00
135.000      4.61776e+00
136.000      4.95890e+00
137.000      5.40497e+00
138.000      5.96507e+00
139.000      6.64159e+00
140.000      7.42401e+00
141.000      8.28731e+00
142.000      9.19548e+00
143.000      1.01081e+01
144.000      1.09873e+01
145.000      1.18022e+01
146.000      1.25301e+01
147.000      1.31550e+01
148.000      1.36649e+01
149.000      1.40503e+01
150.000      1.43041e+01
151.000      1.44235e+01
152.000      1.44127e+01
153.000      1.42852e+01
154.000      1.40644e+01
155.000      1.37814e+01
156.000      1.34711e+01
157.000      1.31657e+01
158.000      1.28880e+01
159.000      1.26466e+01
160.000      1.24331e+01
161.000      1.22247e+01
162.000      1.19893e+01
163.000      1.16929e+01
164.000      1.13065e+01
165.000      1.08112e+01
166.000      1.02018e+01
167.000      9.48788e+00
168.000      8.69534e+00
169.000      7.86605e+00
170.000      7.05598e+00
171.000      6.33018e+00
172.000      5.75430e+00
173.000      5.38371e+00
174.000      5.25282e+00
175.000      5.36739e+00
176.000      5.70216e+00
177.000      6.20458e+00
178.000      6.80391e+00
179.000      7.42355e+00
180.000      7.99388e+00
181.000      8.46301e+00
182.000      8.80307e+00
183.000      9.01099e+00
184.000      9.10417e+00
185.000      9.11241e+00
186.000      9.06877e+00
187.000      9.00193e+00
188.000      8.93172e+00
189.000      8.86849e+00
190.000      8.81555e+00
191.000      8.77310e+00
192.000      8.74180e+00
193.000      8.72443e+00
194.000      8.72518e+00
195.000      8.74679e+00
196.000      8.78731e+00
197.000      8.83798e+00
198.000      8.88380e+00
199.000      8.90692e+00
200.000      8.89172e+00
201.000      8.82947e+00
202.000      8.72063e+00
203.000      8.57386e+00
204.000      8.40204e+00
205.000      8.21736e+00
206.000      8.02727e+00
207.000      7.83322e+00
208.000      7.63238e+00
209.000      7.42147e+00
210.000      7.20095e+00
211.000      6.97781e+00
212.000      6.76581e+00
213.000      6.58340e+00
214.000      6.45003e+00
215.000      6.38228e+00
216.000      6.39097e+00
217.000      6.47963e+00
218.000      6.64451e+00
219.000      6.87559e+00
220.000      7.15821e+00
221.000      7.47488e+00
222.000      7.80713e+00
223.000      8.13723e+00
224.000      8.44975e+00
225.000      8.73283e+00
226.000      8.97903e+00
227.000      9.18535e+00
228.000      9.35249e+00
229.000      9.48310e+00
230.000      9.57966e+00
231.000      9.64259e+00
232.000      9.66949e+00
233.000      9.65598e+00
234.000      9.59817e+00
235.000      9.49598e+00
236.000      9.35586e+00
237.000      9.19171e+00
238.000      9.02306e+00
239.000      8.87084e+00
240.000      8.75192e+00
241.000      8.67432e+00
242.000      8.63478e+00
243.000      8.61955e+00
244.000      8.60796e+00
245.000      8.57759e+00
246.000      8.50912e+00
247.000      8.38966e+00
248.000      8.21384e+00
249.000      7.98315e+00
250.000      7.70439e+00
251.000      7.38802e+00
252.000      7.04694e+00
253.000      6.69574e+00
254.000      6.34997e+00
255.000      6.02552e+00
256.000      5.73788e+00
257.000      5.50180e+00
258.000      5.33119e+00
259.000      5.23893e+00
260.000      5.23590e+00
261.000      5.32859e+00
262.000      5.51531e+00
263.000      5.78212e+00
264.000      6.10014e+00
265.000      6.42612e+00
266.000      6.70711e+00
267.000      6.88867e+00
268.000      6.92451e+00
269.000      6.78510e+00
270.000      6.46286e+00
271.000      5.97309e+00
272.000      5.35073e+00
273.000      4.64464e+00
274.000      3.91081e+00
275.000      3.20632e+00
276.000      2.58445e+00
277.000      2.09157e+00
278.000      1.76511e+00
279.000      1.63221e+00
280.000      1.70843e+00
281.000      1.99620e+00
282.000      2.48326e+00
283.000      3.14187e+00
284.000      3.92978e+00
285.000      4.79365e+00
286.000      5.67477e+00
287.000      6.51632e+00
288.000      7.27032e+00
289.000      7.90283e+00
290.000      8.39623e+00
291.000      8.74833e+00
292.000      8.96927e+00
293.000      9.07725e+00
294.000      9.09457e+00
295.000      9.04490e+00
296.000      8.95199e+00
297.000      8.83922e+00
298.000      8.72921e+00
299.000      8.64269e+00
300.000      8.59650e+00
301.000      8.60137e+00
302.000      8.66045e+00
303.000      8.76921e+00
304.000      8.91691e+00
305.000      9.08888e+00
306.000      9.26892e+00
307.000      9.44125e+00
308.000      9.59209e+00
309.000      9.71113e+00
310.000      9.79306e+00
311.000      9.83896e+00
312.000      9.85673e+00
313.000      9.86023e+00
314.000      9.86693e+00
315.000      9.89505e+00
316.000      9.96097e+00
317.000      1.00780e+01
318.000      1.02564e+01
319.000      1.05048e+01
320.000      1.08305e+01
321.000      1.12404e+01
322.000      1.17391e+01
323.000      1.23271e+01
324.000      1.29973e+01
325.000      1.37329e+01
326.000      1.45053e+01
327.000      1.52747e+01
328.000      1.59936e+01
329.000      1.66119e+01
330.000      1.70844e+01
331.000      1.73776e+01
332.000      1.74761e+01
333.000      1.73849e+01
334.000      1.71295e+01
335.000      1.67523e+01
336.000      1.63083e+01
337.000      1.58587e+01
338.000      1.54663e+01
339.000      1.51905e+01
340.000      1.50829e+01
341.000      1.51837e+01
342.000      1.55178e+01
343.000      1.60926e+01
344.000      1.68960e+01
345.000      1.78975e+01
346.000      1.90517e+01
347.000      2.03033e+01
348.000      2.15939e+01
349.000      2.28684e+01
350.000      2.40802e+01
351.000      2.51921e+01
352.000      2.61755e+01
353.000      2.70060e+01
354.000      2.76587e+01
355.000      2.81051e+01
356.000      2.83141e+01
357.000      2.82562e+01
358.000      2.79115e+01
359.000      2.72778e+01
360.000      2.63761e+01
361.000      2.52519e+01
362.000      2.39696e+01
363.000      2.26029e+01
364.000      2.12212e+01
365.000      1.98770e+01
366.000      1.85968e+01
367.000      1.73789e+01
368.000      1.61985e+01
369.000      1.50206e+01
370.000      1.38158e+01
371.000      1.25761e+01
372.000      1.13244e+01
373.000      1.01159e+01
374.000      9.02961e+00
375.000      8.15385e+00
376.000      7.56817e+00
377.000      7.32839e+00
378.000      7.45789e+00
379.000      7.94728e+00
380.000      8.76143e+00
381.000      9.85063e+00
382.000      1.11611e+01
383.000      1.26408e+01
384.000      1.42385e+01
385.000      1.58961e+01
386.000      1.75382e+01
387.000      1.90639e+01
388.000      2.03457e+01
389.000      2.12395e+01
390.000      2.16054e+01
391.000      2.13359e+01
392.000      2.03840e+01
393.000      1.87822e+01
394.000      1.66455e+01
395.000      1.41552e+01
396.000      1.15276e+01
397.000      8.97509e+00
398.000      6.67165e+00
399.000      4.73065e+00
400.000      3.19924e+00
401.000      2.06771e+00
402.000      1.28811e+00
403.000      7.95337e-01
404.000      5.24793e-01
405.000      4.23701e-01
406.000      4.55256e-01
407.000      5.96949e-01
408.000      8.35133e-01
409.000      1.15819e+00
410.000      1.55050e+00
411.000      1.98887e+00
412.000      2.44257e+00
413.000      2.87670e+00
414.000      3.25795e+00
415.000      3.56067e+00
416.000      3.77114e+00
417.000      3.88859e+00
418.000      3.92260e+00
419.000      3.88801e+00
420.000      3.79900e+00
421.000      3.66471e+00
422.000      3.48770e+00
423.000      3.26581e+00
424.000      2.99642e+00
425.000      2.68143e+00
426.000      2.33079e+00
427.000      1.96330e+00
428.000      1.60430e+00
429.000      1.28115e+00
430.000      1.01798e+00
431.000      8.31246e-01
432.000      7.26974e-01
433.000      7.00006e-01
434.000      7.35054e-01
435.000      8.09254e-01
436.000      8.95877e-01
437.000      9.68747e-01
438.000      1.00669e+00
439.000      9.97086e-01
440.000      9.37556e-01
441.000      8.35376e-01
442.000      7.04711e-01
443.000      5.62612e-01
444.000      4.25006e-01
445.000      3.03761e-01
446.000      2.05400e-01
447.000      1.31400e-01
448.000      7.95260e-02
449.000      4.55348e-02
450.000      2.46658e-02
451.000      1.26405e-02
452.000      6.12849e-03
453.000      2.81099e-03
454.000      1.21978e-03
455.000      5.00752e-04
456.000      1.94483e-04
457.000      7.14590e-05
458.000      2.48400e-05
459.000      8.16887e-06
460.000      2.54150e-06
461.000      7.48061e-07
462.000      2.08306e-07
463.000      5.48760e-08
464.000      1.36767e-08
465.000      3.22477e-09
466.000      7.19338e-10
467.000      1.51805e-10
468.000      3.03078e-11
469.000      5.72456e-12
470.000      1.02293e-12
471.000      1.72930e-13
472.000      2.76573e-14
473.000      4.18472e-15
474.000      5.99021e-16
475.000      8.11213e-17
476.000      1.03931e-17
477.000      1.25972e-18
478.000      1.44450e-19
479.000      1.56705e-20
480.000      1.60828e-21
481.000      1.56157e-22
482.000      1.43442e-23
483.000      1.24655e-24
484.000      1.02485e-25
485.000      7.97133e-27
486.000      5.86567e-28
487.000      4.08340e-29
488.000      2.68932e-30
489.000      1.67565e-31
490.000      9.87732e-33
491.000      5.50825e-34
492.000      2.90607e-35
493.000      1.45049e-36
494.000      6.84924e-38
495.000      3.05976e-39
496.000      1.29315e-40
497.000      5.17047e-42
498.000      1.95581e-43
499.000      6.99910e-45
500.000      2.36960e-46
