# Gaussian folded, width=10 cm^-1
# [cm^-1] arbitrary
0.000      3.00000e+00
1.000      2.91796e+00
2.000      2.68508e+00
3.000      2.33749e+00
4.000      1.92514e+00
5.000      1.50000e+00
6.000      1.10570e+00
7.000      7.71085e-01
8.000      5.08727e-01
9.000      3.17530e-01
10.000      1.87500e-01
11.000      1.04747e-01
12.000      5.53621e-02
13.000      2.76901e-02
14.000      1.31277e-02
15.000      5.96594e-03
16.000      2.79253e-03
17.000      1.85686e-03
18.000      2.63736e-03
19.000      5.73672e-03
20.000      1.31766e-02
21.000      2.91337e-02
22.000      6.10959e-02
23.000      1.21257e-01
24.000      2.27688e-01
25.000      4.04479e-01
26.000      6.79782e-01
27.000      1.08084e+00
28.000      1.62581e+00
29.000      2.31364e+00
30.000      3.11487e+00
31.000      3.96736e+00
32.000      4.78058e+00
33.000      5.44976e+00
34.000      5.87750e+00
35.000      5.99688e+00
36.000      5.78867e+00
37.000      5.28639e+00
38.000      4.56757e+00
39.000      3.73441e+00
40.000      2.89054e+00
41.000      2.12149e+00
42.000      1.48391e+00
43.000      1.00508e+00
44.000      6.90268e-01
45.000      5.33929e-01
46.000      5.30112e-01
47.000      6.78640e-01
48.000      9.85280e-01
49.000      1.45582e+00
50.000      2.08581e+00
51.000      2.84932e+00
52.000      3.69124e+00
53.000      4.52734e+00
54.000      5.25449e+00
55.000      5.76987e+00
56.000      5.99417e+00
57.000      5.89133e+00
58.000      5.47800e+00
59.000      4.81909e+00
60.000      4.01126e+00
61.000      3.16006e+00
62.000      2.35844e+00
63.000      1.67271e+00
64.000      1.13878e+00
65.000      7.67270e-01
66.000      5.54071e-01
67.000      4.91505e-01
68.000      5.76471e-01
69.000      8.13088e-01
70.000      1.20913e+00
71.000      1.76729e+00
72.000      2.47377e+00
73.000      3.28846e+00
74.000      4.14106e+00
75.000      4.93684e+00
76.000      5.57272e+00
77.000      5.96070e+00
78.000      6.05205e+00
79.000      5.85488e+00
80.000      5.43940e+00
81.000      4.92903e+00
82.000      4.48042e+00
83.000      4.25748e+00
84.000      4.40530e+00
85.000      5.02774e+00
86.000      6.17094e+00
87.000      7.81356e+00
88.000      9.86505e+00
89.000      1.21727e+01
90.000      1.45385e+01
91.000      1.67431e+01
92.000      1.85752e+01
93.000      1.98591e+01
94.000      2.04779e+01
95.000      2.03879e+01
96.000      1.96220e+01
97.000      1.82834e+01
98.000      1.65281e+01
99.000      1.45382e+01
100.000      1.24926e+01
101.000      1.05388e+01
102.000      8.77510e+00
103.000      7.24581e+00
104.000      5.95179e+00
105.000      4.87003e+00
106.000      3.97618e+00
107.000      3.26296e+00
108.000      2.75116e+00
109.000      2.49245e+00
110.000      2.56578e+00
111.000      3.06841e+00
112.000      4.10098e+00
113.000      5.74533e+00
114.000      8.03504e+00
115.000      1.09229e+01
116.000      1.42553e+01
117.000      1.77663e+01
118.000      2.11026e+01
119.000      2.38821e+01
120.000      2.57744e+01
121.000      2.65802e+01
122.000      2.62826e+01
123.000      2.50487e+01
124.000      2.31791e+01
125.000      2.10224e+01
126.000      1.88834e+01
127.000      1.69583e+01
128.000      1.53136e+01
129.000      1.39096e+01
130.000      1.26531e+01
131.000      1.14559e+01
132.000      1.02780e+01
133.000      9.14691e+00
134.000      8.15230e+00
135.000      7.42346e+00
136.000      7.09799e+00
137.000      7.28810e+00
138.000      8.04904e+00
139.000      9.35406e+00
140.000      1.10814e+01
141.000      1.30195e+01
142.000      1.48949e+01
143.000      1.64197e+01
144.000      1.73501e+01
145.000      1.75394e+01
146.000      1.69704e+01
147.000      1.57565e+01
148.000      1.41106e+01
149.000      1.22922e+01
150.000      1.05483e+01
151.000      9.06606e+00
152.000      7.94669e+00
153.000      7.20625e+00
154.000      6.79652e+00
155.000      6.63667e+00
156.000      6.64433e+00
157.000      6.75707e+00
158.000      6.94047e+00
159.000      7.18352e+00
160.000      7.48661e+00
161.000      7.84869e+00
162.000      8.25993e+00
163.000      8.70342e+00
164.000      9.16517e+00
165.000      9.64736e+00
166.000      1.01772e+01
167.000      1.08042e+01
168.000      1.15840e+01
169.000      1.25524e+01
170.000      1.36996e+01
171.000      1.49584e+01
172.000      1.62122e+01
173.000      1.73244e+01
174.000      1.81785e+01
175.000      1.87141e+01
176.000      1.89447e+01
177.000      1.89509e+01
178.000      1.88501e+01
179.000      1.87553e+01
180.000      1.87354e+01
181.000      1.87928e+01
182.000      1.88646e+01
183.000      1.88498e+01
184.000      1.86536e+01
185.000      1.82375e+01
186.000      1.76562e+01
187.000      1.70687e+01
188.000      1.67136e+01
189.000      1.68524e+01
190.000      1.76936e+01
191.000      1.93183e+01
192.000      2.16322e+01
193.000      2.43622e+01
194.000      2.71037e+01
195.000      2.94125e+01
196.000      3.09151e+01
197.000      3.14083e+01
198.000      3.09145e+01
199.000      2.96744e+01
200.000      2.80774e+01
201.000      2.65506e+01
202.000      2.54390e+01
203.000      2.49156e+01
204.000      2.49445e+01
205.000      2.53065e+01
206.000      2.56731e+01
207.000      2.57039e+01
208.000      2.51373e+01
209.000      2.38494e+01
210.000      2.18710e+01
211.000      1.93657e+01
212.000      1.65808e+01
213.000      1.37905e+01
214.000      1.12447e+01
215.000      9.13248e+00
216.000      7.56260e+00
217.000      6.55805e+00
218.000      6.06254e+00
219.000      5.95597e+00
220.000      6.07783e+00
221.000      6.25667e+00
222.000      6.34133e+00
223.000      6.22792e+00
224.000      5.87559e+00
225.000      5.30693e+00
226.000      4.59322e+00
227.000      3.82940e+00
228.000      3.10709e+00
229.000      2.49312e+00
230.000      2.01890e+00
231.000      1.68122e+00
232.000      1.45184e+00
233.000      1.29114e+00
234.000      1.16106e+00
235.000      1.03405e+00
236.000      8.96608e-01
237.000      7.48055e-01
238.000      5.96164e-01
239.000      4.51906e-01
240.000      3.25037e-01
241.000      2.21533e-01
242.000      1.42970e-01
243.000      8.73333e-02
244.000      5.04837e-02
245.000      2.76145e-02
246.000      1.42987e-02
247.000      7.02793e-03
248.000      3.33735e-03
249.000      1.69540e-03
250.000      1.33072e-03
251.000      2.13063e-03
252.000      4.71261e-03
253.000      1.07624e-02
254.000      2.37460e-02
255.000      5.01200e-02
256.000      1.01158e-01
257.000      1.95444e-01
258.000      3.61912e-01
259.000      6.43024e-01
260.000      1.09723e+00
261.000      1.79935e+00
262.000      2.83704e+00
263.000      4.30177e+00
264.000      6.27308e+00
265.000      8.79745e+00
266.000      1.18653e+01
267.000      1.53926e+01
268.000      1.92143e+01
269.000      2.30965e+01
270.000      2.67678e+01
271.000      2.99664e+01
272.000      3.24925e+01
273.000      3.42547e+01
274.000      3.52962e+01
275.000      3.57959e+01
276.000      3.60390e+01
277.000      3.63605e+01
278.000      3.70696e+01
279.000      3.83678e+01
280.000      4.02805e+01
281.000      4.26207e+01
282.000      4.50034e+01
283.000      4.69134e+01
284.000      4.78181e+01
285.000      4.72959e+01
286.000      4.51440e+01
287.000      4.14339e+01
288.000      3.64962e+01
289.000      3.08434e+01
290.000      2.50556e+01
291.000      1.96652e+01
292.000      1.50714e+01
293.000      1.14989e+01
294.000      8.99933e+00
295.000      7.48399e+00
296.000      6.77025e+00
297.000      6.63059e+00
298.000      6.83611e+00
299.000      7.19071e+00
300.000      7.55281e+00
301.000      7.84213e+00
302.000      8.03088e+00
303.000      8.12282e+00
304.000      8.12806e+00
305.000      8.04348e+00
306.000      7.84620e+00
307.000      7.50182e+00
308.000      6.98225e+00
309.000      6.28371e+00
310.000      5.43621e+00
311.000      4.50046e+00
312.000      3.55400e+00
313.000      2.67307e+00
314.000      1.91733e+00
315.000      1.32248e+00
316.000      9.01632e-01
317.000      6.53106e-01
318.000      5.70366e-01
319.000      6.49827e-01
320.000      8.93591e-01
321.000      1.30598e+00
322.000      1.88477e+00
323.000      2.61005e+00
324.000      3.43496e+00
325.000      4.28295e+00
326.000      5.05483e+00
327.000      5.64566e+00
328.000      5.96753e+00
329.000      5.97138e+00
330.000      5.66024e+00
331.000      5.08924e+00
332.000      4.35195e+00
333.000      3.55802e+00
334.000      2.80903e+00
335.000      2.17970e+00
336.000      1.70840e+00
337.000      1.39759e+00
338.000      1.22170e+00
339.000      1.13890e+00
340.000      1.10329e+00
341.000      1.07493e+00
342.000      1.02626e+00
343.000      9.44478e-01
344.000      8.30251e-01
345.000      6.93794e-01
346.000      5.49796e-01
347.000      4.12667e-01
348.000      2.93201e-01
349.000      1.97139e-01
350.000      1.25417e-01
351.000      7.54898e-02
352.000      4.29884e-02
353.000      2.31601e-02
354.000      1.18045e-02
355.000      5.69217e-03
356.000      2.59672e-03
357.000      1.12070e-03
358.000      4.57586e-04
359.000      1.76756e-04
360.000      6.45939e-05
361.000      2.23320e-05
362.000      7.30433e-06
363.000      2.26022e-06
364.000      6.61668e-07
365.000      1.83251e-07
366.000      4.80142e-08
367.000      1.19018e-08
368.000      2.79107e-09
369.000      6.19223e-10
370.000      1.29969e-10
371.000      2.58079e-11
372.000      4.84822e-12
373.000      8.61647e-13
374.000      1.44875e-13
375.000      2.30450e-14
376.000      3.46798e-15
377.000      4.93734e-16
378.000      6.65010e-17
379.000      8.47385e-18
380.000      1.02153e-18
381.000      1.16504e-19
382.000      1.25703e-20
383.000      1.28312e-21
384.000      1.23910e-22
385.000      1.13205e-23
386.000      9.78458e-25
387.000      8.00084e-26
388.000      6.18937e-27
389.000      4.52976e-28
390.000      3.13633e-29
391.000      2.05440e-30
392.000      1.27311e-31
393.000      7.46390e-33
394.000      4.13983e-34
395.000      2.17228e-35
396.000      1.07837e-36
397.000      5.06451e-38
398.000      2.25022e-39
399.000      9.45865e-41
400.000      3.76142e-42
401.000      1.41511e-43
402.000      5.03673e-45
403.000      1.69599e-46
404.000      5.40277e-48
405.000      1.62827e-49
406.000      4.64253e-51
407.000      1.25228e-52
408.000      3.19568e-54
409.000      7.71513e-56
410.000      1.76214e-57
411.000      3.80765e-59
412.000      7.78379e-61
413.000      1.50537e-62
414.000      2.75430e-64
415.000      4.76757e-66
416.000      7.80729e-68
417.000      1.20954e-69
418.000      1.77281e-71
419.000      2.45820e-73
420.000      3.22472e-75
421.000      4.00206e-77
422.000      4.69887e-79
423.000      5.21939e-81
424.000      5.48485e-83
425.000      5.45289e-85
426.000      5.12869e-87
427.000      4.56356e-89
428.000      3.84166e-91
429.000      3.05951e-93
430.000      2.30517e-95
431.000      1.64312e-97
432.000      1.10804e-99
433.000     7.06901e-102
434.000     4.26657e-104
435.000     2.43622e-106
436.000     1.31605e-108
437.000     6.72584e-111
438.000     3.25190e-113
439.000     1.48746e-115
440.000     6.43683e-118
441.000     2.63522e-120
442.000     1.02065e-122
443.000     3.73987e-125
444.000     1.29644e-127
445.000     4.25175e-130
446.000     1.31917e-132
447.000     3.87212e-135
448.000     1.07527e-137
449.000     2.82488e-140
450.000     7.02106e-143
451.000     1.65091e-145
452.000     3.67248e-148
453.000     7.72885e-151
454.000     1.53882e-153
455.000     2.89853e-156
456.000     5.16518e-159
457.000     8.70785e-162
458.000     1.38885e-164
459.000     2.09563e-167
460.000     2.99153e-170
461.000     4.04007e-173
462.000     5.16181e-176
463.000     6.23926e-179
464.000     7.13480e-182
465.000     7.71877e-185
466.000     7.90009e-188
467.000     7.64951e-191
468.000     7.00733e-194
469.000     6.07280e-197
470.000     4.97901e-200
471.000     3.86203e-203
472.000     2.83403e-206
473.000     1.96749e-209
474.000     1.29222e-212
475.000     8.02932e-216
476.000     4.71996e-219
477.000     2.62492e-222
478.000     1.38105e-225
479.000     6.87422e-229
480.000     3.23708e-232
481.000     1.44212e-235
482.000     6.07809e-239
483.000     2.42354e-242
484.000     9.14220e-246
485.000     3.26264e-249
486.000     1.10155e-252
487.000     3.51851e-256
488.000     1.06324e-259
489.000     3.03961e-263
490.000     8.22099e-267
491.000     2.10353e-270
492.000     5.09201e-274
493.000     1.16613e-277
494.000     2.52653e-281
495.000     5.17868e-285
496.000     1.00423e-288
497.000     1.84230e-292
498.000     3.19748e-296
499.000     5.25016e-300
500.000     8.15558e-304
