# Gaussian folded, width=10 cm^-1
# [cm^-1] arbitrary
0.000      3.00000e+00
1.000      2.91796e+00
2.000      2.68508e+00
3.000      2.33749e+00
4.000      1.92514e+00
5.000      1.50000e+00
6.000      1.10570e+00
7.000      7.71085e-01
8.000      5.08727e-01
9.000      3.17529e-01
10.000      1.87500e-01
11.000      1.04746e-01
12.000      5.53593e-02
13.000      2.76806e-02
14.000      1.30972e-02
15.000      5.87283e-03
16.000      2.52383e-03
17.000      1.12452e-03
18.000      7.52669e-04
19.000      1.15823e-03
20.000      2.68091e-03
21.000      6.43923e-03
22.000      1.48334e-02
23.000      3.24066e-02
24.000      6.70458e-02
25.000      1.31334e-01
26.000      2.43586e-01
27.000      4.27762e-01
28.000      7.11272e-01
29.000      1.11986e+00
30.000      1.66952e+00
31.000      2.35684e+00
32.000      3.15057e+00
33.000      3.98819e+00
34.000      4.78078e+00
35.000      5.42707e+00
36.000      5.83424e+00
37.000      5.93966e+00
38.000      5.72670e+00
39.000      5.22903e+00
40.000      4.52192e+00
41.000      3.70366e+00
42.000      2.87353e+00
43.000      2.11296e+00
44.000      1.47501e+00
45.000      9.83144e-01
46.000      6.37626e-01
47.000      4.25876e-01
48.000      3.32991e-01
49.000      3.49716e-01
50.000      4.76323e-01
51.000      7.21902e-01
52.000      1.09933e+00
53.000      1.61688e+00
54.000      2.26831e+00
55.000      3.02422e+00
56.000      3.82795e+00
57.000      4.59884e+00
58.000      5.24370e+00
59.000      5.67459e+00
60.000      5.82828e+00
61.000      5.68138e+00
62.000      5.25619e+00
63.000      4.61517e+00
64.000      3.84614e+00
65.000      3.04289e+00
66.000      2.28746e+00
67.000      1.63871e+00
68.000      1.12918e+00
69.000      7.69361e-01
70.000      5.56412e-01
71.000      4.83583e-01
72.000      5.47331e-01
73.000      7.50020e-01
74.000      1.09755e+00
75.000      1.59258e+00
76.000      2.22542e+00
77.000      2.96553e+00
78.000      3.75725e+00
79.000      4.52261e+00
80.000      5.17227e+00
81.000      5.62299e+00
82.000      5.81727e+00
83.000      5.73981e+00
84.000      5.42577e+00
85.000      4.95864e+00
86.000      4.45825e+00
87.000      4.06221e+00
88.000      3.90491e+00
89.000      4.09750e+00
90.000      4.71132e+00
91.000      5.76622e+00
92.000      7.22507e+00
93.000      8.99574e+00
94.000      1.09415e+01
95.000      1.28991e+01
96.000      1.47012e+01
97.000      1.61995e+01
98.000      1.72819e+01
99.000      1.78826e+01
100.000      1.79824e+01
101.000      1.76037e+01
102.000      1.68020e+01
103.000      1.56573e+01
104.000      1.42668e+01
105.000      1.27377e+01
106.000      1.11780e+01
107.000      9.68641e+00
108.000      8.34061e+00
109.000      7.18772e+00
110.000      6.24074e+00
111.000      5.48332e+00
112.000      4.88300e+00
113.000      4.40963e+00
114.000      4.05336e+00
115.000      3.83642e+00
116.000      3.81450e+00
117.000      4.06667e+00
118.000      4.67602e+00
119.000      5.70571e+00
120.000      7.17620e+00
121.000      9.04934e+00
122.000      1.12239e+01
123.000      1.35446e+01
124.000      1.58232e+01
125.000      1.78682e+01
126.000      1.95158e+01
127.000      2.06551e+01
128.000      2.12426e+01
129.000      2.13030e+01
130.000      2.09169e+01
131.000      2.01998e+01
132.000      1.92775e+01
133.000      1.82625e+01
134.000      1.72363e+01
135.000      1.62412e+01
136.000      1.52828e+01
137.000      1.43407e+01
138.000      1.33858e+01
139.000      1.23987e+01
140.000      1.13830e+01
141.000      1.03716e+01
142.000      9.42342e+00
143.000      8.61227e+00
144.000      8.01101e+00
145.000      7.67472e+00
146.000      7.62711e+00
147.000      7.85323e+00
148.000      8.30037e+00
149.000      8.88708e+00
150.000      9.51837e+00
151.000      1.01033e+01
152.000      1.05706e+01
153.000      1.08784e+01
154.000      1.10168e+01
155.000      1.10028e+01
156.000      1.08719e+01
157.000      1.06679e+01
158.000      1.04341e+01
159.000      1.02091e+01
160.000      1.00239e+01
161.000      9.90181e+00
162.000      9.85900e+00
163.000      9.90407e+00
164.000      1.00380e+01
165.000      1.02539e+01
166.000      1.05384e+01
167.000      1.08727e+01
168.000      1.12359e+01
169.000      1.16073e+01
170.000      1.19692e+01
171.000      1.23087e+01
172.000      1.26183e+01
173.000      1.28964e+01
174.000      1.31453e+01
175.000      1.33697e+01
176.000      1.35738e+01
177.000      1.37585e+01
178.000      1.39205e+01
179.000      1.40525e+01
180.000      1.41459e+01
181.000      1.41952e+01
182.000      1.42021e+01
183.000      1.41783e+01
184.000      1.41448e+01
185.000      1.41277e+01
186.000      1.41523e+01
187.000      1.42370e+01
188.000      1.43895e+01
189.000      1.46073e+01
190.000      1.48814e+01
191.000      1.52017e+01
192.000      1.55613e+01
193.000      1.59577e+01
194.000      1.63890e+01
195.000      1.68489e+01
196.000      1.73201e+01
197.000      1.77719e+01
198.000      1.81613e+01
199.000      1.84387e+01
200.000      1.85565e+01
201.000      1.84777e+01
202.000      1.81822e+01
203.000      1.76695e+01
204.000      1.69586e+01
205.000      1.60838e+01
206.000      1.50892e+01
207.000      1.40223e+01
208.000      1.29278e+01
209.000      1.18422e+01
210.000      1.07915e+01
211.000      9.79152e+00
212.000      8.85196e+00
213.000      7.98190e+00
214.000      7.19547e+00
215.000      6.51454e+00
216.000      5.96691e+00
217.000      5.58016e+00
218.000      5.37303e+00
219.000      5.34753e+00
220.000      5.48503e+00
221.000      5.74808e+00
222.000      6.08839e+00
223.000      6.45854e+00
224.000      6.82398e+00
225.000      7.17135e+00
226.000      7.50980e+00
227.000      7.86468e+00
228.000      8.26545e+00
229.000      8.73181e+00
230.000      9.26310e+00
231.000      9.83460e+00
232.000      1.04021e+01
233.000      1.09132e+01
234.000      1.13209e+01
235.000      1.15962e+01
236.000      1.17351e+01
237.000      1.17588e+01
238.000      1.17076e+01
239.000      1.16308e+01
240.000      1.15746e+01
241.000      1.15724e+01
242.000      1.16378e+01
243.000      1.17636e+01
244.000      1.19256e+01
245.000      1.20902e+01
246.000      1.22234e+01
247.000      1.22992e+01
248.000      1.23033e+01
249.000      1.22323e+01
250.000      1.20882e+01
251.000      1.18709e+01
252.000      1.15726e+01
253.000      1.11773e+01
254.000      1.06668e+01
255.000      1.00318e+01
256.000      9.28267e+00
257.000      8.45553e+00
258.000      7.60983e+00
259.000      6.81715e+00
260.000      6.14524e+00
261.000      5.64277e+00
262.000      5.33029e+00
263.000      5.20035e+00
264.000      5.22624e+00
265.000      5.37626e+00
266.000      5.62849e+00
267.000      5.98133e+00
268.000      6.45664e+00
269.000      7.09450e+00
270.000      7.94139e+00
271.000      9.03520e+00
272.000      1.03916e+01
273.000      1.19952e+01
274.000      1.37975e+01
275.000      1.57213e+01
276.000      1.76708e+01
277.000      1.95428e+01
278.000      2.12381e+01
279.000      2.26714e+01
280.000      2.37774e+01
281.000      2.45148e+01
282.000      2.48674e+01
283.000      2.48442e+01
284.000      2.44764e+01
285.000      2.38138e+01
286.000      2.29182e+01
287.000      2.18556e+01
288.000      2.06874e+01
289.000      1.94629e+01
290.000      1.82148e+01
291.000      1.69598e+01
292.000      1.57031e+01
293.000      1.44465e+01
294.000      1.31959e+01
295.000      1.19658e+01
296.000      1.07803e+01
297.000      9.66825e+00
298.000      8.65786e+00
299.000      7.77085e+00
300.000      7.01983e+00
301.000      6.40842e+00
302.000      5.93319e+00
303.000      5.58530e+00
304.000      5.35092e+00
305.000      5.21039e+00
306.000      5.13782e+00
307.000      5.10259e+00
308.000      5.07343e+00
309.000      5.02416e+00
310.000      4.93885e+00
311.000      4.81438e+00
312.000      4.65931e+00
313.000      4.48984e+00
314.000      4.32458e+00
315.000      4.18024e+00
316.000      4.06926e+00
317.000      3.99916e+00
318.000      3.97269e+00
319.000      3.98774e+00
320.000      4.03700e+00
321.000      4.10805e+00
322.000      4.18508e+00
323.000      4.25261e+00
324.000      4.30078e+00
325.000      4.33034e+00
326.000      4.35530e+00
327.000      4.40144e+00
328.000      4.50061e+00
329.000      4.68207e+00
330.000      4.96400e+00
331.000      5.34816e+00
332.000      5.82016e+00
333.000      6.35527e+00
334.000      6.92743e+00
335.000      7.51771e+00
336.000      8.11871e+00
337.000      8.73361e+00
338.000      9.37111e+00
339.000      1.00395e+01
340.000      1.07427e+01
341.000      1.14795e+01
342.000      1.22452e+01
343.000      1.30323e+01
344.000      1.38298e+01
345.000      1.46187e+01
346.000      1.53676e+01
347.000      1.60297e+01
348.000      1.65438e+01
349.000      1.68420e+01
350.000      1.68606e+01
351.000      1.65538e+01
352.000      1.59063e+01
353.000      1.49409e+01
354.000      1.37186e+01
355.000      1.23315e+01
356.000      1.08880e+01
357.000      9.49634e+00
358.000      8.24825e+00
359.000      7.20810e+00
360.000      6.40801e+00
361.000      5.84916e+00
362.000      5.50709e+00
363.000      5.33887e+00
364.000      5.29045e+00
365.000      5.30355e+00
366.000      5.32216e+00
367.000      5.29873e+00
368.000      5.20001e+00
369.000      5.01157e+00
370.000      4.73981e+00
371.000      4.41029e+00
372.000      4.06232e+00
373.000      3.74071e+00
374.000      3.48700e+00
375.000      3.33245e+00
376.000      3.29457e+00
377.000      3.37710e+00
378.000      3.57227e+00
379.000      3.86317e+00
380.000      4.22478e+00
381.000      4.62377e+00
382.000      5.01851e+00
383.000      5.36150e+00
384.000      5.60539e+00
385.000      5.71177e+00
386.000      5.66009e+00
387.000      5.45333e+00
388.000      5.11769e+00
389.000      4.69633e+00
390.000      4.23903e+00
391.000      3.79135e+00
392.000      3.38663e+00
393.000      3.04259e+00
394.000      2.76240e+00
395.000      2.53863e+00
396.000      2.35801e+00
397.000      2.20530e+00
398.000      2.06583e+00
399.000      1.92680e+00
400.000      1.77810e+00
401.000      1.61314e+00
402.000      1.42982e+00
403.000      1.23095e+00
404.000      1.02395e+00
405.000      8.19298e-01
406.000      6.28207e-01
407.000      4.60207e-01
408.000      3.21338e-01
409.000      2.13466e-01
410.000      1.34724e-01
411.000      8.06951e-02
412.000      4.58339e-02
413.000      2.46719e-02
414.000      1.25806e-02
415.000      6.07488e-03
416.000      2.77717e-03
417.000      1.20176e-03
418.000      4.92178e-04
419.000      1.90753e-04
420.000      6.99575e-05
421.000      2.42764e-05
422.000      7.97086e-06
423.000      2.47618e-06
424.000      7.27789e-07
425.000      2.02380e-07
426.000      5.32432e-08
427.000      1.32522e-08
428.000      3.12062e-09
429.000      6.95212e-10
430.000      1.46526e-10
431.000      2.92170e-11
432.000      5.51157e-12
433.000      9.83637e-13
434.000      1.66079e-13
435.000      2.65284e-14
436.000      4.00891e-15
437.000      5.73140e-16
438.000      7.75198e-17
439.000      9.91934e-18
440.000      1.20080e-18
441.000      1.37523e-19
442.000      1.49005e-20
443.000      1.52736e-21
444.000      1.48115e-22
445.000      1.35886e-23
446.000      1.17942e-24
447.000      9.68460e-26
448.000      7.52334e-27
449.000      5.52914e-28
450.000      3.84435e-29
451.000      2.52874e-30
452.000      1.57364e-31
453.000      9.26449e-33
454.000      5.16008e-34
455.000      2.71900e-35
456.000      1.35544e-36
457.000      6.39245e-38
458.000      2.85215e-39
459.000      1.20391e-40
460.000      4.80768e-42
461.000      1.81633e-43
462.000      6.49187e-45
463.000      2.19515e-46
464.000      7.02222e-48
465.000      2.12521e-49
466.000      6.08484e-51
467.000      1.64821e-52
468.000      4.22371e-54
469.000      1.02398e-55
470.000      2.34860e-57
471.000      5.09617e-59
472.000      1.04615e-60
473.000      2.03173e-62
474.000      3.73295e-64
475.000      6.48868e-66
476.000      1.06704e-67
477.000      1.66004e-69
478.000      2.44330e-71
479.000      3.40213e-73
480.000      4.48171e-75
481.000      5.58539e-77
482.000      6.58539e-79
483.000      7.34559e-81
484.000      7.75157e-83
485.000      7.73874e-85
486.000      7.30918e-87
487.000      6.53107e-89
488.000      5.52100e-91
489.000      4.41539e-93
490.000      3.34070e-95
491.000      2.39124e-97
492.000      1.61930e-99
493.000     1.03741e-101
494.000     6.28764e-104
495.000     3.60532e-106
496.000     1.95577e-108
497.000     1.00371e-110
498.000     4.87326e-113
499.000     2.23845e-115
500.000     9.72727e-118
