4.500000000000000000e+01
4.376940000000000452e+01
4.027619999999999578e+01
3.506234999999999502e+01
2.887709999999999511e+01
2.250000000000000000e+01
1.658550000000000324e+01
1.156627499999999920e+01
7.630905000000002936e+00
4.762935000000000585e+00
2.812500000000000000e+00
1.571190000000000087e+00
8.303850000000002618e-01
4.151925000000001309e-01
1.963979999999999893e-01
8.789095000000000935e-02
3.721193999999999891e-02
1.490972499999999867e-02
5.668354999999999054e-03
2.097172999999999919e-03
9.270495999999998731e-04
9.748660000000000138e-04
2.310972000000000113e-03
6.343675000000000876e-03
1.689642799999999806e-02
4.275531999999999250e-02
1.025646199999999952e-01
2.332092000000000331e-01
5.026321000000000261e-01
1.026918400000000009e+00
1.988971999999999962e+00
3.652200000000000113e+00
6.358270000000000977e+00
1.049558999999999997e+01
1.642793999999999599e+01
2.438327000000000311e+01
3.432078000000000628e+01
4.581421000000000276e+01
5.800191999999998416e+01
6.964717999999999165e+01
7.932352000000001624e+01
8.569472000000000378e+01
8.781616999999997120e+01
8.536417000000000144e+01
7.871693000000000495e+01
6.885885999999999285e+01
5.714215000000000089e+01
4.498435999999999524e+01
3.359518000000000626e+01
2.380164999999999864e+01
1.599834999999999852e+01
1.020455699999999766e+01
6.184062000000000836e+00
3.578701000000000132e+00
2.020290999999999837e+00
1.205475700000000039e+00
9.351515000000000244e-01
1.129287399999999941e+00
1.828176000000000023e+00
3.185826999999999742e+00
5.453683999999999976e+00
8.947070000000000078e+00
1.398586500000000044e+01
2.080651000000000295e+01
2.945453999999999795e+01
3.968159000000000702e+01
5.088239999999999696e+01
6.210708999999999946e+01
7.216951000000000249e+01
7.984335000000000093e+01
8.410419000000000267e+01
8.435276000000000352e+01
8.055283000000000015e+01
7.323992999999998688e+01
6.339870000000001227e+01
5.224708999999999293e+01
4.099414000000000158e+01
3.063744999999999408e+01
2.184745000000000203e+01
1.495115900000000053e+01
9.998803000000000551e+00
6.876679999999999460e+00
5.427384999999999238e+00
5.544512999999999359e+00
7.221870000000000900e+00
1.054898899999999884e+01
1.565537599999999863e+01
2.261567000000000149e+01
3.133813999999999567e+01
4.146733999999999298e+01
5.233545999999999054e+01
6.299089999999999634e+01
7.231354000000000326e+01
7.920180999999999472e+01
8.278981999999999175e+01
8.263904999999999745e+01
7.885263000000000488e+01
7.208185000000000286e+01
6.342687000000001518e+01
5.426342999999999961e+01
4.604241000000000383e+01
4.010677999999999344e+01
3.755259999999999820e+01
3.913912999999999442e+01
4.523798999999999637e+01
5.580938999999999339e+01
7.040156000000000347e+01
8.818094000000000676e+01
1.080046299999999917e+02
1.285392200000000003e+02
1.484148100000000170e+02
1.663869999999999720e+02
1.814733000000000231e+02
1.930357000000000767e+02
2.007977999999999668e+02
2.048049000000000035e+02
2.053458000000000254e+02
2.028583999999999889e+02
1.978419000000000096e+02
1.907841000000000236e+02
1.821126000000000147e+02
1.721701999999999941e+02
1.612223000000000184e+02
1.494861099999999965e+02
1.371853600000000029e+02
1.246051899999999932e+02
1.121332799999999992e+02
1.002638400000000019e+02
8.955534000000000106e+01
8.054993000000000336e+01
7.367968999999999369e+01
6.919470999999998639e+01
6.714173000000000968e+01
6.740221999999999980e+01
6.977318999999999960e+01
7.405375999999998271e+01
8.009895000000000209e+01
8.781686000000000547e+01
9.711474000000001183e+01
1.078216899999999754e+02
1.196284100000000024e+02
1.320739199999999869e+02
1.445873500000000149e+02
1.565696999999999832e+02
1.674854000000000269e+02
1.769354000000000156e+02
1.846923000000000457e+02
1.906990999999999872e+02
1.950392999999999972e+02
1.978930000000000291e+02
1.994933000000000050e+02
2.000880999999999688e+02
1.999146000000000072e+02
1.991807000000000301e+02
1.980578999999999610e+02
1.966788999999999987e+02
1.951407999999999845e+02
1.935047000000000139e+02
1.917927999999999997e+02
1.899787000000000035e+02
1.879736000000000047e+02
1.856143999999999608e+02
1.826629000000000360e+02
1.788251999999999953e+02
1.737901999999999987e+02
1.672941999999999894e+02
1.591956200000000194e+02
1.495458399999999983e+02
1.386366099999999904e+02
1.270091400000000021e+02
1.154103399999999908e+02
1.047021199999999936e+02
9.573609000000000435e+01
8.921970000000001733e+01
8.560329000000000121e+01
8.501329000000001201e+01
8.724483000000000743e+01
9.181283999999998002e+01
9.804577999999999349e+01
1.051996999999999645e+02
1.125676800000000100e+02
1.195648200000000116e+02
1.257775700000000256e+02
1.309744100000000060e+02
1.350845599999999820e+02
1.381557400000000086e+02
1.403060699999999770e+02
1.416827200000000175e+02
1.424341100000000040e+02
1.426951400000000376e+02
1.425837800000000186e+02
1.421986499999999864e+02
1.416160799999999824e+02
1.408852900000000261e+02
1.400247400000000084e+02
1.390238999999999976e+02
1.378528499999999894e+02
1.364794199999999762e+02
1.348898099999999829e+02
1.331083200000000204e+02
1.312083499999999958e+02
1.293101700000000278e+02
1.275625499999999874e+02
1.261091100000000012e+02
1.250464299999999866e+02
1.243850299999999862e+02
1.240270799999999838e+02
1.237698599999999800e+02
1.233399499999999875e+02
1.224497399999999914e+02
1.208642499999999984e+02
1.184604799999999756e+02
1.152650199999999927e+02
1.114619900000000143e+02
1.073691900000000032e+02
1.033911100000000118e+02
9.995537000000000205e+01
9.744637000000000171e+01
9.614631000000001393e+01
9.619306000000000267e+01
9.756323000000001855e+01
1.000826200000000057e+02
1.034629600000000096e+02
1.073558400000000148e+02
1.114108700000000027e+02
1.153239700000000170e+02
1.188650599999999997e+02
1.218822000000000116e+02
1.242894800000000117e+02
1.260476999999999919e+02
1.271531000000000233e+02
1.276338299999999606e+02
1.275542799999999914e+02
1.270163300000000106e+02
1.261492199999999855e+02
1.250873999999999882e+02
1.239420500000000089e+02
1.227789499999999947e+02
1.216109799999999836e+02
1.204081600000000094e+02
1.191198500000000138e+02
1.177002799999999922e+02
1.161275600000000168e+02
1.144125999999999976e+02
1.125971500000000134e+02
1.107449299999999823e+02
1.089292900000000088e+02
1.072214799999999855e+02
1.056806700000000063e+02
1.043474300000000028e+02
1.032403300000000144e+02
1.023545699999999954e+02
1.016621200000000016e+02
1.011133800000000065e+02
1.006414000000000044e+02
1.001718000000000046e+02
9.963958999999999833e+01
9.901165000000000305e+01
9.830898000000000536e+01
9.761877000000001203e+01
9.708712000000001296e+01
9.688731999999998834e+01
9.716847999999997398e+01
9.799849000000000387e+01
9.932009999999999650e+01
1.009366899999999987e+02
1.025349999999999966e+02
1.037382599999999968e+02
1.041733799999999945e+02
1.035327099999999803e+02
1.016158099999999962e+02
9.834694000000000358e+01
9.377333000000000141e+01
8.805579000000001599e+01
8.145909000000000333e+01
7.434552999999999656e+01
6.716633999999999105e+01
6.044307999999999481e+01
5.473170999999999253e+01
5.056945999999999231e+01
4.841134999999999877e+01
4.856748000000000332e+01
5.115508999999999418e+01
5.607408000000000214e+01
6.301207000000000846e+01
7.147812000000000410e+01
8.086106999999999800e+01
9.050456999999998686e+01
9.978825999999999397e+01
1.082009999999999934e+02
1.153945699999999590e+02
1.212059500000000298e+02
1.256476100000000287e+02
1.288691400000000442e+02
1.311028400000000147e+02
1.326066700000000083e+02
1.336188899999999933e+02
1.343293999999999926e+02
1.348712600000000066e+02
1.353283800000000099e+02
1.357533200000000022e+02
1.361884199999999794e+02
1.366805300000000045e+02
1.372878000000000043e+02
1.380739000000000090e+02
1.390932999999999993e+02
1.403749699999999905e+02
1.419072199999999953e+02
1.436326500000000124e+02
1.454496399999999880e+02
1.472219700000000273e+02
1.487964399999999898e+02
1.500258000000000038e+02
1.507999100000000112e+02
1.510849699999999984e+02
1.509581300000000113e+02
1.506342999999999961e+02
1.504663000000000181e+02
1.509121100000000411e+02
1.524713700000000074e+02
1.556020700000000261e+02
1.606417099999999891e+02
1.677448099999999727e+02
1.768556999999999562e+02
1.877122999999999990e+02
1.998773999999999944e+02
2.127793000000000063e+02
2.257631000000000085e+02
2.381420999999999992e+02
2.492502999999999815e+02
2.584985000000000355e+02
2.654270000000000209e+02
2.697519000000000347e+02
2.713951999999999884e+02
2.704947999999999979e+02
2.673964000000000283e+02
2.626268999999999778e+02
2.568585999999999672e+02
2.508596000000000004e+02
2.454391000000000247e+02
2.413829000000000065e+02
2.393831999999999880e+02
2.399705999999999904e+02
2.434611000000000161e+02
2.499297000000000253e+02
2.592135999999999854e+02
2.709584999999999582e+02
2.846799000000000319e+02
2.998371000000000208e+02
3.158946000000000254e+02
3.323548000000000116e+02
3.487535000000000309e+02
3.646243000000000620e+02
3.794450999999999681e+02
3.925960999999999785e+02
4.033499000000000478e+02
4.109178999999999746e+02
4.145456000000000358e+02
4.136482999999999493e+02
4.079451999999999430e+02
3.975560000000000400e+02
3.830233999999999241e+02
3.652425000000000068e+02
3.453094000000000392e+02
3.243116999999999734e+02
3.031311000000000035e+02
2.822986000000000217e+02
2.619646000000000186e+02
2.419855999999999767e+02
2.221077999999999690e+02
2.021889000000000465e+02
1.823833000000000197e+02
1.632283500000000060e+02
1.456066600000000051e+02
1.305966699999999889e+02
1.192606900000000110e+02
1.124392899999999855e+02
1.106085400000000050e+02
1.138369700000000222e+02
1.218422700000000276e+02
1.341173199999999781e+02
1.500726799999999912e+02
1.691391999999999598e+02
1.907861000000000047e+02
2.144438999999999567e+02
2.393530000000000086e+02
2.643967000000000098e+02
2.879923000000000002e+02
3.081110000000000468e+02
3.224620000000000459e+02
3.288361000000000445e+02
3.255398000000000707e+02
3.118162999999999556e+02
2.881231999999999971e+02
2.561662999999999784e+02
2.186610000000000014e+02
1.788641999999999825e+02
1.400039100000000190e+02
1.047633500000000026e+02
7.494111999999999796e+01
5.135196000000000538e+01
3.394594000000000023e+01
2.206754000000000104e+01
1.475424199999999786e+01
1.099198499999999790e+01
9.882324999999999804e+00
1.071589600000000075e+01
1.297378600000000048e+01
1.628847400000000079e+01
2.039204899999999654e+01
2.506969000000000136e+01
3.012539000000000300e+01
3.536073999999999984e+01
4.056450000000000244e+01
4.551118999999999915e+01
4.996716000000000690e+01
5.370311999999999131e+01
5.651100999999999885e+01
5.822186999999999557e+01
5.872147999999999968e+01
5.796057000000000414e+01
5.595895999999999759e+01
5.280476000000000170e+01
4.865055999999999869e+01
4.370750999999999920e+01
3.823732000000000397e+01
3.253985000000000127e+01
2.693470999999999904e+01
2.173724699999999999e+01
1.723077200000000175e+01
1.363927400000000034e+01
1.110443700000000078e+01
9.669453999999998217e+00
9.271138000000000545e+00
9.741583000000000325e+00
1.082166300000000092e+01
1.218870399999999776e+01
1.349868799999999958e+01
1.443826399999999666e+01
1.477661200000000186e+01
1.440353100000000097e+01
1.334223400000000126e+01
1.173240900000000231e+01
9.788551000000000002e+00
7.746556000000000886e+00
5.814306000000000196e+00
4.138570999999999778e+00
2.793447199999999686e+00
1.787916299999999792e+00
1.085051999999999905e+00
6.243512999999999424e-01
3.406132399999999838e-01
1.761672599999999922e-01
8.637641999999999542e-02
4.014636200000000488e-02
1.768691000000000013e-02
7.385569800000000087e-03
2.922909699999999816e-03
1.096268330000000051e-03
3.896359400000000309e-04
1.312239499999999991e-04
4.187456899999999566e-05
1.266022270000000096e-05
3.626246100000000050e-06
9.839427199999999752e-07
2.529022130000000286e-07
6.157117100000000081e-08
1.419772320000000025e-08
3.100636160000000013e-09
6.412823300000000213e-10
1.256002870000000021e-10
2.329443130000000007e-11
4.090836489999999069e-12
6.802207330000000672e-13
1.070895304999999941e-13
1.596185889999999881e-14
2.252377352999999972e-15
3.008874297000000075e-16
3.805007803000000332e-17
4.554934931000000030e-18
5.161405858999999330e-19
5.536048541999999952e-20
5.620382960999999253e-21
5.400742351999999897e-22
4.911930480000000620e-23
4.228166732999999552e-24
3.444619792999999622e-25
2.655906820000000073e-26
1.938013942000000289e-27
1.338337536200000267e-28
8.746445325999999233e-30
5.409377344000000221e-31
3.165967079199999729e-32
1.753490012400000164e-33
9.190343736999998097e-35
4.558114596400000378e-36
2.139240515699999931e-37
9.500587376399999991e-39
3.992563790300000480e-40
1.587676601599999908e-41
5.974133835099999756e-43
