# Gaussian folded, width=10 cm^-1
# [cm^-1] arbitrary
0.000      3.00000e+00
1.000      2.91796e+00
2.000      2.68508e+00
3.000      2.33749e+00
4.000      1.92514e+00
5.000      1.50000e+00
6.000      1.10570e+00
7.000      7.71085e-01
8.000      5.08727e-01
9.000      3.17529e-01
10.000      1.87500e-01
11.000      1.04746e-01
12.000      5.53594e-02
13.000      2.76808e-02
14.000      1.30978e-02
15.000      5.87474e-03
16.000      2.52930e-03
17.000      1.13919e-03
18.000      7.89701e-04
19.000      1.24595e-03
20.000      2.87575e-03
21.000      6.84443e-03
22.000      1.56207e-02
23.000      3.38316e-02
24.000      6.94394e-02
25.000      1.35044e-01
26.000      2.48845e-01
27.000      4.34481e-01
28.000      7.18793e-01
29.000      1.12677e+00
30.000      1.67366e+00
31.000      2.35562e+00
32.000      3.14160e+00
33.000      3.97014e+00
34.000      4.75415e+00
35.000      5.39451e+00
36.000      5.80021e+00
37.000      5.90947e+00
38.000      5.70512e+00
39.000      5.21909e+00
40.000      4.52418e+00
41.000      3.71636e+00
42.000      2.89327e+00
43.000      2.13584e+00
44.000      1.49758e+00
45.000      1.00308e+00
46.000      6.53949e-01
47.000      4.38756e-01
48.000      3.43393e-01
49.000      3.58965e-01
50.000      4.85694e-01
51.000      7.32248e-01
52.000      1.11076e+00
53.000      1.62850e+00
54.000      2.27818e+00
55.000      3.02958e+00
56.000      3.82583e+00
57.000      4.58694e+00
58.000      5.22133e+00
59.000      5.64336e+00
60.000      5.79205e+00
61.000      5.64557e+00
62.000      5.22642e+00
63.000      4.59587e+00
64.000      3.83943e+00
65.000      3.04832e+00
66.000      2.30248e+00
67.000      1.65971e+00
68.000      1.15271e+00
69.000      7.93089e-01
70.000      5.79596e-01
71.000      5.07115e-01
72.000      5.73364e-01
73.000      7.81344e-01
74.000      1.13682e+00
75.000      1.64149e+00
76.000      2.28393e+00
77.000      3.03134e+00
78.000      3.82567e+00
79.000      4.58709e+00
80.000      5.22554e+00
81.000      5.65868e+00
82.000      5.83161e+00
83.000      5.73291e+00
84.000      5.40203e+00
85.000      4.92598e+00
86.000      4.42620e+00
87.000      4.03927e+00
88.000      3.89565e+00
89.000      4.10036e+00
90.000      4.71775e+00
91.000      5.76175e+00
92.000      7.19253e+00
93.000      8.91999e+00
94.000      1.08145e+01
95.000      1.27237e+01
96.000      1.44922e+01
97.000      1.59815e+01
98.000      1.70841e+01
99.000      1.77320e+01
100.000      1.78985e+01
101.000      1.75943e+01
102.000      1.68630e+01
103.000      1.57750e+01
104.000      1.44212e+01
105.000      1.29064e+01
106.000      1.13393e+01
107.000      9.82150e+00
108.000      8.43530e+00
109.000      7.23386e+00
110.000      6.23759e+00
111.000      5.43821e+00
112.000      4.81051e+00
113.000      4.32877e+00
114.000      3.98316e+00
115.000      3.79099e+00
116.000      3.79917e+00
117.000      4.07642e+00
118.000      4.69669e+00
119.000      5.71756e+00
120.000      7.15877e+00
121.000      8.98634e+00
122.000      1.11069e+01
123.000      1.33746e+01
124.000      1.56097e+01
125.000      1.76261e+01
126.000      1.92602e+01
127.000      2.03967e+01
128.000      2.09837e+01
129.000      2.10365e+01
130.000      2.06279e+01
131.000      1.98707e+01
132.000      1.88938e+01
133.000      1.78195e+01
134.000      1.67444e+01
135.000      1.57286e+01
136.000      1.47947e+01
137.000      1.39352e+01
138.000      1.31263e+01
139.000      1.23438e+01
140.000      1.15759e+01
141.000      1.08308e+01
142.000      1.01365e+01
143.000      9.53356e+00
144.000      9.06414e+00
145.000      8.75966e+00
146.000      8.63130e+00
147.000      8.66604e+00
148.000      8.82941e+00
149.000      9.07381e+00
150.000      9.34955e+00
151.000      9.61480e+00
152.000      9.84150e+00
153.000      1.00161e+01
154.000      1.01362e+01
155.000      1.02060e+01
156.000      1.02318e+01
157.000      1.02211e+01
158.000      1.01829e+01
159.000      1.01289e+01
160.000      1.00746e+01
161.000      1.00377e+01
162.000      1.00355e+01
163.000      1.00814e+01
164.000      1.01813e+01
165.000      1.03326e+01
166.000      1.05259e+01
167.000      1.07476e+01
168.000      1.09851e+01
169.000      1.12306e+01
170.000      1.14829e+01
171.000      1.17475e+01
172.000      1.20336e+01
173.000      1.23491e+01
174.000      1.26960e+01
175.000      1.30664e+01
176.000      1.34415e+01
177.000      1.37952e+01
178.000      1.40998e+01
179.000      1.43346e+01
180.000      1.44931e+01
181.000      1.45865e+01
182.000      1.46417e+01
183.000      1.46948e+01
184.000      1.47807e+01
185.000      1.49241e+01
186.000      1.51331e+01
187.000      1.53980e+01
188.000      1.56953e+01
189.000      1.59954e+01
190.000      1.62713e+01
191.000      1.65056e+01
192.000      1.66941e+01
193.000      1.68456e+01
194.000      1.69775e+01
195.000      1.71098e+01
196.000      1.72588e+01
197.000      1.74312e+01
198.000      1.76219e+01
199.000      1.78126e+01
200.000      1.79754e+01
201.000      1.80773e+01
202.000      1.80870e+01
203.000      1.79804e+01
204.000      1.77450e+01
205.000      1.73802e+01
206.000      1.68952e+01
207.000      1.63043e+01
208.000      1.56232e+01
209.000      1.48662e+01
210.000      1.40472e+01
211.000      1.31820e+01
212.000      1.22911e+01
213.000      1.14011e+01
214.000      1.05432e+01
215.000      9.74865e+00
216.000      9.04340e+00
217.000      8.44251e+00
218.000      7.94824e+00
219.000      7.55129e+00
220.000      7.23480e+00
221.000      6.97894e+00
222.000      6.76432e+00
223.000      6.57348e+00
224.000      6.39143e+00
225.000      6.20710e+00
226.000      6.01669e+00
227.000      5.82858e+00
228.000      5.66710e+00
229.000      5.57227e+00
230.000      5.59337e+00
231.000      5.77670e+00
232.000      6.15068e+00
233.000      6.71314e+00
234.000      7.42547e+00
235.000      8.21633e+00
236.000      8.99473e+00
237.000      9.66918e+00
238.000      1.01675e+01
239.000      1.04520e+01
240.000      1.05249e+01
241.000      1.04245e+01
242.000      1.02107e+01
243.000      9.94812e+00
244.000      9.68902e+00
245.000      9.46271e+00
246.000      9.27304e+00
247.000      9.10375e+00
248.000      8.92850e+00
249.000      8.72195e+00
250.000      8.46851e+00
251.000      8.16685e+00
252.000      7.83036e+00
253.000      7.48439e+00
254.000      7.16156e+00
255.000      6.89608e+00
256.000      6.71749e+00
257.000      6.64416e+00
258.000      6.67754e+00
259.000      6.79894e+00
260.000      6.97063e+00
261.000      7.14286e+00
262.000      7.26616e+00
263.000      7.30639e+00
264.000      7.25797e+00
265.000      7.15114e+00
266.000      7.05008e+00
267.000      7.04239e+00
268.000      7.22252e+00
269.000      7.67381e+00
270.000      8.45331e+00
271.000      9.58229e+00
272.000      1.10435e+01
273.000      1.27843e+01
274.000      1.47248e+01
275.000      1.67683e+01
276.000      1.88132e+01
277.000      2.07627e+01
278.000      2.25324e+01
279.000      2.40536e+01
280.000      2.52720e+01
281.000      2.61452e+01
282.000      2.66394e+01
283.000      2.67292e+01
284.000      2.64020e+01
285.000      2.56648e+01
286.000      2.45527e+01
287.000      2.31327e+01
288.000      2.15007e+01
289.000      1.97707e+01
290.000      1.80570e+01
291.000      1.64551e+01
292.000      1.50270e+01
293.000      1.37950e+01
294.000      1.27455e+01
295.000      1.18405e+01
296.000      1.10332e+01
297.000      1.02817e+01
298.000      9.55887e+00
299.000      8.85505e+00
300.000      8.17581e+00
301.000      7.53554e+00
302.000      6.94987e+00
303.000      6.42903e+00
304.000      5.97419e+00
305.000      5.57753e+00
306.000      5.22575e+00
307.000      4.90545e+00
308.000      4.60810e+00
309.000      4.33273e+00
310.000      4.08525e+00
311.000      3.87486e+00
312.000      3.70929e+00
313.000      3.59116e+00
314.000      3.51703e+00
315.000      3.47968e+00
316.000      3.47248e+00
317.000      3.49369e+00
318.000      3.54885e+00
319.000      3.65011e+00
320.000      3.81264e+00
321.000      4.04947e+00
322.000      4.36650e+00
323.000      4.75901e+00
324.000      5.21046e+00
325.000      5.69370e+00
326.000      6.17435e+00
327.000      6.61586e+00
328.000      6.98579e+00
329.000      7.26221e+00
330.000      7.43927e+00
331.000      7.53003e+00
332.000      7.56572e+00
333.000      7.59086e+00
334.000      7.65532e+00
335.000      7.80515e+00
336.000      8.07433e+00
337.000      8.47950e+00
338.000      9.01830e+00
339.000      9.67133e+00
340.000      1.04067e+01
341.000      1.11853e+01
342.000      1.19665e+01
343.000      1.27112e+01
344.000      1.33846e+01
345.000      1.39569e+01
346.000      1.44031e+01
347.000      1.47035e+01
348.000      1.48428e+01
349.000      1.48102e+01
350.000      1.45992e+01
351.000      1.42089e+01
352.000      1.36455e+01
353.000      1.29254e+01
354.000      1.20778e+01
355.000      1.11454e+01
356.000      1.01819e+01
357.000      9.24647e+00
358.000      8.39574e+00
359.000      7.67514e+00
360.000      7.11246e+00
361.000      6.71438e+00
362.000      6.46683e+00
363.000      6.33862e+00
364.000      6.28718e+00
365.000      6.26560e+00
366.000      6.22974e+00
367.000      6.14463e+00
368.000      5.98905e+00
369.000      5.75756e+00
370.000      5.45929e+00
371.000      5.11401e+00
372.000      4.74668e+00
373.000      4.38246e+00
374.000      4.04393e+00
375.000      3.75085e+00
376.000      3.52150e+00
377.000      3.37345e+00
378.000      3.32186e+00
379.000      3.37506e+00
380.000      3.52886e+00
381.000      3.76259e+00
382.000      4.03961e+00
383.000      4.31315e+00
384.000      4.53609e+00
385.000      4.67124e+00
386.000      4.69858e+00
387.000      4.61718e+00
388.000      4.44197e+00
389.000      4.19734e+00
390.000      3.91039e+00
391.000      3.60608e+00
392.000      3.30497e+00
393.000      3.02282e+00
394.000      2.77094e+00
395.000      2.55627e+00
396.000      2.38106e+00
397.000      2.24245e+00
398.000      2.13265e+00
399.000      2.03999e+00
400.000      1.95076e+00
401.000      1.85159e+00
402.000      1.73173e+00
403.000      1.58506e+00
404.000      1.41127e+00
405.000      1.21589e+00
406.000      1.00921e+00
407.000      8.03998e-01
408.000      6.12914e-01
409.000      4.46003e-01
410.000      3.09178e-01
411.000      2.03857e-01
412.000      1.27688e-01
413.000      7.59039e-02
414.000      4.27898e-02
415.000      2.28628e-02
416.000      1.15728e-02
417.000      5.54786e-03
418.000      2.51811e-03
419.000      1.08194e-03
420.000      4.39995e-04
421.000      1.69340e-04
422.000      6.16737e-05
423.000      2.12541e-05
424.000      6.93056e-06
425.000      2.13826e-06
426.000      6.24173e-07
427.000      1.72383e-07
428.000      4.50426e-08
429.000      1.11349e-08
430.000      2.60421e-09
431.000      5.76227e-10
432.000      1.20624e-10
433.000      2.38891e-11
434.000      4.47595e-12
435.000      7.93398e-13
436.000      1.33051e-13
437.000      2.11087e-14
438.000      3.16830e-15
439.000      4.49892e-16
440.000      6.04378e-17
441.000      7.68117e-18
442.000      9.23558e-19
443.000      1.05056e-19
444.000      1.13055e-20
445.000      1.15102e-21
446.000      1.10864e-22
447.000      1.01022e-23
448.000      8.70881e-25
449.000      7.10264e-26
450.000      5.48023e-27
451.000      4.00032e-28
452.000      2.76254e-29
453.000      1.80485e-30
454.000      1.11555e-31
455.000      6.52314e-33
456.000      3.60862e-34
457.000      1.88861e-35
458.000      9.35109e-37
459.000      4.38026e-38
460.000      1.94113e-39
461.000      8.13817e-41
462.000      3.22788e-42
463.000      1.21122e-43
464.000      4.29981e-45
465.000      1.44408e-46
466.000      4.58831e-48
467.000      1.37921e-49
468.000      3.92217e-51
469.000      1.05521e-52
470.000      2.68578e-54
471.000      6.46724e-56
472.000      1.47328e-57
473.000      3.17518e-59
474.000      6.47395e-61
475.000      1.24879e-62
476.000      2.27890e-64
477.000      3.93440e-66
478.000      6.42614e-68
479.000      9.92978e-70
480.000      1.45160e-71
481.000      2.00757e-73
482.000      2.62671e-75
483.000      3.25142e-77
484.000      3.80759e-79
485.000      4.21837e-81
486.000      4.42137e-83
487.000      4.38417e-85
488.000      4.11277e-87
489.000      3.65006e-89
490.000      3.06466e-91
491.000      2.43435e-93
492.000      1.82937e-95
493.000      1.30058e-97
494.000     8.74762e-100
495.000     5.56622e-102
496.000     3.35080e-104
497.000     1.90834e-106
498.000     1.02820e-108
499.000     5.24107e-111
500.000     2.52743e-113
