# Gaussian folded, width=10 cm^-1
# [cm^-1] arbitrary
0.000      3.00000e+00
1.000      2.91796e+00
2.000      2.68508e+00
3.000      2.33749e+00
4.000      1.92514e+00
5.000      1.50000e+00
6.000      1.10570e+00
7.000      7.71085e-01
8.000      5.08727e-01
9.000      3.17529e-01
10.000      1.87500e-01
11.000      1.04746e-01
12.000      5.53590e-02
13.000      2.76796e-02
14.000      1.30935e-02
15.000      5.86045e-03
16.000      2.48450e-03
17.000      1.00637e-03
18.000      4.17044e-04
19.000      2.56948e-04
20.000      3.93454e-04
21.000      9.53577e-04
22.000      2.40670e-03
23.000      5.82524e-03
24.000      1.33803e-02
25.000      2.91317e-02
26.000      6.01152e-02
27.000      1.17585e-01
28.000      2.18026e-01
29.000      3.83259e-01
30.000      6.38766e-01
31.000      1.00948e+00
32.000      1.51284e+00
33.000      2.15014e+00
34.000      2.89835e+00
35.000      3.70576e+00
36.000      4.49442e+00
37.000      5.17088e+00
38.000      5.64377e+00
39.000      5.84394e+00
40.000      5.74097e+00
41.000      5.35074e+00
42.000      4.73145e+00
43.000      3.96940e+00
44.000      3.15939e+00
45.000      2.38585e+00
46.000      1.70970e+00
47.000      1.16347e+00
48.000      7.54041e-01
49.000      4.70349e-01
50.000      2.92843e-01
51.000      2.02037e-01
52.000      1.84642e-01
53.000      2.36826e-01
54.000      3.64657e-01
55.000      5.81941e-01
56.000      9.05610e-01
57.000      1.34903e+00
58.000      1.91420e+00
59.000      2.58447e+00
60.000      3.32025e+00
61.000      4.05983e+00
62.000      4.72643e+00
63.000      5.24089e+00
64.000      5.53692e+00
65.000      5.57514e+00
66.000      5.35153e+00
67.000      4.89803e+00
68.000      4.27517e+00
69.000      3.55908e+00
70.000      2.82686e+00
71.000      2.14413e+00
72.000      1.55761e+00
73.000      1.09359e+00
74.000      7.61539e-01
75.000      5.60584e-01
76.000      4.86650e-01
77.000      5.37818e-01
78.000      7.16484e-01
79.000      1.02768e+00
80.000      1.47392e+00
81.000      2.04806e+00
82.000      2.72620e+00
83.000      3.46359e+00
84.000      4.19558e+00
85.000      4.84492e+00
86.000      5.33473e+00
87.000      5.60423e+00
88.000      5.62351e+00
89.000      5.40303e+00
90.000      4.99527e+00
91.000      4.48807e+00
92.000      3.99131e+00
93.000      3.62039e+00
94.000      3.47953e+00
95.000      3.64769e+00
96.000      4.16826e+00
97.000      5.04319e+00
98.000      6.23176e+00
99.000      7.65447e+00
100.000      9.20239e+00
101.000      1.07515e+01
102.000      1.21799e+01
103.000      1.33850e+01
104.000      1.42966e+01
105.000      1.48822e+01
106.000      1.51448e+01
107.000      1.51136e+01
108.000      1.48315e+01
109.000      1.43436e+01
110.000      1.36898e+01
111.000      1.29029e+01
112.000      1.20113e+01
113.000      1.10442e+01
114.000      1.00363e+01
115.000      9.02808e+00
116.000      8.06359e+00
117.000      7.18371e+00
118.000      6.41946e+00
119.000      5.78751e+00
120.000      5.29054e+00
121.000      4.92291e+00
122.000      4.67979e+00
123.000      4.56632e+00
124.000      4.60272e+00
125.000      4.82275e+00
126.000      5.26523e+00
127.000      5.96088e+00
128.000      6.91891e+00
129.000      8.11746e+00
130.000      9.50129e+00
131.000      1.09874e+01
132.000      1.24768e+01
133.000      1.38698e+01
134.000      1.50794e+01
135.000      1.60416e+01
136.000      1.67198e+01
137.000      1.71044e+01
138.000      1.72086e+01
139.000      1.70631e+01
140.000      1.67116e+01
141.000      1.62055e+01
142.000      1.56000e+01
143.000      1.49487e+01
144.000      1.42978e+01
145.000      1.36804e+01
146.000      1.31132e+01
147.000      1.25961e+01
148.000      1.21163e+01
149.000      1.16544e+01
150.000      1.11922e+01
151.000      1.07180e+01
152.000      1.02300e+01
153.000      9.73525e+00
154.000      9.24818e+00
155.000      8.78743e+00
156.000      8.37349e+00
157.000      8.02678e+00
158.000      7.76580e+00
159.000      7.60488e+00
160.000      7.55132e+00
161.000      7.60281e+00
162.000      7.74611e+00
163.000      7.95829e+00
164.000      8.21082e+00
165.000      8.47581e+00
166.000      8.73258e+00
167.000      8.97232e+00
168.000      9.19927e+00
169.000      9.42766e+00
170.000      9.67550e+00
171.000      9.95739e+00
172.000      1.02787e+01
173.000      1.06331e+01
174.000      1.10043e+01
175.000      1.13707e+01
176.000      1.17108e+01
177.000      1.20082e+01
178.000      1.22530e+01
179.000      1.24411e+01
180.000      1.25710e+01
181.000      1.26414e+01
182.000      1.26495e+01
183.000      1.25914e+01
184.000      1.24649e+01
185.000      1.22724e+01
186.000      1.20239e+01
187.000      1.17375e+01
188.000      1.14388e+01
189.000      1.11569e+01
190.000      1.09200e+01
191.000      1.07508e+01
192.000      1.06628e+01
193.000      1.06595e+01
194.000      1.07350e+01
195.000      1.08762e+01
196.000      1.10662e+01
197.000      1.12863e+01
198.000      1.15176e+01
199.000      1.17414e+01
200.000      1.19397e+01
201.000      1.20950e+01
202.000      1.21915e+01
203.000      1.22164e+01
204.000      1.21619e+01
205.000      1.20261e+01
206.000      1.18132e+01
207.000      1.15322e+01
208.000      1.11953e+01
209.000      1.08161e+01
210.000      1.04075e+01
211.000      9.98219e+00
212.000      9.55209e+00
213.000      9.12936e+00
214.000      8.72667e+00
215.000      8.35750e+00
216.000      8.03624e+00
217.000      7.77803e+00
218.000      7.59818e+00
219.000      7.51078e+00
220.000      7.52608e+00
221.000      7.64700e+00
222.000      7.86547e+00
223.000      8.16027e+00
224.000      8.49759e+00
225.000      8.83509e+00
226.000      9.12891e+00
227.000      9.34181e+00
228.000      9.45030e+00
229.000      9.44875e+00
230.000      9.34942e+00
231.000      9.17899e+00
232.000      8.97283e+00
233.000      8.76861e+00
234.000      8.60088e+00
235.000      8.49719e+00
236.000      8.47563e+00
237.000      8.54350e+00
238.000      8.69654e+00
239.000      8.91882e+00
240.000      9.18394e+00
241.000      9.45827e+00
242.000      9.70626e+00
243.000      9.89711e+00
244.000      1.00111e+01
245.000      1.00437e+01
246.000      1.00061e+01
247.000      9.92279e+00
248.000      9.82549e+00
249.000      9.74687e+00
250.000      9.71384e+00
251.000      9.74210e+00
252.000      9.83271e+00
253.000      9.97136e+00
254.000      1.01309e+01
255.000      1.02774e+01
256.000      1.03779e+01
257.000      1.04087e+01
258.000      1.03604e+01
259.000      1.02395e+01
260.000      1.00643e+01
261.000      9.85814e+00
262.000      9.64232e+00
263.000      9.42999e+00
264.000      9.22411e+00
265.000      9.01858e+00
266.000      8.80198e+00
267.000      8.56246e+00
268.000      8.29231e+00
269.000      7.99141e+00
270.000      7.66929e+00
271.000      7.34588e+00
272.000      7.05075e+00
273.000      6.82088e+00
274.000      6.69647e+00
275.000      6.71478e+00
276.000      6.90287e+00
277.000      7.27057e+00
278.000      7.80586e+00
279.000      8.47400e+00
280.000      9.22118e+00
281.000      9.98194e+00
282.000      1.06886e+01
283.000      1.12808e+01
284.000      1.17133e+01
285.000      1.19614e+01
286.000      1.20222e+01
287.000      1.19134e+01
288.000      1.16690e+01
289.000      1.13318e+01
290.000      1.09459e+01
291.000      1.05489e+01
292.000      1.01662e+01
293.000      9.81005e+00
294.000      9.48134e+00
295.000      9.17525e+00
296.000      8.88726e+00
297.000      8.61740e+00
298.000      8.37100e+00
299.000      8.15579e+00
300.000      7.97694e+00
301.000      7.83249e+00
302.000      7.71170e+00
303.000      7.59725e+00
304.000      7.47044e+00
305.000      7.31712e+00
306.000      7.13158e+00
307.000      6.91673e+00
308.000      6.68072e+00
309.000      6.43178e+00
310.000      6.17427e+00
311.000      5.90830e+00
312.000      5.63364e+00
313.000      5.35647e+00
314.000      5.09598e+00
315.000      4.88736e+00
316.000      4.77868e+00
317.000      4.82183e+00
318.000      5.05975e+00
319.000      5.51404e+00
320.000      6.17729e+00
321.000      7.01268e+00
322.000      7.96094e+00
323.000      8.95237e+00
324.000      9.91973e+00
325.000      1.08085e+01
326.000      1.15820e+01
327.000      1.22217e+01
328.000      1.27242e+01
329.000      1.30963e+01
330.000      1.33524e+01
331.000      1.35114e+01
332.000      1.35965e+01
333.000      1.36343e+01
334.000      1.36547e+01
335.000      1.36893e+01
336.000      1.37699e+01
337.000      1.39260e+01
338.000      1.41815e+01
339.000      1.45506e+01
340.000      1.50341e+01
341.000      1.56177e+01
342.000      1.62727e+01
343.000      1.69614e+01
344.000      1.76444e+01
345.000      1.82892e+01
346.000      1.88763e+01
347.000      1.94010e+01
348.000      1.98700e+01
349.000      2.02939e+01
350.000      2.06787e+01
351.000      2.10192e+01
352.000      2.12947e+01
353.000      2.14711e+01
354.000      2.15051e+01
355.000      2.13533e+01
356.000      2.09811e+01
357.000      2.03723e+01
358.000      1.95346e+01
359.000      1.85017e+01
360.000      1.73293e+01
361.000      1.60860e+01
362.000      1.48422e+01
363.000      1.36576e+01
364.000      1.25739e+01
365.000      1.16109e+01
366.000      1.07700e+01
367.000      1.00409e+01
368.000      9.40947e+00
369.000      8.86483e+00
370.000      8.40253e+00
371.000      8.02382e+00
372.000      7.73209e+00
373.000      7.52876e+00
374.000      7.41080e+00
375.000      7.37144e+00
376.000      7.40377e+00
377.000      7.50565e+00
378.000      7.68272e+00
379.000      7.94735e+00
380.000      8.31208e+00
381.000      8.77941e+00
382.000      9.33108e+00
383.000      9.92155e+00
384.000      1.04791e+01
385.000      1.09155e+01
386.000      1.11431e+01
387.000      1.10936e+01
388.000      1.07344e+01
389.000      1.00772e+01
390.000      9.17676e+00
391.000      8.11970e+00
392.000      7.00798e+00
393.000      5.94031e+00
394.000      4.99652e+00
395.000      4.22800e+00
396.000      3.65488e+00
397.000      3.26945e+00
398.000      3.04368e+00
399.000      2.93846e+00
400.000      2.91243e+00
401.000      2.92867e+00
402.000      2.95844e+00
403.000      2.98224e+00
404.000      2.98850e+00
405.000      2.97144e+00
406.000      2.92870e+00
407.000      2.85961e+00
408.000      2.76424e+00
409.000      2.64306e+00
410.000      2.49718e+00
411.000      2.32889e+00
412.000      2.14252e+00
413.000      1.94527e+00
414.000      1.74761e+00
415.000      1.56258e+00
416.000      1.40374e+00
417.000      1.28199e+00
418.000      1.20214e+00
419.000      1.16058e+00
420.000      1.14522e+00
421.000      1.13805e+00
422.000      1.11975e+00
423.000      1.07477e+00
424.000      9.95250e-01
425.000      8.82523e-01
426.000      7.45805e-01
427.000      5.98899e-01
428.000      4.56182e-01
429.000      3.29245e-01
430.000      2.25019e-01
431.000      1.45571e-01
432.000      8.91231e-02
433.000      5.16307e-02
434.000      2.83004e-02
435.000      1.46766e-02
436.000      7.20100e-03
437.000      3.34263e-03
438.000      1.46794e-03
439.000      6.09886e-04
440.000      2.39723e-04
441.000      8.91434e-05
442.000      3.13608e-05
443.000      1.04377e-05
444.000      3.28652e-06
445.000      9.79013e-07
446.000      2.75904e-07
447.000      7.35605e-08
448.000      1.85545e-08
449.000      4.42764e-09
450.000      9.99567e-10
451.000      2.13486e-10
452.000      4.31364e-11
453.000      8.24588e-12
454.000      1.49124e-12
455.000      2.55138e-13
456.000      4.12972e-14
457.000      6.32388e-15
458.000      9.16146e-16
459.000      1.25563e-16
460.000      1.62809e-17
461.000      1.99716e-18
462.000      2.31773e-19
463.000      2.54467e-20
464.000      2.64313e-21
465.000      2.59730e-22
466.000      2.41459e-23
467.000      2.12365e-24
468.000      1.76701e-25
469.000      1.39096e-26
470.000      1.03587e-27
471.000      7.29820e-29
472.000      4.86455e-30
473.000      3.06752e-31
474.000      1.82999e-32
475.000      1.03283e-33
476.000      5.51477e-35
477.000      2.78575e-36
478.000      1.33130e-37
479.000      6.01901e-39
480.000      2.57450e-40
481.000      1.04179e-41
482.000      3.98824e-43
483.000      1.44445e-44
484.000      4.94927e-46
485.000      1.60434e-47
486.000      4.92006e-49
487.000      1.42745e-50
488.000      3.91805e-52
489.000      1.01741e-53
490.000      2.49943e-55
491.000      5.80901e-57
492.000      1.27727e-58
493.000      2.65692e-60
494.000      5.22868e-62
495.000      9.73473e-64
496.000      1.71464e-65
497.000      2.85720e-67
498.000      4.50428e-69
499.000      6.71781e-71
500.000      9.47868e-73
