3.000000000000000000e+00
2.917959999999999887e+00
2.685080000000000133e+00
2.337489999999999846e+00
1.925140000000000073e+00
1.500000000000000000e+00
1.105699999999999905e+00
7.710850000000000204e-01
5.087270000000000403e-01
3.175299999999999789e-01
1.875000000000000000e-01
1.047470000000000068e-01
5.536209999999999742e-02
2.769009999999999874e-02
1.312770000000000083e-02
5.965940000000000305e-03
2.792530000000000099e-03
1.856860000000000108e-03
2.637360000000000052e-03
5.736719999999999840e-03
1.317660000000000012e-02
2.913369999999999849e-02
6.109590000000000160e-02
1.212570000000000037e-01
2.276880000000000015e-01
4.044789999999999774e-01
6.797819999999999974e-01
1.080840000000000023e+00
1.625809999999999977e+00
2.313639999999999919e+00
3.114869999999999806e+00
3.967360000000000220e+00
4.780579999999999607e+00
5.449760000000000382e+00
5.877500000000000391e+00
5.996879999999999988e+00
5.788669999999999760e+00
5.286389999999999922e+00
4.567569999999999908e+00
3.734410000000000007e+00
2.890540000000000109e+00
2.121490000000000098e+00
1.483910000000000062e+00
1.005079999999999973e+00
6.902679999999999927e-01
5.339289999999999869e-01
5.301120000000000276e-01
6.786400000000000210e-01
9.852800000000000447e-01
1.455819999999999892e+00
2.085809999999999942e+00
2.849320000000000075e+00
3.691240000000000077e+00
4.527339999999999698e+00
5.254489999999999661e+00
5.769870000000000054e+00
5.994170000000000442e+00
5.891329999999999956e+00
5.477999999999999758e+00
4.819090000000000096e+00
4.011260000000000048e+00
3.160060000000000091e+00
2.358439999999999870e+00
1.672709999999999919e+00
1.138779999999999903e+00
7.672700000000000076e-01
5.540709999999999802e-01
4.915050000000000252e-01
5.764709999999999557e-01
8.130880000000000329e-01
1.209130000000000038e+00
1.767290000000000028e+00
2.473770000000000024e+00
3.288460000000000161e+00
4.141060000000000407e+00
4.936840000000000117e+00
5.572720000000000340e+00
5.960700000000000109e+00
6.052050000000000374e+00
5.854879999999999640e+00
5.439400000000000013e+00
4.929030000000000022e+00
4.480419999999999625e+00
4.257480000000000153e+00
4.405300000000000438e+00
5.027739999999999654e+00
6.170939999999999870e+00
7.813559999999999839e+00
9.865050000000000097e+00
1.217270000000000074e+01
1.453850000000000087e+01
1.674309999999999832e+01
1.857519999999999882e+01
1.985910000000000153e+01
2.047790000000000177e+01
2.038789999999999836e+01
1.962199999999999989e+01
1.828340000000000032e+01
1.652809999999999846e+01
1.453819999999999979e+01
1.249259999999999948e+01
1.053880000000000017e+01
8.775100000000000122e+00
7.245809999999999640e+00
5.951789999999999914e+00
4.870029999999999859e+00
3.976179999999999826e+00
3.262960000000000083e+00
2.751160000000000050e+00
2.492449999999999832e+00
2.565780000000000172e+00
3.068410000000000082e+00
4.100979999999999848e+00
5.745330000000000048e+00
8.035040000000000404e+00
1.092290000000000028e+01
1.425530000000000008e+01
1.776630000000000109e+01
2.110259999999999891e+01
2.388210000000000122e+01
2.577439999999999998e+01
2.658020000000000138e+01
2.628259999999999863e+01
2.504870000000000019e+01
2.317909999999999826e+01
2.102240000000000109e+01
1.888340000000000174e+01
1.695830000000000126e+01
1.531359999999999921e+01
1.390959999999999930e+01
1.265310000000000024e+01
1.145589999999999975e+01
1.027800000000000047e+01
9.146910000000000096e+00
8.152300000000000324e+00
7.423460000000000392e+00
7.097990000000000244e+00
7.288100000000000023e+00
8.049039999999999750e+00
9.354060000000000485e+00
1.108140000000000036e+01
1.301950000000000074e+01
1.489489999999999981e+01
1.641969999999999885e+01
1.735010000000000119e+01
1.753940000000000055e+01
1.697040000000000148e+01
1.575650000000000084e+01
1.411059999999999981e+01
1.229219999999999935e+01
1.054829999999999934e+01
9.066060000000000230e+00
7.946690000000000254e+00
7.206249999999999822e+00
6.796520000000000117e+00
6.636669999999999625e+00
6.644330000000000069e+00
6.757069999999999688e+00
6.940470000000000361e+00
7.183519999999999683e+00
7.486609999999999765e+00
7.848690000000000389e+00
8.259930000000000661e+00
8.703419999999999490e+00
9.165169999999999817e+00
9.647360000000000824e+00
1.017719999999999914e+01
1.080419999999999980e+01
1.158399999999999963e+01
1.255240000000000045e+01
1.369960000000000022e+01
1.495839999999999925e+01
1.621219999999999928e+01
1.732440000000000069e+01
1.817849999999999966e+01
1.871409999999999840e+01
1.894470000000000098e+01
1.895090000000000074e+01
1.885010000000000119e+01
1.875529999999999831e+01
1.873539999999999850e+01
1.879279999999999973e+01
1.886459999999999937e+01
1.884979999999999833e+01
1.865360000000000085e+01
1.823750000000000071e+01
1.765619999999999834e+01
1.706869999999999976e+01
1.671359999999999957e+01
1.685239999999999938e+01
1.769359999999999999e+01
1.931830000000000069e+01
2.163220000000000098e+01
2.436220000000000141e+01
2.710369999999999990e+01
2.941250000000000142e+01
3.091509999999999891e+01
3.140830000000000055e+01
3.091450000000000031e+01
2.967439999999999856e+01
2.807740000000000080e+01
2.655059999999999931e+01
2.543900000000000006e+01
2.491560000000000130e+01
2.494450000000000145e+01
2.530649999999999977e+01
2.567310000000000159e+01
2.570390000000000086e+01
2.513729999999999976e+01
2.384939999999999927e+01
2.187099999999999866e+01
1.936570000000000036e+01
1.658079999999999998e+01
1.379049999999999976e+01
1.124469999999999992e+01
9.132479999999999265e+00
7.562599999999999767e+00
6.558049999999999713e+00
6.062540000000000262e+00
5.955969999999999764e+00
6.077829999999999622e+00
6.256669999999999732e+00
6.341330000000000133e+00
6.227920000000000122e+00
5.875589999999999868e+00
5.306930000000000369e+00
4.593219999999999636e+00
3.829400000000000137e+00
3.107089999999999907e+00
2.493119999999999781e+00
2.018899999999999917e+00
1.681219999999999937e+00
1.451840000000000019e+00
1.291139999999999954e+00
1.161059999999999981e+00
1.034049999999999914e+00
8.966079999999999606e-01
7.480550000000000255e-01
5.961640000000000272e-01
4.519059999999999744e-01
3.250370000000000203e-01
2.215330000000000077e-01
1.429700000000000137e-01
8.733330000000000259e-02
5.048369999999999941e-02
2.761450000000000016e-02
1.429869999999999926e-02
7.027929999999999941e-03
3.337350000000000212e-03
1.695399999999999902e-03
1.330720000000000080e-03
2.130630000000000111e-03
4.712609999999999889e-03
1.076240000000000009e-02
2.374599999999999975e-02
5.011999999999999789e-02
1.011579999999999979e-01
1.954440000000000066e-01
3.619120000000000115e-01
6.430240000000000400e-01
1.097229999999999928e+00
1.799350000000000005e+00
2.837040000000000006e+00
4.301770000000000316e+00
6.273080000000000211e+00
8.797449999999999548e+00
1.186529999999999951e+01
1.539259999999999984e+01
1.921430000000000149e+01
2.309649999999999892e+01
2.676780000000000115e+01
2.996640000000000015e+01
3.249249999999999972e+01
3.425469999999999970e+01
3.529619999999999891e+01
3.579590000000000316e+01
3.603900000000000148e+01
3.636050000000000182e+01
3.706960000000000122e+01
3.836780000000000257e+01
4.028050000000000352e+01
4.262069999999999936e+01
4.500339999999999918e+01
4.691340000000000288e+01
4.781810000000000116e+01
4.729590000000000316e+01
4.514399999999999835e+01
4.143390000000000128e+01
3.649620000000000175e+01
3.084339999999999904e+01
2.505559999999999832e+01
1.966519999999999868e+01
1.507140000000000057e+01
1.149890000000000079e+01
8.999330000000000496e+00
7.483990000000000364e+00
6.770249999999999879e+00
6.630589999999999762e+00
6.836109999999999687e+00
7.190710000000000157e+00
7.552810000000000024e+00
7.842130000000000045e+00
8.030879999999999797e+00
8.122820000000000817e+00
8.128059999999999619e+00
8.043480000000000629e+00
7.846199999999999619e+00
7.501820000000000377e+00
6.982249999999999623e+00
6.283710000000000129e+00
5.436209999999999987e+00
4.500460000000000349e+00
3.553999999999999826e+00
2.673070000000000057e+00
1.917329999999999979e+00
1.322480000000000100e+00
9.016319999999999890e-01
6.531059999999999643e-01
5.703660000000000396e-01
6.498270000000000435e-01
8.935910000000000242e-01
1.305979999999999919e+00
1.884770000000000056e+00
2.610050000000000203e+00
3.434959999999999791e+00
4.282949999999999591e+00
5.054829999999999934e+00
5.645660000000000345e+00
5.967530000000000001e+00
5.971379999999999910e+00
5.660239999999999938e+00
5.089240000000000208e+00
4.351950000000000429e+00
3.558019999999999960e+00
2.809029999999999916e+00
2.179699999999999971e+00
1.708399999999999919e+00
1.397590000000000110e+00
1.221700000000000008e+00
1.138900000000000023e+00
1.103290000000000104e+00
1.074929999999999941e+00
1.026259999999999950e+00
9.444780000000000397e-01
8.302509999999999613e-01
6.937940000000000218e-01
5.497959999999999514e-01
4.126670000000000060e-01
2.932009999999999894e-01
1.971390000000000087e-01
1.254170000000000007e-01
7.548979999999999579e-02
4.298840000000000300e-02
2.316009999999999944e-02
1.180450000000000076e-02
5.692169999999999869e-03
2.596719999999999844e-03
1.120700000000000082e-03
4.575860000000000062e-04
1.767559999999999997e-04
6.459390000000000509e-05
2.233199999999999896e-05
7.304330000000000080e-06
2.260220000000000105e-06
6.616680000000000192e-07
1.832510000000000042e-07
4.801419999999999990e-08
1.190180000000000040e-08
2.791069999999999958e-09
6.192229999999999823e-10
1.299690000000000089e-10
2.580789999999999871e-11
4.848219999999999712e-12
8.616469999999999534e-13
1.448750000000000012e-13
2.304500000000000114e-14
3.467980000000000000e-15
4.937340000000000076e-16
6.650100000000000075e-17
8.473850000000000559e-18
1.021529999999999910e-18
1.165039999999999888e-19
1.257030000000000000e-20
1.283119999999999996e-21
1.239100000000000088e-22
1.132050000000000037e-23
9.784580000000000527e-25
8.000840000000000554e-26
6.189370000000000226e-27
4.529760000000000203e-28
3.136330000000000032e-29
2.054400000000000014e-30
1.273110000000000072e-31
7.463899999999999801e-33
4.139829999999999605e-34
2.172280000000000025e-35
1.078370000000000068e-36
5.064509999999999751e-38
2.250220000000000048e-39
9.458650000000000636e-41
3.761419999999999879e-42
1.415110000000000069e-43
5.036729999999999944e-45
1.695990000000000051e-46
5.402769999999999776e-48
1.628270000000000091e-49
4.642530000000000157e-51
1.252280000000000067e-52
3.195679999999999872e-54
7.715129999999999834e-56
1.762139999999999908e-57
3.807649999999999859e-59
7.783790000000000097e-61
1.505369999999999947e-62
2.754300000000000025e-64
4.767570000000000324e-66
7.807289999999999424e-68
1.209540000000000082e-69
1.772810000000000086e-71
2.458199999999999952e-73
3.224720000000000014e-75
4.002060000000000178e-77
4.698870000000000132e-79
5.219389999999999590e-81
5.484849999999999747e-83
5.452889999999999821e-85
5.128689999999999698e-87
4.563560000000000197e-89
3.841659999999999728e-91
3.059509999999999788e-93
2.305169999999999953e-95
1.643119999999999934e-97
1.108039999999999930e-99
7.069009999999999841e-102
4.266569999999999697e-104
2.436220000000000118e-106
1.316049999999999934e-108
6.725840000000000632e-111
3.251900000000000201e-113
1.487460000000000083e-115
6.436830000000000301e-118
2.635220000000000082e-120
1.020649999999999945e-122
3.739870000000000027e-125
1.296440000000000100e-127
4.251750000000000010e-130
1.319170000000000059e-132
3.872119999999999738e-135
1.075269999999999971e-137
2.824880000000000004e-140
7.021060000000000015e-143
1.650910000000000102e-145
3.672479999999999783e-148
7.728849999999999671e-151
1.538819999999999930e-153
2.898530000000000044e-156
5.165179999999999688e-159
8.707849999999999698e-162
1.388850000000000031e-164
2.095629999999999934e-167
2.991530000000000152e-170
4.040069999999999654e-173
5.161809999999999759e-176
6.239259999999999673e-179
7.134800000000000306e-182
7.718769999999999534e-185
7.900089999999999610e-188
7.649509999999999544e-191
7.007330000000000432e-194
6.072799999999999974e-197
4.979010000000000257e-200
3.862030000000000135e-203
2.834030000000000130e-206
1.967490000000000010e-209
1.292220000000000111e-212
8.029319999999999828e-216
4.719960000000000097e-219
2.624920000000000143e-222
1.381049999999999888e-225
6.874219999999999371e-229
3.237080000000000154e-232
1.442119999999999963e-235
6.078090000000000157e-239
2.423540000000000074e-242
9.142200000000000236e-246
3.262640000000000183e-249
1.101549999999999962e-252
3.518509999999999714e-256
1.063240000000000070e-259
3.039610000000000152e-263
8.220990000000000093e-267
2.103530000000000164e-270
5.092010000000000070e-274
1.166130000000000093e-277
2.526529999999999924e-281
5.178680000000000327e-285
1.004230000000000002e-288
1.842299999999999891e-292
3.197479999999999860e-296
5.250159999999999979e-300
8.155579999999999336e-304
