# Gaussian folded, width=10 cm^-1
# [cm^-1] arbitrary
0.000      3.00000e+00
1.000      2.91796e+00
2.000      2.68508e+00
3.000      2.33749e+00
4.000      1.92514e+00
5.000      1.50000e+00
6.000      1.10570e+00
7.000      7.71085e-01
8.000      5.08727e-01
9.000      3.17529e-01
10.000      1.87500e-01
11.000      1.04746e-01
12.000      5.53590e-02
13.000      2.76796e-02
14.000      1.30935e-02
15.000      5.86037e-03
16.000      2.48422e-03
17.000      1.00544e-03
18.000      4.14208e-04
19.000      2.48812e-04
20.000      3.71518e-04
21.000      8.98044e-04
22.000      2.27481e-03
23.000      5.53173e-03
24.000      1.27693e-02
25.000      2.79439e-02
26.000      5.79655e-02
27.000      1.13977e-01
28.000      2.12438e-01
29.000      3.75345e-01
30.000      6.28658e-01
31.000      9.98137e-01
32.000      1.50232e+00
33.000      2.14353e+00
34.000      2.89932e+00
35.000      3.71759e+00
36.000      4.51879e+00
37.000      5.20686e+00
38.000      5.68746e+00
39.000      5.88904e+00
40.000      5.78026e+00
41.000      5.37800e+00
42.000      4.74303e+00
43.000      3.96502e+00
44.000      3.14184e+00
45.000      2.35983e+00
46.000      1.68034e+00
47.000      1.13501e+00
48.000      7.29006e-01
49.000      4.49301e-01
50.000      2.74545e-01
51.000      1.83804e-01
52.000      1.62760e-01
53.000      2.07072e-01
54.000      3.23075e-01
55.000      5.26022e-01
56.000      8.35850e-01
57.000      1.27052e+00
58.000      1.83755e+00
59.000      2.52525e+00
60.000      3.29638e+00
61.000      4.08704e+00
62.000      4.81303e+00
63.000      5.38350e+00
64.000      5.71935e+00
65.000      5.77106e+00
66.000      5.53072e+00
67.000      5.03399e+00
68.000      4.35151e+00
69.000      3.57259e+00
70.000      2.78641e+00
71.000      2.06641e+00
72.000      1.46149e+00
73.000      9.95206e-01
74.000      6.71282e-01
75.000      4.82528e-01
76.000      4.19801e-01
77.000      4.78449e-01
78.000      6.60715e-01
79.000      9.73671e-01
80.000      1.42324e+00
81.000      2.00582e+00
82.000      2.69995e+00
83.000      3.46093e+00
84.000      4.22117e+00
85.000      4.89788e+00
86.000      5.40710e+00
87.000      5.68142e+00
88.000      5.68618e+00
89.000      5.42978e+00
90.000      4.96492e+00
91.000      4.38085e+00
92.000      3.78927e+00
93.000      3.30792e+00
94.000      3.04565e+00
95.000      3.09093e+00
96.000      3.50395e+00
97.000      4.31120e+00
98.000      5.50161e+00
99.000      7.02423e+00
100.000      8.78879e+00
101.000      1.06708e+01
102.000      1.25224e+01
103.000      1.41893e+01
104.000      1.55303e+01
105.000      1.64380e+01
106.000      1.68539e+01
107.000      1.67757e+01
108.000      1.62539e+01
109.000      1.53792e+01
110.000      1.42630e+01
111.000      1.30172e+01
112.000      1.17374e+01
113.000      1.04944e+01
114.000      9.33293e+00
115.000      8.27731e+00
116.000      7.33888e+00
117.000      6.52293e+00
118.000      5.83283e+00
119.000      5.27169e+00
120.000      4.84311e+00
121.000      4.55241e+00
122.000      4.40892e+00
123.000      4.42801e+00
124.000      4.63109e+00
125.000      5.04191e+00
126.000      5.67900e+00
127.000      6.54612e+00
128.000      7.62385e+00
129.000      8.86584e+00
130.000      1.02017e+01
131.000      1.15465e+01
132.000      1.28145e+01
133.000      1.39328e+01
134.000      1.48511e+01
135.000      1.55460e+01
136.000      1.60185e+01
137.000      1.62870e+01
138.000      1.63794e+01
139.000      1.63256e+01
140.000      1.61538e+01
141.000      1.58883e+01
142.000      1.55500e+01
143.000      1.51568e+01
144.000      1.47241e+01
145.000      1.42649e+01
146.000      1.37884e+01
147.000      1.33002e+01
148.000      1.28012e+01
149.000      1.22890e+01
150.000      1.17596e+01
151.000      1.12105e+01
152.000      1.06443e+01
153.000      1.00718e+01
154.000      9.51287e+00
155.000      8.99389e+00
156.000      8.54334e+00
157.000      8.18561e+00
158.000      7.93605e+00
159.000      7.79844e+00
160.000      7.76587e+00
161.000      7.82384e+00
162.000      7.95417e+00
163.000      8.13801e+00
164.000      8.35730e+00
165.000      8.59504e+00
166.000      8.83536e+00
167.000      9.06440e+00
168.000      9.27195e+00
169.000      9.45336e+00
170.000      9.61046e+00
171.000      9.75071e+00
172.000      9.88456e+00
173.000      1.00217e+01
174.000      1.01672e+01
175.000      1.03195e+01
176.000      1.04698e+01
177.000      1.06037e+01
178.000      1.07044e+01
179.000      1.07562e+01
180.000      1.07478e+01
181.000      1.06748e+01
182.000      1.05405e+01
183.000      1.03571e+01
184.000      1.01454e+01
185.000      9.93459e+00
186.000      9.76079e+00
187.000      9.66423e+00
188.000      9.68380e+00
189.000      9.84982e+00
190.000      1.01763e+01
191.000      1.06549e+01
192.000      1.12530e+01
193.000      1.19172e+01
194.000      1.25825e+01
195.000      1.31842e+01
196.000      1.36696e+01
197.000      1.40068e+01
198.000      1.41865e+01
199.000      1.42192e+01
200.000      1.41274e+01
201.000      1.39366e+01
202.000      1.36683e+01
203.000      1.33357e+01
204.000      1.29433e+01
205.000      1.24896e+01
206.000      1.19710e+01
207.000      1.13861e+01
208.000      1.07403e+01
209.000      1.00479e+01
210.000      9.33373e+00
211.000      8.63192e+00
212.000      7.98220e+00
213.000      7.42440e+00
214.000      6.99216e+00
215.000      6.70756e+00
216.000      6.57803e+00
217.000      6.59626e+00
218.000      6.74283e+00
219.000      6.99047e+00
220.000      7.30896e+00
221.000      7.66920e+00
222.000      8.04602e+00
223.000      8.41930e+00
224.000      8.77382e+00
225.000      9.09828e+00
226.000      9.38427e+00
227.000      9.62561e+00
228.000      9.81826e+00
229.000      9.96062e+00
230.000      1.00539e+01
231.000      1.01019e+01
232.000      1.01112e+01
233.000      1.00899e+01
234.000      1.00478e+01
235.000      9.99574e+00
236.000      9.94518e+00
237.000      9.90755e+00
238.000      9.89294e+00
239.000      9.90858e+00
240.000      9.95714e+00
241.000      1.00357e+01
242.000      1.01354e+01
243.000      1.02430e+01
244.000      1.03430e+01
245.000      1.04210e+01
246.000      1.04669e+01
247.000      1.04773e+01
248.000      1.04553e+01
249.000      1.04087e+01
250.000      1.03471e+01
251.000      1.02784e+01
252.000      1.02081e+01
253.000      1.01390e+01
254.000      1.00741e+01
255.000      1.00178e+01
256.000      9.97646e+00
257.000      9.95573e+00
258.000      9.95749e+00
259.000      9.97658e+00
260.000      9.99999e+00
261.000      1.00093e+01
262.000      9.98521e+00
263.000      9.91320e+00
264.000      9.78658e+00
265.000      9.60680e+00
266.000      9.38045e+00
267.000      9.11498e+00
268.000      8.81574e+00
269.000      8.48633e+00
270.000      8.13249e+00
271.000      7.76761e+00
272.000      7.41671e+00
273.000      7.11596e+00
274.000      6.90689e+00
275.000      6.82667e+00
276.000      6.89830e+00
277.000      7.12424e+00
278.000      7.48613e+00
279.000      7.95022e+00
280.000      8.47601e+00
281.000      9.02463e+00
282.000      9.56404e+00
283.000      1.00703e+01
284.000      1.05256e+01
285.000      1.09154e+01
286.000      1.12265e+01
287.000      1.14466e+01
288.000      1.15664e+01
289.000      1.15816e+01
290.000      1.14958e+01
291.000      1.13219e+01
292.000      1.10808e+01
293.000      1.07991e+01
294.000      1.05029e+01
295.000      1.02119e+01
296.000      9.93432e+00
297.000      9.66441e+00
298.000      9.38472e+00
299.000      9.07175e+00
300.000      8.70377e+00
301.000      8.26779e+00
302.000      7.76335e+00
303.000      7.20226e+00
304.000      6.60495e+00
305.000      5.99573e+00
306.000      5.39922e+00
307.000      4.83907e+00
308.000      4.33851e+00
309.000      3.92106e+00
310.000      3.60946e+00
311.000      3.42222e+00
312.000      3.36901e+00
313.000      3.44727e+00
314.000      3.64247e+00
315.000      3.93269e+00
316.000      4.29621e+00
317.000      4.71863e+00
318.000      5.19620e+00
319.000      5.73340e+00
320.000      6.33581e+00
321.000      7.00136e+00
322.000      7.71429e+00
323.000      8.44469e+00
324.000      9.15406e+00
325.000      9.80489e+00
326.000      1.03704e+01
327.000      1.08409e+01
328.000      1.12256e+01
329.000      1.15489e+01
330.000      1.18433e+01
331.000      1.21420e+01
332.000      1.24721e+01
333.000      1.28509e+01
334.000      1.32852e+01
335.000      1.37731e+01
336.000      1.43076e+01
337.000      1.48797e+01
338.000      1.54812e+01
339.000      1.61052e+01
340.000      1.67453e+01
341.000      1.73941e+01
342.000      1.80428e+01
343.000      1.86813e+01
344.000      1.92986e+01
345.000      1.98845e+01
346.000      2.04300e+01
347.000      2.09263e+01
348.000      2.13643e+01
349.000      2.17332e+01
350.000      2.20193e+01
351.000      2.22054e+01
352.000      2.22709e+01
353.000      2.21928e+01
354.000      2.19485e+01
355.000      2.15203e+01
356.000      2.09015e+01
357.000      2.01011e+01
358.000      1.91460e+01
359.000      1.80780e+01
360.000      1.69468e+01
361.000      1.58015e+01
362.000      1.46826e+01
363.000      1.36187e+01
364.000      1.26266e+01
365.000      1.17153e+01
366.000      1.08890e+01
367.000      1.01497e+01
368.000      9.49736e+00
369.000      8.92909e+00
370.000      8.43947e+00
371.000      8.02243e+00
372.000      7.67472e+00
373.000      7.39940e+00
374.000      7.20755e+00
375.000      7.11694e+00
376.000      7.14748e+00
377.000      7.31472e+00
378.000      7.62323e+00
379.000      8.06189e+00
380.000      8.60225e+00
381.000      9.20018e+00
382.000      9.79992e+00
383.000      1.03394e+01
384.000      1.07559e+01
385.000      1.09919e+01
386.000      1.10008e+01
387.000      1.07537e+01
388.000      1.02452e+01
389.000      9.49708e+00
390.000      8.55880e+00
391.000      7.50200e+00
392.000      6.41122e+00
393.000      5.37186e+00
394.000      4.45856e+00
395.000      3.72629e+00
396.000      3.20534e+00
397.000      2.90040e+00
398.000      2.79278e+00
399.000      2.84536e+00
400.000      3.00906e+00
401.000      3.23036e+00
402.000      3.45837e+00
403.000      3.65061e+00
404.000      3.77625e+00
405.000      3.81681e+00
406.000      3.76483e+00
407.000      3.62175e+00
408.000      3.39597e+00
409.000      3.10168e+00
410.000      2.75830e+00
411.000      2.38983e+00
412.000      2.02332e+00
413.000      1.68627e+00
414.000      1.40290e+00
415.000      1.19027e+00
416.000      1.05503e+00
417.000      9.91948e-01
418.000      9.84683e-01
419.000      1.00906e+00
420.000      1.03807e+00
421.000      1.04753e+00
422.000      1.02090e+00
423.000      9.52004e-01
424.000      8.45025e-01
425.000      7.11934e-01
426.000      5.68443e-01
427.000      4.29791e-01
428.000      3.07582e-01
429.000      2.08304e-01
430.000      1.33480e-01
431.000      8.09252e-02
432.000      4.64181e-02
433.000      2.51894e-02
434.000      1.29322e-02
435.000      6.28126e-03
436.000      2.88629e-03
437.000      1.25473e-03
438.000      5.16038e-04
439.000      2.00784e-04
440.000      7.39085e-05
441.000      2.57382e-05
442.000      8.47966e-06
443.000      2.64300e-06
444.000      7.79350e-07
445.000      2.17413e-07
446.000      5.73795e-08
447.000      1.43267e-08
448.000      3.38417e-09
449.000      7.56269e-10
450.000      1.59889e-10
451.000      3.19799e-11
452.000      6.05137e-12
453.000      1.08330e-12
454.000      1.83468e-13
455.000      2.93961e-14
456.000      4.45591e-15
457.000      6.39000e-16
458.000      8.66929e-17
459.000      1.11271e-17
460.000      1.35114e-18
461.000      1.55216e-19
462.000      1.68690e-20
463.000      1.73444e-21
464.000      1.68712e-22
465.000      1.55257e-23
466.000      1.35169e-24
467.000      1.11331e-25
468.000      8.67510e-27
469.000      6.39515e-28
470.000      4.46010e-29
471.000      2.94276e-30
472.000      1.83689e-31
473.000      1.08475e-32
474.000      6.06030e-34
475.000      3.20314e-35
476.000      1.60168e-36
477.000      7.57690e-38
478.000      3.39099e-39
479.000      1.43575e-40
480.000      5.75105e-42
481.000      2.17939e-43
482.000      7.81339e-45
483.000      2.65010e-46
484.000      8.50358e-48
485.000      2.58142e-49
486.000      7.41369e-51
487.000      2.01431e-52
488.000      5.17771e-54
489.000      1.25911e-55
490.000      2.89675e-57
491.000      6.30484e-59
492.000      1.29824e-60
493.000      2.52902e-62
494.000      4.66089e-64
495.000      8.12648e-66
496.000      1.34046e-67
497.000      2.09181e-69
498.000      3.08822e-71
499.000      4.31333e-73
500.000      5.69947e-75
