# Gaussian folded, width=10 cm^-1
# [cm^-1] arbitrary
0.000      3.00000e+00
1.000      2.91796e+00
2.000      2.68508e+00
3.000      2.33749e+00
4.000      1.92514e+00
5.000      1.50000e+00
6.000      1.10570e+00
7.000      7.71085e-01
8.000      5.08727e-01
9.000      3.17529e-01
10.000      1.87500e-01
11.000      1.04746e-01
12.000      5.53590e-02
13.000      2.76795e-02
14.000      1.30932e-02
15.000      5.85938e-03
16.000      2.48070e-03
17.000      9.93608e-04
18.000      3.76511e-04
19.000      1.34995e-04
20.000      4.58658e-05
21.000      1.50454e-05
22.000      5.81199e-06
23.000      6.12482e-06
24.000      1.67510e-05
25.000      5.26339e-05
26.000      1.59259e-04
27.000      4.56545e-04
28.000      1.23831e-03
29.000      3.17761e-03
30.000      7.71413e-03
31.000      1.77171e-02
32.000      3.84959e-02
33.000      7.91324e-02
34.000      1.53890e-01
35.000      2.83131e-01
36.000      4.92810e-01
37.000      8.11503e-01
38.000      1.26421e+00
39.000      1.86322e+00
40.000      2.59792e+00
41.000      3.42695e+00
42.000      4.27667e+00
43.000      5.04919e+00
44.000      5.63969e+00
45.000      5.95945e+00
46.000      5.95765e+00
47.000      5.63458e+00
48.000      5.04156e+00
49.000      4.26763e+00
50.000      3.41764e+00
51.000      2.58930e+00
52.000      1.85591e+00
53.000      1.25849e+00
54.000      8.07344e-01
55.000      4.89989e-01
56.000      2.81344e-01
57.000      1.52840e-01
58.000      7.85878e-02
59.000      3.83380e-02
60.000      1.80075e-02
61.000      8.85105e-03
62.000      6.25235e-03
63.000      8.77665e-03
64.000      1.78186e-02
65.000      3.79448e-02
66.000      7.78348e-02
67.000      1.51491e-01
68.000      2.79074e-01
69.000      4.86410e-01
70.000      8.02064e-01
71.000      1.25122e+00
72.000      1.84662e+00
73.000      2.57832e+00
74.000      3.40577e+00
75.000      4.25609e+00
76.000      5.03181e+00
77.000      5.62801e+00
78.000      5.95530e+00
79.000      5.96169e+00
80.000      5.64616e+00
81.000      5.05888e+00
82.000      4.28819e+00
83.000      3.43884e+00
84.000      2.60899e+00
85.000      1.87273e+00
86.000      1.27201e+00
87.000      8.18143e-01
88.000      4.99787e-01
89.000      2.93558e-01
90.000      1.73866e-01
91.000      1.20190e-01
92.000      1.21443e-01
93.000      1.77901e-01
94.000      3.01154e-01
95.000      5.12084e-01
96.000      8.36363e-01
97.000      1.29704e+00
98.000      1.90463e+00
99.000      2.64651e+00
100.000      3.47918e+00
101.000      4.32716e+00
102.000      5.09151e+00
103.000      5.66773e+00
104.000      5.96883e+00
105.000      5.94687e+00
106.000      5.60542e+00
107.000      4.99870e+00
108.000      4.21757e+00
109.000      3.36757e+00
110.000      2.54644e+00
111.000      1.82801e+00
112.000      1.25607e+00
113.000      8.48161e-01
114.000      6.06124e-01
115.000      5.28962e-01
116.000      6.23904e-01
117.000      9.12418e-01
118.000      1.42919e+00
119.000      2.21335e+00
120.000      3.29307e+00
121.000      4.66693e+00
122.000      6.28781e+00
123.000      8.05650e+00
124.000      9.83053e+00
125.000      1.14493e+01
126.000      1.27702e+01
127.000      1.37032e+01
128.000      1.42331e+01
129.000      1.44169e+01
130.000      1.43592e+01
131.000      1.41721e+01
132.000      1.39357e+01
133.000      1.36741e+01
134.000      1.33538e+01
135.000      1.29036e+01
136.000      1.22477e+01
137.000      1.13376e+01
138.000      1.01738e+01
139.000      8.81054e+00
140.000      7.34482e+00
141.000      5.89478e+00
142.000      4.57582e+00
143.000      3.48064e+00
144.000      2.66734e+00
145.000      2.15593e+00
146.000      1.93123e+00
147.000      1.94956e+00
148.000      2.14739e+00
149.000      2.45154e+00
150.000      2.79140e+00
151.000      3.11279e+00
152.000      3.39166e+00
153.000      3.64366e+00
154.000      3.92495e+00
155.000      4.32104e+00
156.000      4.92351e+00
157.000      5.79905e+00
158.000      6.95963e+00
159.000      8.34422e+00
160.000      9.82152e+00
161.000      1.12169e+01
162.000      1.23589e+01
163.000      1.31309e+01
164.000      1.35112e+01
165.000      1.35842e+01
166.000      1.35166e+01
167.000      1.35043e+01
168.000      1.37079e+01
169.000      1.41989e+01
170.000      1.49363e+01
171.000      1.57814e+01
172.000      1.65450e+01
173.000      1.70488e+01
174.000      1.71791e+01
175.000      1.69149e+01
176.000      1.63211e+01
177.000      1.55140e+01
178.000      1.46143e+01
179.000      1.37064e+01
180.000      1.28175e+01
181.000      1.19229e+01
182.000      1.09697e+01
183.000      9.90891e+00
184.000      8.72119e+00
185.000      7.42883e+00
186.000      6.09105e+00
187.000      4.78715e+00
188.000      3.59529e+00
189.000      2.57463e+00
190.000      1.75575e+00
191.000      1.14060e+00
192.000      7.09532e-01
193.000      4.31993e-01
194.000      2.77077e-01
195.000      2.21777e-01
196.000      2.55872e-01
197.000      3.83369e-01
198.000      6.20627e-01
199.000      9.91335e-01
200.000      1.51881e+00
201.000      2.21692e+00
202.000      3.08212e+00
203.000      4.08983e+00
204.000      5.19763e+00
205.000      6.35540e+00
206.000      7.51873e+00
207.000      8.65917e+00
208.000      9.76468e+00
209.000      1.08279e+01
210.000      1.18259e+01
211.000      1.27025e+01
212.000      1.33631e+01
213.000      1.36905e+01
214.000      1.35781e+01
215.000      1.29686e+01
216.000      1.18829e+01
217.000      1.04269e+01
218.000      8.77194e+00
219.000      7.11819e+00
220.000      5.65194e+00
221.000      4.51112e+00
222.000      3.76638e+00
223.000      3.41887e+00
224.000      3.41093e+00
225.000      3.64412e+00
226.000      3.99983e+00
227.000      4.35922e+00
228.000      4.62058e+00
229.000      4.71249e+00
230.000      4.60115e+00
231.000      4.29095e+00
232.000      3.81831e+00
233.000      3.24045e+00
234.000      2.62190e+00
235.000      2.02198e+00
236.000      1.48572e+00
237.000      1.03974e+00
238.000      6.92702e-01
239.000      4.39123e-01
240.000      2.64743e-01
241.000      1.51718e-01
242.000      8.26055e-02
243.000      4.27097e-02
244.000      2.09602e-02
245.000      9.75964e-03
246.000      4.31001e-03
247.000      1.80460e-03
248.000      7.16166e-04
249.000      2.69335e-04
250.000      9.60442e-05
251.000      3.27666e-05
252.000      1.17628e-05
253.000      7.96099e-06
254.000      1.64644e-05
255.000      4.77054e-05
256.000      1.36970e-04
257.000      3.73682e-04
258.000      9.65050e-04
259.000      2.35862e-03
260.000      5.45592e-03
261.000      1.19470e-02
262.000      2.47710e-02
263.000      4.86499e-02
264.000      9.05533e-02
265.000      1.59857e-01
266.000      2.67924e-01
267.000      4.26938e-01
268.000      6.48077e-01
269.000      9.39508e-01
270.000      1.30494e+00
271.000      1.74341e+00
272.000      2.25031e+00
273.000      2.81888e+00
274.000      3.44055e+00
275.000      4.10270e+00
276.000      4.78411e+00
277.000      5.45010e+00
278.000      6.05144e+00
279.000      6.53074e+00
280.000      6.83738e+00
281.000      6.94788e+00
282.000      6.88479e+00
283.000      6.72574e+00
284.000      6.59685e+00
285.000      6.64940e+00
286.000      7.02472e+00
287.000      7.81683e+00
288.000      9.04327e+00
289.000      1.06331e+01
290.000      1.24356e+01
291.000      1.42480e+01
292.000      1.58537e+01
293.000      1.70626e+01
294.000      1.77431e+01
295.000      1.78405e+01
296.000      1.73833e+01
297.000      1.64765e+01
298.000      1.52879e+01
299.000      1.40264e+01
300.000      1.29113e+01
301.000      1.21355e+01
302.000      1.18243e+01
303.000      1.20024e+01
304.000      1.25782e+01
305.000      1.33574e+01
306.000      1.40852e+01
307.000      1.45099e+01
308.000      1.44495e+01
309.000      1.38423e+01
310.000      1.27667e+01
311.000      1.14255e+01
312.000      1.01014e+01
313.000      9.09799e+00
314.000      8.68015e+00
315.000      9.02699e+00
316.000      1.02016e+01
317.000      1.21399e+01
318.000      1.46586e+01
319.000      1.74800e+01
320.000      2.02733e+01
321.000      2.27046e+01
322.000      2.44892e+01
323.000      2.54335e+01
324.000      2.54593e+01
325.000      2.46062e+01
326.000      2.30153e+01
327.000      2.09010e+01
328.000      1.85211e+01
329.000      1.61480e+01
330.000      1.40452e+01
331.000      1.24457e+01
332.000      1.15296e+01
333.000      1.14015e+01
334.000      1.20712e+01
335.000      1.34423e+01
336.000      1.53175e+01
337.000      1.74219e+01
338.000      1.94445e+01
339.000      2.10892e+01
340.000      2.21241e+01
341.000      2.24180e+01
342.000      2.19562e+01
343.000      2.08336e+01
344.000      1.92285e+01
345.000      1.73668e+01
346.000      1.54842e+01
347.000      1.37964e+01
348.000      1.24803e+01
349.000      1.16679e+01
350.000      1.14464e+01
351.000      1.18622e+01
352.000      1.29204e+01
353.000      1.45815e+01
354.000      1.67553e+01
355.000      1.92990e+01
356.000      2.20247e+01
357.000      2.47190e+01
358.000      2.71725e+01
359.000      2.92138e+01
360.000      3.07375e+01
361.000      3.17186e+01
362.000      3.22071e+01
363.000      3.23041e+01
364.000      3.21229e+01
365.000      3.17490e+01
366.000      3.12102e+01
367.000      3.04680e+01
368.000      2.94354e+01
369.000      2.80136e+01
370.000      2.61375e+01
371.000      2.38112e+01
372.000      2.11220e+01
373.000      1.82294e+01
374.000      1.53332e+01
375.000      1.26350e+01
376.000      1.03048e+01
377.000      8.46309e+00
378.000      7.17988e+00
379.000      6.48598e+00
380.000      6.38840e+00
381.000      6.88067e+00
382.000      7.94264e+00
383.000      9.53005e+00
384.000      1.15603e+01
385.000      1.39046e+01
386.000      1.63967e+01
387.000      1.88599e+01
388.000      2.11468e+01
389.000      2.31745e+01
390.000      2.49387e+01
391.000      2.64933e+01
392.000      2.79010e+01
393.000      2.91729e+01
394.000      3.02251e+01
395.000      3.08757e+01
396.000      3.08881e+01
397.000      3.00482e+01
398.000      2.82444e+01
399.000      2.55201e+01
400.000      2.20775e+01
401.000      1.82341e+01
402.000      1.43482e+01
403.000      1.07414e+01
404.000      7.64263e+00
405.000      5.16454e+00
406.000      3.31291e+00
407.000      2.01658e+00
408.000      1.16447e+00
409.000      6.37757e-01
410.000      3.31224e-01
411.000      1.63108e-01
412.000      7.61652e-02
413.000      3.37722e-02
414.000      1.43669e-02
415.000      6.27822e-03
416.000      3.87267e-03
417.000      5.17286e-03
418.000      1.07653e-02
419.000      2.37373e-02
420.000      5.03961e-02
421.000      1.01480e-01
422.000      1.93393e-01
423.000      3.48692e-01
424.000      5.94788e-01
425.000      9.59846e-01
426.000      1.46541e+00
427.000      2.11657e+00
428.000      2.89217e+00
429.000      3.73881e+00
430.000      4.57257e+00
431.000      5.29060e+00
432.000      5.79118e+00
433.000      5.99718e+00
434.000      5.87549e+00
435.000      5.44578e+00
436.000      4.77525e+00
437.000      3.96146e+00
438.000      3.10925e+00
439.000      2.30914e+00
440.000      1.62337e+00
441.000      1.08184e+00
442.000      6.86598e-01
443.000      4.21282e-01
444.000      2.61485e-01
445.000      1.82950e-01
446.000      1.66259e-01
447.000      1.98012e-01
448.000      2.69387e-01
449.000      3.73279e-01
450.000      5.01279e-01
451.000      6.41577e-01
452.000      7.78569e-01
453.000      8.94437e-01
454.000      9.72312e-01
455.000      1.00001e+00
456.000      9.73033e-01
457.000      8.95717e-01
458.000      7.80068e-01
459.000      6.42706e-01
460.000      5.00967e-01
461.000      3.69423e-01
462.000      2.57725e-01
463.000      1.70101e-01
464.000      1.06212e-01
465.000      6.27421e-02
466.000      3.50641e-02
467.000      1.85388e-02
468.000      9.27301e-03
469.000      4.38810e-03
470.000      1.96449e-03
471.000      8.32032e-04
472.000      3.33387e-04
473.000      1.26379e-04
474.000      4.53229e-05
475.000      1.53773e-05
476.000      4.93581e-06
477.000      1.49884e-06
478.000      4.30595e-07
479.000      1.17031e-07
480.000      3.00919e-08
481.000      7.32009e-09
482.000      1.68461e-09
483.000      3.66777e-10
484.000      7.55479e-11
485.000      1.47217e-11
486.000      2.71403e-12
487.000      4.73355e-13
488.000      7.81046e-14
489.000      1.21923e-14
490.000      1.80057e-15
491.000      2.51566e-16
492.000      3.32516e-17
493.000      4.15806e-18
494.000      4.91911e-19
495.000      5.50553e-20
496.000      5.82949e-21
497.000      5.83954e-22
498.000      5.53407e-23
499.000      4.96167e-24
500.000      4.20852e-25
