4.500000000000000000e+01
4.376940000000000452e+01
4.027619999999999578e+01
3.506234999999999502e+01
2.887709999999999511e+01
2.250000000000000000e+01
1.658550000000000324e+01
1.156627499999999920e+01
7.630905000000002936e+00
4.762935000000000585e+00
2.812500000000000000e+00
1.571190000000000087e+00
8.303903999999999730e-01
4.152110000000000523e-01
1.964632000000000045e-01
8.810949000000001252e-02
3.790670000000000150e-02
1.700145000000000128e-02
1.163108500000000281e-02
1.819081999999999991e-02
4.205255000000000104e-02
1.004661799999999883e-01
2.301528999999999936e-01
5.001948000000000505e-01
1.029855200000000082e+00
2.008418999999999954e+00
3.709981999999999225e+00
6.491374999999999673e+00
1.075864300000000107e+01
1.689052000000000220e+01
2.511892999999999887e+01
3.538678999999999064e+01
4.722475999999999630e+01
5.970272999999999541e+01
7.150264999999998849e+01
8.112594999999998890e+01
8.719938000000000500e+01
8.879509000000001606e+01
8.566269999999998674e+01
7.829400999999998589e+01
6.779670000000000130e+01
5.562287999999999499e+01
4.324431999999999476e+01
3.187502999999999531e+01
2.231240999999999630e+01
1.491690300000000136e+01
9.703841999999999857e+00
6.495029999999999859e+00
5.074748000000000481e+00
5.308704999999999785e+00
7.202443999999999846e+00
1.089114400000000060e+01
1.656424000000000163e+01
2.433941999999999695e+01
3.411452999999999491e+01
4.543925000000000125e+01
5.745675000000000665e+01
6.895584999999999809e+01
7.854590999999997791e+01
8.492358000000000118e+01
8.716105000000000302e+01
8.492661999999999978e+01
7.856539000000002204e+01
6.901277999999999224e+01
5.757166000000000139e+01
4.562734999999999985e+01
3.438866999999999052e+01
2.472308999999999557e+01
1.711318999999999946e+01
1.172039500000000167e+01
8.512294000000000693e+00
7.400635999999999548e+00
8.344780000000000086e+00
1.139046100000000195e+01
1.663340000000000174e+01
2.411718000000000117e+01
3.369445999999999941e+01
4.489824000000000126e+01
5.687617000000000189e+01
6.843415000000000248e+01
7.820547999999999433e+01
8.491997000000000639e+01
8.770768999999999949e+01
8.635004000000000701e+01
8.140312999999999022e+01
7.415698999999999330e+01
6.644347000000000492e+01
6.034624000000000876e+01
5.787871999999999417e+01
6.068648000000000309e+01
6.980784000000001299e+01
8.551253000000001236e+01
1.072314800000000190e+02
1.335939299999999719e+02
1.625826000000000136e+02
1.917958999999999889e+02
2.187749000000000308e+02
2.413317999999999870e+02
2.578038999999999987e+02
2.671923999999999637e+02
2.691791999999999803e+02
2.640529999999999973e+02
2.525935000000000059e+02
2.359524999999999864e+02
2.155438999999999794e+02
1.929321999999999662e+02
1.697004000000000303e+02
1.472951899999999910e+02
1.268641700000000014e+02
1.091332000000000022e+02
9.436428999999999689e+01
8.242586000000000013e+01
7.296814999999999429e+01
6.566047999999999263e+01
6.042120999999999498e+01
5.756830000000001490e+01
5.783998000000000417e+01
6.226890000000000214e+01
7.193231000000000108e+01
8.763445000000001528e+01
1.095955399999999855e+02
1.372270800000000008e+02
1.690588999999999942e+02
2.028532999999999902e+02
2.358992999999999824e+02
2.654275000000000659e+02
2.890597000000000207e+02
3.051841000000000008e+02
3.131793999999999869e+02
3.134342000000000326e+02
3.071767999999999574e+02
2.961643999999999437e+02
2.823080000000000496e+02
2.673201999999999998e+02
2.524523999999999546e+02
2.383726999999999805e+02
2.251946000000000083e+02
2.126306999999999903e+02
2.002280000000000086e+02
1.876169000000000153e+02
1.747084999999999866e+02
1.617974000000000387e+02
1.495426500000000090e+02
1.388415400000000091e+02
1.306229600000000062e+02
1.256165200000000084e+02
1.241545399999999972e+02
1.260607900000000114e+02
1.306588600000000042e+02
1.369006999999999721e+02
1.435822600000000193e+02
1.495864499999999850e+02
1.540880099999999970e+02
1.566704999999999757e+02
1.573348000000000013e+02
1.564171700000000271e+02
1.544504599999999925e+02
1.520203099999999949e+02
1.496521299999999997e+02
1.477449500000000171e+02
1.465588999999999942e+02
1.462346199999999783e+02
1.468290499999999952e+02
1.483495500000000220e+02
1.507724599999999953e+02
1.540474700000000041e+02
1.580912800000000118e+02
1.627751200000000154e+02
1.679196799999999712e+02
1.733003999999999962e+02
1.786673000000000116e+02
1.837777000000000100e+02
1.884332000000000278e+02
1.925118999999999971e+02
1.959818000000000211e+02
1.988978999999999644e+02
2.013751999999999498e+02
2.035521999999999991e+02
2.055560000000000116e+02
2.074784999999999968e+02
2.093740999999999985e+02
2.112689000000000021e+02
2.131820000000000164e+02
2.151445999999999685e+02
2.172068999999999903e+02
2.194323999999999728e+02
2.218879000000000303e+02
2.246298999999999637e+02
2.276961999999999477e+02
2.311074000000000126e+02
2.348737999999999602e+02
2.389999000000000251e+02
2.434863000000000568e+02
2.483201999999999998e+02
2.534529999999999745e+02
2.587776000000000067e+02
2.641012000000000057e+02
2.691318999999999733e+02
2.734882000000000062e+02
2.767263000000000375e+02
2.783978999999999928e+02
2.781139000000000010e+02
2.756097999999999502e+02
2.707887000000000626e+02
2.637333000000000425e+02
2.546813999999999965e+02
2.439708999999999719e+02
2.319712000000000103e+02
2.190218000000000131e+02
2.053960000000000150e+02
1.912976000000000170e+02
1.768963000000000250e+02
1.623754000000000133e+02
1.479876600000000337e+02
1.340816399999999931e+02
1.210961100000000101e+02
1.095113599999999963e+02
9.977281999999996742e+01
9.220585000000001230e+01
8.694688000000000727e+01
8.391151999999999589e+01
8.281149999999998101e+01
8.321963999999999828e+01
8.466884000000000299e+01
8.676165000000000305e+01
8.926117000000000701e+01
9.213723000000000241e+01
9.555270000000000152e+01
9.979185999999998558e+01
1.051513800000000174e+02
1.118259099999999933e+02
1.198212500000000205e+02
1.289169899999999984e+02
1.386850799999999992e+02
1.485508799999999781e+02
1.578793800000000260e+02
1.660656800000000146e+02
1.726110299999999995e+02
1.771788299999999765e+02
1.796267700000000218e+02
1.800072599999999738e+02
1.785486799999999619e+02
1.756029399999999896e+02
1.715864999999999441e+02
1.669121900000000096e+02
1.619294699999999807e+02
1.568855299999999886e+02
1.519105600000000038e+02
1.470297600000000102e+02
1.421933600000000126e+02
1.373199600000000089e+02
1.323427499999999952e+02
1.272528199999999856e+02
1.221296800000000076e+02
1.171515599999999893e+02
1.125787100000000009e+02
1.087070799999999906e+02
1.057987199999999888e+02
1.040058999999999827e+02
1.033111199999999883e+02
1.035074200000000104e+02
1.042342700000000093e+02
1.050684400000000096e+02
1.056542400000000015e+02
1.058402800000000070e+02
1.057858299999999900e+02
1.060055800000000090e+02
1.073330699999999780e+02
1.108032500000000198e+02
1.174741200000000134e+02
1.282224000000000217e+02
1.435538999999999987e+02
1.634689300000000003e+02
1.874131999999999891e+02
2.143242999999999938e+02
2.427682000000000357e+02
2.711370000000000573e+02
2.978658999999999537e+02
3.216225999999999772e+02
3.414286999999999921e+02
3.566957999999999629e+02
3.671793000000000120e+02
3.728849000000000160e+02
3.739627999999999588e+02
3.706321000000000367e+02
3.631577000000000339e+02
3.518732000000000539e+02
3.372276000000000522e+02
3.198183999999999969e+02
3.003894999999999982e+02
2.797745000000000459e+02
2.588045999999999935e+02
2.382079999999999984e+02
2.185317999999999756e+02
2.001097999999999786e+02
1.830778999999999996e+02
1.674291999999999803e+02
1.530802800000000161e+02
1.399340699999999913e+02
1.279182200000000194e+02
1.169974400000000117e+02
1.071634200000000163e+02
9.841328000000000031e+01
9.072657999999999845e+01
8.405200000000000671e+01
7.830736000000000274e+01
7.339225999999999317e+01
6.920753999999998030e+01
6.567255000000000109e+01
6.273482999999999521e+01
6.036897999999999342e+01
5.856850999999999630e+01
5.733467000000000269e+01
5.666836000000000695e+01
5.656644000000000005e+01
5.702121999999999957e+01
5.802000999999999920e+01
5.954116000000000497e+01
6.154657000000000266e+01
6.397185999999999950e+01
6.671935999999999467e+01
6.965838999999999714e+01
7.263706999999999425e+01
7.550603999999999871e+01
7.815025999999998874e+01
8.052125000000002331e+01
8.265893000000001223e+01
8.469446999999999548e+01
8.682988000000000284e+01
8.929795000000001437e+01
9.231538999999999362e+01
9.604372000000000753e+01
1.005720399999999870e+02
1.059259900000000130e+02
1.120957700000000159e+02
1.190688999999999709e+02
1.268499899999999911e+02
1.354584700000000055e+02
1.449045700000000068e+02
1.551534600000000239e+02
1.660923300000000040e+02
1.775090799999999831e+02
1.890884000000000071e+02
2.004178999999999746e+02
2.110074999999999932e+02
2.203140999999999963e+02
2.277732999999999777e+02
2.328376999999999839e+02
2.350228999999999928e+02
2.339581000000000017e+02
2.294384000000000015e+02
2.214750000000000227e+02
2.103302999999999940e+02
1.965301999999999794e+02
1.808401000000000067e+02
1.641985599999999863e+02
1.476122799999999984e+02
1.320340199999999982e+02
1.182436399999999992e+02
1.067625100000000060e+02
9.781565999999999406e+01
9.134306000000000836e+01
8.705074999999999363e+01
8.448350999999999544e+01
8.310310000000001196e+01
8.236084000000002447e+01
8.175895999999997343e+01
8.089810000000001367e+01
7.950990000000000180e+01
7.747165999999999997e+01
7.480153999999998859e+01
7.163616999999999280e+01
6.819683999999999457e+01
6.475446999999999775e+01
6.160078000000000031e+01
5.902877999999999759e+01
5.731681999999999277e+01
5.670574999999999477e+01
5.736171000000000930e+01
5.932484999999999076e+01
6.245808999999999855e+01
6.641899000000000797e+01
7.067612000000001160e+01
7.458046999999999116e+01
7.748092000000001178e+01
7.885378000000001464e+01
7.840771999999999764e+01
7.613146000000000413e+01
7.227132999999999186e+01
6.725101999999999691e+01
6.156334000000000373e+01
5.566955999999999705e+01
4.993298000000000059e+01
4.459621999999999531e+01
3.979426999999999737e+01
3.558623999999999654e+01
3.198560000000000514e+01
2.897768999999999551e+01
2.652156000000000091e+01
2.454302600000000112e+01
2.292981899999999840e+01
2.153763400000000061e+01
2.020996200000000087e+01
1.880708299999999866e+01
1.723423700000000025e+01
1.545900699999999794e+01
1.351207299999999911e+01
1.147260500000000150e+01
9.443982000000000099e+00
7.528475000000000250e+00
5.807968999999999937e+00
4.333934500000000689e+00
3.126213300000000306e+00
2.178041899999999753e+00
1.463954699999999942e+00
9.479383799999998583e-01
5.903469199999999972e-01
3.529707200000000156e-01
2.022560429999999965e-01
1.108790429999999966e-01
5.806216150000000076e-02
2.900115940000000392e-02
1.379991855999999906e-02
6.249032620000000843e-03
2.690487599999999858e-03
1.100531918999999876e-03
4.274181617999999860e-04
1.575270150999999973e-04
5.507026044999999972e-05
1.825514892799999869e-05
5.736250002000000143e-06
1.708189620999999947e-06
4.819684031399999855e-07
1.288241563769999912e-07
3.261452582100000042e-08
7.819874519699999043e-09
1.775492020289999948e-09
3.817006930959999875e-10
7.769276445119999671e-11
1.497131252424000054e-11
2.731058706779999960e-12
4.715974456659999760e-13
7.708310577569999249e-14
1.192541343308999974e-14
1.746235982889999900e-15
2.420047684455999915e-16
3.174151298509999674e-17
3.940028677562999963e-18
4.628377612025899459e-19
5.145226930843199486e-20
5.412725484391199458e-21
5.388348940233699816e-22
5.075918035742300098e-23
4.524666504670290001e-24
3.816486593469569882e-25
3.046067387855119968e-26
2.300424676450819894e-27
1.643860408395625965e-28
1.111483464156673981e-29
7.110816647299209628e-31
4.304381427546694992e-32
2.465307491473989062e-33
1.335969320760041366e-34
6.849921128487160469e-36
3.323028333948943270e-37
1.525242198906491417e-38
6.623643844200653820e-40
2.721484456279604956e-41
1.057948855419122744e-42
3.891070871348445393e-44
1.353994974941534814e-45
4.457690235111221611e-47
1.388488168387572391e-48
4.091808811560784604e-50
1.140841497609049549e-51
3.009342901861652288e-53
7.510211832414137593e-55
1.773232897178504466e-56
3.961088334233061788e-58
8.371306646204740809e-60
1.673795453375805933e-61
3.166231611623774964e-63
5.666437722336633055e-65
9.594147058853823381e-67
1.536845323287963646e-68
2.329056293074492587e-70
3.339302255483681124e-72
4.529572126226693773e-74
5.812764557937909798e-76
7.057221783191363804e-78
8.106026181780163643e-80
8.808576486037469372e-82
9.055790372336088962e-84
8.807842741822688147e-86
8.104667597120431582e-88
7.055418022195438567e-90
5.810745750751286935e-92
4.527538434339180025e-94
3.337446208210148960e-96
2.327481781084596610e-98
1.535604384941048091e-100
