# Gaussian folded, width=10 cm^-1
# [cm^-1] arbitrary
0.000      3.00000e+00
1.000      2.91796e+00
2.000      2.68508e+00
3.000      2.33749e+00
4.000      1.92514e+00
5.000      1.50000e+00
6.000      1.10570e+00
7.000      7.71085e-01
8.000      5.08727e-01
9.000      3.17529e-01
10.000      1.87500e-01
11.000      1.04746e-01
12.000      5.53590e-02
13.000      2.76796e-02
14.000      1.30934e-02
15.000      5.86017e-03
16.000      2.48357e-03
17.000      1.00342e-03
18.000      4.08233e-04
19.000      2.32163e-04
20.000      3.27762e-04
21.000      7.89620e-04
22.000      2.02161e-03
23.000      4.97480e-03
24.000      1.16162e-02
25.000      2.56986e-02
26.000      5.38577e-02
27.000      1.06925e-01
28.000      2.01100e-01
29.000      3.58307e-01
30.000      6.04803e-01
31.000      9.67159e-01
32.000      1.46525e+00
33.000      2.10311e+00
34.000      2.85990e+00
35.000      3.68455e+00
36.000      4.49744e+00
37.000      5.20108e+00
38.000      5.69865e+00
39.000      5.91560e+00
40.000      5.81801e+00
41.000      5.42121e+00
42.000      4.78588e+00
43.000      4.00284e+00
44.000      3.17187e+00
45.000      2.38131e+00
46.000      1.69407e+00
47.000      1.14265e+00
48.000      7.32438e-01
49.000      4.50138e-01
50.000      2.73959e-01
51.000      1.82579e-01
52.000      1.61524e-01
53.000      2.06621e-01
54.000      3.24706e-01
55.000      5.31768e-01
56.000      8.48472e-01
57.000      1.29312e+00
58.000      1.87276e+00
59.000      2.57409e+00
60.000      3.35718e+00
61.000      4.15485e+00
62.000      4.87995e+00
63.000      5.44011e+00
64.000      5.75685e+00
65.000      5.78352e+00
66.000      5.51662e+00
67.000      4.99648e+00
68.000      4.29735e+00
69.000      3.51022e+00
70.000      2.72383e+00
71.000      2.00946e+00
72.000      1.41305e+00
73.000      9.55108e-01
74.000      6.36863e-01
75.000      4.49467e-01
76.000      3.83081e-01
77.000      4.33427e-01
78.000      6.04325e-01
79.000      9.05706e-01
80.000      1.34745e+00
81.000      1.93036e+00
82.000      2.63667e+00
83.000      3.42325e+00
84.000      4.22079e+00
85.000      4.94111e+00
86.000      5.49228e+00
87.000      5.79824e+00
88.000      5.81784e+00
89.000      5.55723e+00
90.000      5.07213e+00
91.000      4.45938e+00
92.000      3.84091e+00
93.000      3.34472e+00
94.000      3.08755e+00
95.000      3.16143e+00
96.000      3.62458e+00
97.000      4.49549e+00
98.000      5.74951e+00
99.000      7.31864e+00
100.000      9.09582e+00
101.000      1.09453e+01
102.000      1.27187e+01
103.000      1.42743e+01
104.000      1.54952e+01
105.000      1.63033e+01
106.000      1.66647e+01
107.000      1.65876e+01
108.000      1.61154e+01
109.000      1.53161e+01
110.000      1.42725e+01
111.000      1.30738e+01
112.000      1.18086e+01
113.000      1.05587e+01
114.000      9.39224e+00
115.000      8.35763e+00
116.000      7.47890e+00
117.000      6.75489e+00
118.000      6.16389e+00
119.000      5.67384e+00
120.000      5.25605e+00
121.000      4.89885e+00
122.000      4.61687e+00
123.000      4.45273e+00
124.000      4.46970e+00
125.000      4.73665e+00
126.000      5.30902e+00
127.000      6.21052e+00
128.000      7.42077e+00
129.000      8.87230e+00
130.000      1.04583e+01
131.000      1.20497e+01
132.000      1.35169e+01
133.000      1.47519e+01
134.000      1.56848e+01
135.000      1.62909e+01
136.000      1.65886e+01
137.000      1.66286e+01
138.000      1.64786e+01
139.000      1.62082e+01
140.000      1.58764e+01
141.000      1.55247e+01
142.000      1.51754e+01
143.000      1.48336e+01
144.000      1.44923e+01
145.000      1.41370e+01
146.000      1.37501e+01
147.000      1.33153e+01
148.000      1.28202e+01
149.000      1.22596e+01
150.000      1.16372e+01
151.000      1.09670e+01
152.000      1.02731e+01
153.000      9.58790e+00
154.000      8.94832e+00
155.000      8.39151e+00
156.000      7.95007e+00
157.000      7.64811e+00
158.000      7.49866e+00
159.000      7.50285e+00
160.000      7.65041e+00
161.000      7.92116e+00
162.000      8.28678e+00
163.000      8.71279e+00
164.000      9.16079e+00
165.000      9.59134e+00
166.000      9.96739e+00
167.000      1.02580e+01
168.000      1.04416e+01
169.000      1.05086e+01
170.000      1.04624e+01
171.000      1.03191e+01
172.000      1.01053e+01
173.000      9.85401e+00
174.000      9.59950e+00
175.000      9.37071e+00
176.000      9.18600e+00
177.000      9.05066e+00
178.000      8.95833e+00
179.000      8.89619e+00
180.000      8.85189e+00
181.000      8.81994e+00
182.000      8.80501e+00
183.000      8.82148e+00
184.000      8.88945e+00
185.000      9.02885e+00
186.000      9.25331e+00
187.000      9.56553e+00
188.000      9.95507e+00
189.000      1.03990e+01
190.000      1.08651e+01
191.000      1.13166e+01
192.000      1.17176e+01
193.000      1.20376e+01
194.000      1.22549e+01
195.000      1.23583e+01
196.000      1.23474e+01
197.000      1.22321e+01
198.000      1.20309e+01
199.000      1.17682e+01
200.000      1.14709e+01
201.000      1.11648e+01
202.000      1.08710e+01
203.000      1.06038e+01
204.000      1.03689e+01
205.000      1.01638e+01
206.000      9.97882e+00
207.000      9.79980e+00
208.000      9.61074e+00
209.000      9.39772e+00
210.000      9.15311e+00
211.000      8.87931e+00
212.000      8.59153e+00
213.000      8.31812e+00
214.000      8.09783e+00
215.000      7.97363e+00
216.000      7.98388e+00
217.000      8.15299e+00
218.000      8.48417e+00
219.000      8.95690e+00
220.000      9.53055e+00
221.000      1.01532e+01
222.000      1.07728e+01
223.000      1.13474e+01
224.000      1.18510e+01
225.000      1.22730e+01
226.000      1.26136e+01
227.000      1.28768e+01
228.000      1.30645e+01
229.000      1.31727e+01
230.000      1.31921e+01
231.000      1.31109e+01
232.000      1.29196e+01
233.000      1.26148e+01
234.000      1.22033e+01
235.000      1.17034e+01
236.000      1.11450e+01
237.000      1.05667e+01
238.000      1.00109e+01
239.000      9.51645e+00
240.000      9.11287e+00
241.000      8.81541e+00
242.000      8.62493e+00
243.000      8.53141e+00
244.000      8.52028e+00
245.000      8.57890e+00
246.000      8.70063e+00
247.000      8.88516e+00
248.000      9.13522e+00
249.000      9.45133e+00
250.000      9.82682e+00
251.000      1.02452e+01
252.000      1.06803e+01
253.000      1.11002e+01
254.000      1.14714e+01
255.000      1.17652e+01
256.000      1.19617e+01
257.000      1.20527e+01
258.000      1.20425e+01
259.000      1.19462e+01
260.000      1.17869e+01
261.000      1.15910e+01
262.000      1.13849e+01
263.000      1.11910e+01
264.000      1.10252e+01
265.000      1.08949e+01
266.000      1.07980e+01
267.000      1.07222e+01
268.000      1.06461e+01
269.000      1.05419e+01
270.000      1.03808e+01
271.000      1.01387e+01
272.000      9.80280e+00
273.000      9.37549e+00
274.000      8.87558e+00
275.000      8.33622e+00
276.000      7.79985e+00
277.000      7.31154e+00
278.000      6.91182e+00
279.000      6.63028e+00
280.000      6.48101e+00
281.000      6.46080e+00
282.000      6.55046e+00
283.000      6.71912e+00
284.000      6.93076e+00
285.000      7.15128e+00
286.000      7.35465e+00
287.000      7.52658e+00
288.000      7.66497e+00
289.000      7.77723e+00
290.000      7.87517e+00
291.000      7.96924e+00
292.000      8.06346e+00
293.000      8.15285e+00
294.000      8.22376e+00
295.000      8.25714e+00
296.000      8.23305e+00
297.000      8.13515e+00
298.000      7.95337e+00
299.000      7.68436e+00
300.000      7.33037e+00
301.000      6.89771e+00
302.000      6.39623e+00
303.000      5.84039e+00
304.000      5.25109e+00
305.000      4.65659e+00
306.000      4.09103e+00
307.000      3.58971e+00
308.000      3.18248e+00
309.000      2.88748e+00
310.000      2.70821e+00
311.000      2.63565e+00
312.000      2.65482e+00
313.000      2.75355e+00
314.000      2.92957e+00
315.000      3.19271e+00
316.000      3.56097e+00
317.000      4.05151e+00
318.000      4.67041e+00
319.000      5.40529e+00
320.000      6.22428e+00
321.000      7.08193e+00
322.000      7.92976e+00
323.000      8.72758e+00
324.000      9.45131e+00
325.000      1.00953e+01
326.000      1.06697e+01
327.000      1.11944e+01
328.000      1.16940e+01
329.000      1.21925e+01
330.000      1.27108e+01
331.000      1.32638e+01
332.000      1.38580e+01
333.000      1.44894e+01
334.000      1.51443e+01
335.000      1.58026e+01
336.000      1.64448e+01
337.000      1.70589e+01
338.000      1.76448e+01
339.000      1.82144e+01
340.000      1.87861e+01
341.000      1.93760e+01
342.000      1.99898e+01
343.000      2.06176e+01
344.000      2.12349e+01
345.000      2.18073e+01
346.000      2.22986e+01
347.000      2.26781e+01
348.000      2.29254e+01
349.000      2.30318e+01
350.000      2.29980e+01
351.000      2.28301e+01
352.000      2.25348e+01
353.000      2.21168e+01
354.000      2.15784e+01
355.000      2.09220e+01
356.000      2.01547e+01
357.000      1.92917e+01
358.000      1.83581e+01
359.000      1.73867e+01
360.000      1.64126e+01
361.000      1.54669e+01
362.000      1.45707e+01
363.000      1.37340e+01
364.000      1.29563e+01
365.000      1.22314e+01
366.000      1.15510e+01
367.000      1.09083e+01
368.000      1.02986e+01
369.000      9.72024e+00
370.000      9.17430e+00
371.000      8.66616e+00
372.000      8.20691e+00
373.000      7.81422e+00
374.000      7.51120e+00
375.000      7.32276e+00
376.000      7.27015e+00
377.000      7.36495e+00
378.000      7.60439e+00
379.000      7.96885e+00
380.000      8.42225e+00
381.000      8.91483e+00
382.000      9.38760e+00
383.000      9.77797e+00
384.000      1.00260e+01
385.000      1.00811e+01
386.000      9.90878e+00
387.000      9.49693e+00
388.000      8.86011e+00
389.000      8.04017e+00
390.000      7.10198e+00
391.000      6.12420e+00
392.000      5.18693e+00
393.000      4.35932e+00
394.000      3.69030e+00
395.000      3.20457e+00
396.000      2.90380e+00
397.000      2.77137e+00
398.000      2.77822e+00
399.000      2.88823e+00
400.000      3.06220e+00
401.000      3.26124e+00
402.000      3.44978e+00
403.000      3.59867e+00
404.000      3.68756e+00
405.000      3.70594e+00
406.000      3.65221e+00
407.000      3.53132e+00
408.000      3.35167e+00
409.000      3.12291e+00
410.000      2.85500e+00
411.000      2.55887e+00
412.000      2.24772e+00
413.000      1.93789e+00
414.000      1.64834e+00
415.000      1.39841e+00
416.000      1.20424e+00
417.000      1.07489e+00
418.000      1.00953e+00
419.000      9.96739e-01
420.000      1.01636e+00
421.000      1.04376e+00
422.000      1.05531e+00
423.000      1.03353e+00
424.000      9.70513e-01
425.000      8.68603e-01
426.000      7.38463e-01
427.000      5.95278e-01
428.000      4.54523e-01
429.000      3.28546e-01
430.000      2.24756e-01
431.000      1.45489e-01
432.000      8.91073e-02
433.000      5.16344e-02
434.000      2.83072e-02
435.000      1.46818e-02
436.000      7.20420e-03
437.000      3.34434e-03
438.000      1.46877e-03
439.000      6.10263e-04
440.000      2.39882e-04
441.000      8.92063e-05
442.000      3.13842e-05
443.000      1.04459e-05
444.000      3.28924e-06
445.000      9.79862e-07
446.000      2.76154e-07
447.000      7.36301e-08
448.000      1.85728e-08
449.000      4.43216e-09
450.000      1.00063e-09
451.000      2.13721e-10
452.000      4.31856e-11
453.000      8.25560e-12
454.000      1.49305e-12
455.000      2.55459e-13
456.000      4.13507e-14
457.000      6.33232e-15
458.000      9.17404e-16
459.000      1.25741e-16
460.000      1.63045e-17
461.000      2.00013e-18
462.000      2.32128e-19
463.000      2.54866e-20
464.000      2.64738e-21
465.000      2.60157e-22
466.000      2.41866e-23
467.000      2.12731e-24
468.000      1.77013e-25
469.000      1.39346e-26
470.000      1.03778e-27
471.000      7.31190e-29
472.000      4.87388e-30
473.000      3.07352e-31
474.000      1.83364e-32
475.000      1.03493e-33
476.000      5.52620e-35
477.000      2.79163e-36
478.000      1.33416e-37
479.000      6.03219e-39
480.000      2.58024e-40
481.000      1.04415e-41
482.000      3.99744e-43
483.000      1.44784e-44
484.000      4.96107e-46
485.000      1.60823e-47
486.000      4.93217e-49
487.000      1.43102e-50
488.000      3.92800e-52
489.000      1.02003e-53
490.000      2.50597e-55
491.000      5.82444e-57
492.000      1.28071e-58
493.000      2.66418e-60
494.000      5.24318e-62
495.000      9.76211e-64
496.000      1.71953e-65
497.000      2.86546e-67
498.000      4.51747e-69
499.000      6.73775e-71
500.000      9.50718e-73
