# Gaussian folded, width=10 cm^-1
# [cm^-1] arbitrary
0.000      3.00000e+00
1.000      2.91796e+00
2.000      2.68508e+00
3.000      2.33749e+00
4.000      1.92514e+00
5.000      1.50000e+00
6.000      1.10570e+00
7.000      7.71085e-01
8.000      5.08727e-01
9.000      3.17529e-01
10.000      1.87500e-01
11.000      1.04746e-01
12.000      5.53591e-02
13.000      2.76796e-02
14.000      1.30936e-02
15.000      5.86093e-03
16.000      2.48605e-03
17.000      1.01105e-03
18.000      4.30392e-04
19.000      2.92799e-04
20.000      4.84109e-04
21.000      1.16922e-03
22.000      2.88875e-03
23.000      6.83663e-03
24.000      1.53688e-02
25.000      3.27873e-02
26.000      6.63809e-02
27.000      1.27556e-01
28.000      2.32670e-01
29.000      4.02916e-01
30.000      6.62489e-01
31.000      1.03439e+00
32.000      1.53387e+00
33.000      2.16039e+00
34.000      2.89044e+00
35.000      3.67387e+00
36.000      4.43658e+00
37.000      5.09063e+00
38.000      5.55034e+00
39.000      5.75060e+00
40.000      5.66200e+00
41.000      5.29782e+00
42.000      4.71086e+00
43.000      3.98086e+00
44.000      3.19687e+00
45.000      2.43982e+00
46.000      1.76993e+00
47.000      1.22142e+00
48.000      8.04238e-01
49.000      5.10621e-01
50.000      3.23752e-01
51.000      2.25870e-01
52.000      2.04358e-01
53.000      2.55140e-01
54.000      3.83345e-01
55.000      6.01364e-01
56.000      9.24509e-01
57.000      1.36468e+00
58.000      1.92296e+00
59.000      2.58274e+00
60.000      3.30557e+00
61.000      4.03180e+00
62.000      4.68713e+00
63.000      5.19461e+00
64.000      5.48935e+00
65.000      5.53214e+00
66.000      5.31801e+00
67.000      4.87715e+00
68.000      4.26798e+00
69.000      3.56462e+00
70.000      2.84260e+00
71.000      2.16663e+00
72.000      1.58324e+00
73.000      1.11919e+00
74.000      7.84807e-01
75.000      5.80304e-01
76.000      5.02514e-01
77.000      5.50028e-01
78.000      7.25170e-01
79.000      1.03228e+00
80.000      1.47272e+00
81.000      2.03803e+00
82.000      2.70350e+00
83.000      3.42460e+00
84.000      4.13842e+00
85.000      4.77099e+00
86.000      5.24944e+00
87.000      5.51659e+00
88.000      5.54416e+00
89.000      5.34124e+00
90.000      4.95593e+00
91.000      4.46967e+00
92.000      3.98588e+00
93.000      3.61532e+00
94.000      3.46092e+00
95.000      3.60405e+00
96.000      4.09376e+00
97.000      4.93972e+00
98.000      6.10973e+00
99.000      7.53243e+00
100.000      9.10541e+00
101.000      1.07080e+01
102.000      1.22169e+01
103.000      1.35213e+01
104.000      1.45349e+01
105.000      1.52037e+01
106.000      1.55067e+01
107.000      1.54536e+01
108.000      1.50784e+01
109.000      1.44333e+01
110.000      1.35814e+01
111.000      1.25910e+01
112.000      1.15299e+01
113.000      1.04602e+01
114.000      9.43439e+00
115.000      8.49225e+00
116.000      7.65924e+00
117.000      6.94743e+00
118.000      6.35839e+00
119.000      5.88790e+00
120.000      5.53133e+00
121.000      5.28888e+00
122.000      5.16889e+00
123.000      5.18855e+00
124.000      5.37110e+00
125.000      5.73994e+00
126.000      6.31078e+00
127.000      7.08386e+00
128.000      8.03846e+00
129.000      9.13169e+00
130.000      1.03021e+01
131.000      1.14775e+01
132.000      1.25853e+01
133.000      1.35626e+01
134.000      1.43630e+01
135.000      1.49608e+01
136.000      1.53502e+01
137.000      1.55421e+01
138.000      1.55597e+01
139.000      1.54342e+01
140.000      1.52006e+01
141.000      1.48945e+01
142.000      1.45485e+01
143.000      1.41889e+01
144.000      1.38329e+01
145.000      1.34874e+01
146.000      1.31506e+01
147.000      1.28147e+01
148.000      1.24699e+01
149.000      1.21081e+01
150.000      1.17248e+01
151.000      1.13190e+01
152.000      1.08917e+01
153.000      1.04445e+01
154.000      9.97903e+00
155.000      9.49823e+00
156.000      9.00907e+00
157.000      8.52611e+00
158.000      8.07354e+00
159.000      7.68409e+00
160.000      7.39418e+00
161.000      7.23613e+00
162.000      7.22981e+00
163.000      7.37682e+00
164.000      7.65980e+00
165.000      8.04731e+00
166.000      8.50296e+00
167.000      8.99531e+00
168.000      9.50469e+00
169.000      1.00244e+01
170.000      1.05557e+01
171.000      1.10990e+01
172.000      1.16449e+01
173.000      1.21692e+01
174.000      1.26334e+01
175.000      1.29930e+01
176.000      1.32073e+01
177.000      1.32515e+01
178.000      1.31239e+01
179.000      1.28476e+01
180.000      1.24660e+01
181.000      1.20333e+01
182.000      1.16035e+01
183.000      1.12202e+01
184.000      1.09109e+01
185.000      1.06866e+01
186.000      1.05450e+01
187.000      1.04774e+01
188.000      1.04743e+01
189.000      1.05286e+01
190.000      1.06355e+01
191.000      1.07895e+01
192.000      1.09809e+01
193.000      1.11929e+01
194.000      1.14020e+01
195.000      1.15808e+01
196.000      1.17041e+01
197.000      1.17545e+01
198.000      1.17274e+01
199.000      1.16324e+01
200.000      1.14903e+01
201.000      1.13271e+01
202.000      1.11648e+01
203.000      1.10138e+01
204.000      1.08688e+01
205.000      1.07088e+01
206.000      1.05032e+01
207.000      1.02209e+01
208.000      9.84055e+00
209.000      9.35957e+00
210.000      8.79811e+00
211.000      8.19835e+00
212.000      7.61827e+00
213.000      7.12156e+00
214.000      6.76574e+00
215.000      6.59103e+00
216.000      6.61213e+00
217.000      6.81476e+00
218.000      7.15791e+00
219.000      7.58155e+00
220.000      8.01872e+00
221.000      8.40945e+00
222.000      8.71325e+00
223.000      8.91672e+00
224.000      9.03422e+00
225.000      9.10106e+00
226.000      9.16151e+00
227.000      9.25513e+00
228.000      9.40583e+00
229.000      9.61648e+00
230.000      9.87040e+00
231.000      1.01384e+01
232.000      1.03890e+01
233.000      1.05973e+01
234.000      1.07516e+01
235.000      1.08539e+01
236.000      1.09165e+01
237.000      1.09551e+01
238.000      1.09821e+01
239.000      1.10020e+01
240.000      1.10105e+01
241.000      1.09973e+01
242.000      1.09512e+01
243.000      1.08654e+01
244.000      1.07409e+01
245.000      1.05876e+01
246.000      1.04213e+01
247.000      1.02601e+01
248.000      1.01185e+01
249.000      1.00043e+01
250.000      9.91548e+00
251.000      9.84108e+00
252.000      9.76304e+00
253.000      9.66045e+00
254.000      9.51454e+00
255.000      9.31373e+00
256.000      9.05759e+00
257.000      8.75848e+00
258.000      8.44052e+00
259.000      8.13557e+00
260.000      7.87740e+00
261.000      7.69531e+00
262.000      7.60870e+00
263.000      7.62360e+00
264.000      7.73150e+00
265.000      7.91031e+00
266.000      8.12709e+00
267.000      8.34240e+00
268.000      8.51631e+00
269.000      8.61563e+00
270.000      8.62166e+00
271.000      8.53658e+00
272.000      8.38639e+00
273.000      8.21858e+00
274.000      8.09390e+00
275.000      8.07347e+00
276.000      8.20415e+00
277.000      8.50608e+00
278.000      8.96629e+00
279.000      9.54031e+00
280.000      1.01618e+01
281.000      1.07571e+01
282.000      1.12614e+01
283.000      1.16310e+01
284.000      1.18497e+01
285.000      1.19276e+01
286.000      1.18931e+01
287.000      1.17819e+01
288.000      1.16248e+01
289.000      1.14402e+01
290.000      1.12319e+01
291.000      1.09941e+01
292.000      1.07194e+01
293.000      1.04079e+01
294.000      1.00716e+01
295.000      9.73232e+00
296.000      9.41449e+00
297.000      9.13545e+00
298.000      8.89847e+00
299.000      8.69146e+00
300.000      8.49211e+00
301.000      8.27722e+00
302.000      8.03233e+00
303.000      7.75772e+00
304.000      7.46881e+00
305.000      7.19091e+00
306.000      6.95068e+00
307.000      6.76735e+00
308.000      6.64692e+00
309.000      6.58093e+00
310.000      6.55016e+00
311.000      6.53163e+00
312.000      6.50670e+00
313.000      6.46759e+00
314.000      6.42040e+00
315.000      6.38392e+00
316.000      6.38468e+00
317.000      6.44976e+00
318.000      6.59947e+00
319.000      6.84174e+00
320.000      7.16963e+00
321.000      7.56250e+00
322.000      7.99051e+00
323.000      8.42152e+00
324.000      8.82850e+00
325.000      9.19573e+00
326.000      9.52186e+00
327.000      9.81908e+00
328.000      1.01088e+01
329.000      1.04154e+01
330.000      1.07606e+01
331.000      1.11594e+01
332.000      1.16187e+01
333.000      1.21382e+01
334.000      1.27109e+01
335.000      1.33245e+01
336.000      1.39615e+01
337.000      1.46002e+01
338.000      1.52172e+01
339.000      1.57901e+01
340.000      1.63027e+01
341.000      1.67486e+01
342.000      1.71339e+01
343.000      1.74767e+01
344.000      1.78038e+01
345.000      1.81458e+01
346.000      1.85299e+01
347.000      1.89741e+01
348.000      1.94814e+01
349.000      2.00373e+01
350.000      2.06090e+01
351.000      2.11479e+01
352.000      2.15949e+01
353.000      2.18881e+01
354.000      2.19713e+01
355.000      2.18038e+01
356.000      2.13670e+01
357.000      2.06685e+01
358.000      1.97414e+01
359.000      1.86383e+01
360.000      1.74217e+01
361.000      1.61536e+01
362.000      1.48865e+01
363.000      1.36581e+01
364.000      1.24921e+01
365.000      1.14013e+01
366.000      1.03928e+01
367.000      9.47290e+00
368.000      8.64847e+00
369.000      7.92709e+00
370.000      7.31545e+00
371.000      6.81826e+00
372.000      6.43813e+00
373.000      6.17671e+00
374.000      6.03607e+00
375.000      6.01975e+00
376.000      6.13251e+00
377.000      6.37874e+00
378.000      6.75991e+00
379.000      7.27139e+00
380.000      7.89935e+00
381.000      8.61806e+00
382.000      9.38798e+00
383.000      1.01552e+01
384.000      1.08530e+01
385.000      1.14064e+01
386.000      1.17401e+01
387.000      1.17901e+01
388.000      1.15163e+01
389.000      1.09136e+01
390.000      1.00186e+01
391.000      8.90701e+00
392.000      7.68356e+00
393.000      6.46422e+00
394.000      5.35574e+00
395.000      4.43745e+00
396.000      3.74977e+00
397.000      3.29220e+00
398.000      3.03032e+00
399.000      2.90924e+00
400.000      2.86909e+00
401.000      2.85843e+00
402.000      2.84248e+00
403.000      2.80506e+00
404.000      2.74540e+00
405.000      2.67186e+00
406.000      2.59522e+00
407.000      2.52345e+00
408.000      2.45878e+00
409.000      2.39728e+00
410.000      2.33020e+00
411.000      2.24661e+00
412.000      2.13644e+00
413.000      1.99346e+00
414.000      1.81761e+00
415.000      1.61610e+00
416.000      1.40300e+00
417.000      1.19714e+00
418.000      1.01875e+00
419.000      8.85351e-01
420.000      8.07900e-01
421.000      7.88047e-01
422.000      8.17228e-01
423.000      8.77968e-01
424.000      9.47271e-01
425.000      1.00141e+00
426.000      1.02096e+00
427.000      9.94796e-01
428.000      9.21852e-01
429.000      8.10365e-01
430.000      6.74869e-01
431.000      5.32089e-01
432.000      3.97031e-01
433.000      2.80325e-01
434.000      1.87266e-01
435.000      1.18357e-01
436.000      7.07716e-02
437.000      4.00356e-02
438.000      2.14267e-02
439.000      1.08488e-02
440.000      5.19669e-03
441.000      2.35500e-03
442.000      1.00965e-03
443.000      4.09516e-04
444.000      1.57140e-04
445.000      5.70455e-05
446.000      1.95917e-05
447.000      6.36564e-06
448.000      1.95672e-06
449.000      5.69028e-07
450.000      1.56551e-07
451.000      4.07470e-08
452.000      1.00335e-08
453.000      2.33737e-09
454.000      5.15135e-10
455.000      1.07407e-10
456.000      2.11865e-11
457.000      3.95370e-12
458.000      6.98019e-13
459.000      1.16586e-13
460.000      1.84224e-14
461.000      2.75398e-15
462.000      3.89489e-16
463.000      5.21130e-17
464.000      6.59651e-18
465.000      7.89952e-19
466.000      8.94962e-20
467.000      9.59237e-21
468.000      9.72668e-22
469.000      9.33085e-23
470.000      8.46829e-24
471.000      7.27089e-25
472.000      5.90605e-26
473.000      4.53862e-27
474.000      3.29965e-28
475.000      2.26950e-29
476.000      1.47676e-30
477.000      9.09092e-32
478.000      5.29447e-33
479.000      2.91713e-34
480.000      1.52057e-35
481.000      7.49848e-37
482.000      3.49831e-38
483.000      1.54405e-39
484.000      6.44736e-41
485.000      2.54695e-42
486.000      9.51867e-44
487.000      3.36550e-45
488.000      1.12575e-46
489.000      3.56245e-48
490.000      1.06654e-49
491.000      3.02078e-51
492.000      8.09432e-53
493.000      2.05192e-54
494.000      4.92103e-56
495.000      1.11653e-57
496.000      2.39664e-59
497.000      4.86689e-61
498.000      9.35015e-63
499.000      1.69943e-64
500.000      2.92217e-66
