# Gaussian folded, width=10 cm^-1
# [cm^-1] arbitrary
0.000      3.00000e+00
1.000      2.91796e+00
2.000      2.68508e+00
3.000      2.33749e+00
4.000      1.92514e+00
5.000      1.50000e+00
6.000      1.10570e+00
7.000      7.71085e-01
8.000      5.08727e-01
9.000      3.17529e-01
10.000      1.87500e-01
11.000      1.04746e-01
12.000      5.53590e-02
13.000      2.76795e-02
14.000      1.30932e-02
15.000      5.85940e-03
16.000      2.48080e-03
17.000      9.93988e-04
18.000      3.77908e-04
19.000      1.39861e-04
20.000      6.19318e-05
21.000      6.52926e-05
22.000      1.54699e-04
23.000      4.24070e-04
24.000      1.12815e-03
25.000      2.85200e-03
26.000      6.83686e-03
27.000      1.55386e-02
28.000      3.34833e-02
29.000      6.84097e-02
30.000      1.32525e-01
31.000      2.43435e-01
32.000      4.24019e-01
33.000      7.00346e-01
34.000      1.09692e+00
35.000      1.62920e+00
36.000      2.29466e+00
37.000      3.06483e+00
38.000      3.88185e+00
39.000      4.66244e+00
40.000      5.31040e+00
41.000      5.73555e+00
42.000      5.87421e+00
43.000      5.70482e+00
44.000      5.25345e+00
45.000      4.58719e+00
46.000      3.79785e+00
47.000      2.98129e+00
48.000      2.21889e+00
49.000      1.56575e+00
50.000      1.04754e+00
51.000      6.64592e-01
52.000      4.00194e-01
53.000      2.29680e-01
54.000      1.27950e-01
55.000      7.44070e-02
56.000      5.54952e-02
57.000      6.56320e-02
58.000      1.07351e-01
59.000      1.91047e-01
60.000      3.34175e-01
61.000      5.59282e-01
62.000      8.90117e-01
63.000      1.34546e+00
64.000      1.93119e+00
65.000      2.63226e+00
66.000      3.40745e+00
67.000      4.18959e+00
68.000      4.89327e+00
69.000      5.42938e+00
70.000      5.72347e+00
71.000      5.73264e+00
72.000      5.45580e+00
73.000      4.93385e+00
74.000      4.23987e+00
75.000      3.46240e+00
76.000      2.68735e+00
77.000      1.98340e+00
78.000      1.39445e+00
79.000      9.39477e-01
80.000      6.18365e-01
81.000      4.20635e-01
82.000      3.34313e-01
83.000      3.52612e-01
84.000      4.77142e-01
85.000      7.17103e-01
86.000      1.08462e+00
87.000      1.58703e+00
88.000      2.21786e+00
89.000      2.94904e+00
90.000      3.72734e+00
91.000      4.47744e+00
92.000      5.11246e+00
93.000      5.55015e+00
94.000      5.73076e+00
95.000      5.63145e+00
96.000      5.27299e+00
97.000      4.71682e+00
98.000      4.05382e+00
99.000      3.38851e+00
100.000      2.82320e+00
101.000      2.44565e+00
102.000      2.32144e+00
103.000      2.49035e+00
104.000      2.96503e+00
105.000      3.73053e+00
106.000      4.74473e+00
107.000      5.94084e+00
108.000      7.23367e+00
109.000      8.53007e+00
110.000      9.74236e+00
111.000      1.08015e+01
112.000      1.16657e+01
113.000      1.23228e+01
114.000      1.27836e+01
115.000      1.30714e+01
116.000      1.32096e+01
117.000      1.32129e+01
118.000      1.30836e+01
119.000      1.28147e+01
120.000      1.23967e+01
121.000      1.18258e+01
122.000      1.11103e+01
123.000      1.02742e+01
124.000      9.35618e+00
125.000      8.40627e+00
126.000      7.47924e+00
127.000      6.62796e+00
128.000      5.89647e+00
129.000      5.31453e+00
130.000      4.89429e+00
131.000      4.63019e+00
132.000      4.50289e+00
133.000      4.48680e+00
134.000      4.55955e+00
135.000      4.71055e+00
136.000      4.94534e+00
137.000      5.28361e+00
138.000      5.75120e+00
139.000      6.36849e+00
140.000      7.13951e+00
141.000      8.04524e+00
142.000      9.04343e+00
143.000      1.00744e+01
144.000      1.10710e+01
145.000      1.19694e+01
146.000      1.27182e+01
147.000      1.32855e+01
148.000      1.36610e+01
149.000      1.38556e+01
150.000      1.38979e+01
151.000      1.38282e+01
152.000      1.36913e+01
153.000      1.35287e+01
154.000      1.33721e+01
155.000      1.32396e+01
156.000      1.31356e+01
157.000      1.30528e+01
158.000      1.29781e+01
159.000      1.28974e+01
160.000      1.27983e+01
161.000      1.26700e+01
162.000      1.24996e+01
163.000      1.22689e+01
164.000      1.19525e+01
165.000      1.15213e+01
166.000      1.09512e+01
167.000      1.02334e+01
168.000      9.38442e+00
169.000      8.45065e+00
170.000      7.50469e+00
171.000      6.63449e+00
172.000      5.92745e+00
173.000      5.45408e+00
174.000      5.25536e+00
175.000      5.33705e+00
176.000      5.67141e+00
177.000      6.20509e+00
178.000      6.87036e+00
179.000      7.59676e+00
180.000      8.32044e+00
181.000      8.98992e+00
182.000      9.56811e+00
183.000      1.00314e+01
184.000      1.03675e+01
185.000      1.05731e+01
186.000      1.06526e+01
187.000      1.06179e+01
188.000      1.04883e+01
189.000      1.02886e+01
190.000      1.00467e+01
191.000      9.78925e+00
192.000      9.53676e+00
193.000      9.30070e+00
194.000      9.08231e+00
195.000      8.87465e+00
196.000      8.66690e+00
197.000      8.44968e+00
198.000      8.21980e+00
199.000      7.98302e+00
200.000      7.75394e+00
201.000      7.55323e+00
202.000      7.40313e+00
203.000      7.32232e+00
204.000      7.32179e+00
205.000      7.40233e+00
206.000      7.55398e+00
207.000      7.75708e+00
208.000      7.98453e+00
209.000      8.20472e+00
210.000      8.38497e+00
211.000      8.49525e+00
212.000      8.51224e+00
213.000      8.42322e+00
214.000      8.22943e+00
215.000      7.94801e+00
216.000      7.61177e+00
217.000      7.26616e+00
218.000      6.96317e+00
219.000      6.75299e+00
220.000      6.67458e+00
221.000      6.74748e+00
222.000      6.96686e+00
223.000      7.30371e+00
224.000      7.71040e+00
225.000      8.13042e+00
226.000      8.50981e+00
227.000      8.80693e+00
228.000      8.99835e+00
229.000      9.07969e+00
230.000      9.06218e+00
231.000      8.96670e+00
232.000      8.81757e+00
233.000      8.63742e+00
234.000      8.44416e+00
235.000      8.24985e+00
236.000      8.06109e+00
237.000      7.88033e+00
238.000      7.70779e+00
239.000      7.54334e+00
240.000      7.38792e+00
241.000      7.24410e+00
242.000      7.11545e+00
243.000      7.00486e+00
244.000      6.91263e+00
245.000      6.83524e+00
246.000      6.76553e+00
247.000      6.69459e+00
248.000      6.61465e+00
249.000      6.52162e+00
250.000      6.41630e+00
251.000      6.30387e+00
252.000      6.19188e+00
253.000      6.08830e+00
254.000      6.00020e+00
255.000      5.93391e+00
256.000      5.89587e+00
257.000      5.89330e+00
258.000      5.93376e+00
259.000      6.02307e+00
260.000      6.16215e+00
261.000      6.34392e+00
262.000      6.55168e+00
263.000      6.76026e+00
264.000      6.94008e+00
265.000      7.06319e+00
266.000      7.10932e+00
267.000      7.06950e+00
268.000      6.94576e+00
269.000      6.74693e+00
270.000      6.48251e+00
271.000      6.15767e+00
272.000      5.77173e+00
273.000      5.32129e+00
274.000      4.80654e+00
275.000      4.23800e+00
276.000      3.64076e+00
277.000      3.05444e+00
278.000      2.52892e+00
279.000      2.11756e+00
280.000      1.86980e+00
281.000      1.82479e+00
282.000      2.00645e+00
283.000      2.41987e+00
284.000      3.04897e+00
285.000      3.85570e+00
286.000      4.78204e+00
287.000      5.75561e+00
288.000      6.69907e+00
289.000      7.54185e+00
290.000      8.23148e+00
291.000      8.74135e+00
292.000      9.07251e+00
293.000      9.24912e+00
294.000      9.30926e+00
295.000      9.29404e+00
296.000      9.23842e+00
297.000      9.16593e+00
298.000      9.08799e+00
299.000      9.00698e+00
300.000      8.92112e+00
301.000      8.82947e+00
302.000      8.73540e+00
303.000      8.64790e+00
304.000      8.58055e+00
305.000      8.54836e+00
306.000      8.56342e+00
307.000      8.63031e+00
308.000      8.74298e+00
309.000      8.88424e+00
310.000      9.02878e+00
311.000      9.14928e+00
312.000      9.22418e+00
313.000      9.24494e+00
314.000      9.22086e+00
315.000      9.18009e+00
316.000      9.16666e+00
317.000      9.23396e+00
318.000      9.43594e+00
319.000      9.81748e+00
320.000      1.04058e+01
321.000      1.12047e+01
322.000      1.21924e+01
323.000      1.33247e+01
324.000      1.45408e+01
325.000      1.57716e+01
326.000      1.69484e+01
327.000      1.80097e+01
328.000      1.89068e+01
329.000      1.96075e+01
330.000      2.00969e+01
331.000      2.03773e+01
332.000      2.04650e+01
333.000      2.03850e+01
334.000      2.01657e+01
335.000      1.98344e+01
336.000      1.94153e+01
337.000      1.89317e+01
338.000      1.84088e+01
339.000      1.78780e+01
340.000      1.73789e+01
341.000      1.69578e+01
342.000      1.66639e+01
343.000      1.65417e+01
344.000      1.66243e+01
345.000      1.69264e+01
346.000      1.74417e+01
347.000      1.81438e+01
348.000      1.89914e+01
349.000      1.99363e+01
350.000      2.09309e+01
351.000      2.19333e+01
352.000      2.29083e+01
353.000      2.38235e+01
354.000      2.46438e+01
355.000      2.53261e+01
356.000      2.58199e+01
357.000      2.60722e+01
358.000      2.60393e+01
359.000      2.56995e+01
360.000      2.50634e+01
361.000      2.41759e+01
362.000      2.31103e+01
363.000      2.19527e+01
364.000      2.07825e+01
365.000      1.96554e+01
366.000      1.85914e+01
367.000      1.75749e+01
368.000      1.65644e+01
369.000      1.55102e+01
370.000      1.43747e+01
371.000      1.31498e+01
372.000      1.18661e+01
373.000      1.05917e+01
374.000      9.42158e+00
375.000      8.45928e+00
376.000      7.79729e+00
377.000      7.50003e+00
378.000      7.59394e+00
379.000      8.06669e+00
380.000      8.87519e+00
381.000      9.95933e+00
382.000      1.12567e+01
383.000      1.27126e+01
384.000      1.42809e+01
385.000      1.59161e+01
386.000      1.75572e+01
387.000      1.91139e+01
388.000      2.04595e+01
389.000      2.14397e+01
390.000      2.18959e+01
391.000      2.17000e+01
392.000      2.07887e+01
393.000      1.91876e+01
394.000      1.70150e+01
395.000      1.44633e+01
396.000      1.17631e+01
397.000      9.14046e+00
398.000      6.77930e+00
399.000      4.79837e+00
400.000      3.24638e+00
401.000      2.11267e+00
402.000      1.34692e+00
403.000      8.80569e-01
404.000      6.43994e-01
405.000      5.76948e-01
406.000      6.32406e-01
407.000      7.75957e-01
408.000      9.83297e-01
409.000      1.23777e+00
410.000      1.52871e+00
411.000      1.85019e+00
412.000      2.19928e+00
413.000      2.57307e+00
414.000      2.96461e+00
415.000      3.35912e+00
416.000      3.73197e+00
417.000      4.05024e+00
418.000      4.27789e+00
419.000      4.38339e+00
420.000      4.34735e+00
421.000      4.16744e+00
422.000      3.85913e+00
423.000      3.45224e+00
424.000      2.98470e+00
425.000      2.49591e+00
426.000      2.02131e+00
427.000      1.58933e+00
428.000      1.22039e+00
429.000      9.27353e-01
430.000      7.16472e-01
431.000      5.88230e-01
432.000      5.37746e-01
433.000      5.54821e-01
434.000      6.23989e-01
435.000      7.25106e-01
436.000      8.34947e-01
437.000      9.29996e-01
438.000      9.90045e-01
439.000      1.00173e+00
440.000      9.60866e-01
441.000      8.72764e-01
442.000      7.50292e-01
443.000      6.10327e-01
444.000      4.69732e-01
445.000      3.42035e-01
446.000      2.35623e-01
447.000      1.53562e-01
448.000      9.46828e-02
449.000      5.52301e-02
450.000      3.04789e-02
451.000      1.59125e-02
452.000      7.85954e-03
453.000      3.67259e-03
454.000      1.62355e-03
455.000      6.79012e-04
456.000      2.68662e-04
457.000      1.00566e-04
458.000      3.56136e-05
459.000      1.19316e-05
460.000      3.78178e-06
461.000      1.13400e-06
462.000      3.21697e-07
463.000      8.63373e-08
464.000      2.19214e-08
465.000      5.26568e-09
466.000      1.19663e-09
467.000      2.57265e-10
468.000      5.23264e-11
469.000      1.00688e-11
470.000      1.83296e-12
471.000      3.15679e-13
472.000      5.14347e-14
473.000      7.92837e-15
474.000      1.15619e-15
475.000      1.59512e-16
476.000      2.08196e-17
477.000      2.57082e-18
478.000      3.00322e-19
479.000      3.31910e-20
480.000      3.47033e-21
481.000      3.43273e-22
482.000      3.21237e-23
483.000      2.84400e-24
484.000      2.38205e-25
485.000      1.88751e-26
486.000      1.41497e-27
487.000      1.00351e-28
488.000      6.73306e-30
489.000      4.27387e-31
490.000      2.56654e-32
491.000      1.45812e-33
492.000      7.83710e-35
493.000      3.98506e-36
494.000      1.91705e-37
495.000      8.72464e-39
496.000      3.75647e-40
497.000      1.53014e-41
498.000      5.89655e-43
499.000      2.14973e-44
500.000      7.41457e-46
