# Gaussian folded, width=10 cm^-1
# [cm^-1] arbitrary
0.000      3.00000e+00
1.000      2.91796e+00
2.000      2.68508e+00
3.000      2.33749e+00
4.000      1.92514e+00
5.000      1.50000e+00
6.000      1.10570e+00
7.000      7.71085e-01
8.000      5.08727e-01
9.000      3.17529e-01
10.000      1.87500e-01
11.000      1.04746e-01
12.000      5.53594e-02
13.000      2.76807e-02
14.000      1.30975e-02
15.000      5.87390e-03
16.000      2.52685e-03
17.000      1.13250e-03
18.000      7.72433e-04
19.000      1.20407e-03
20.000      2.78032e-03
21.000      6.64026e-03
22.000      1.52113e-02
23.000      3.30637e-02
24.000      6.80952e-02
25.000      1.32856e-01
26.000      2.45550e-01
27.000      4.29920e-01
28.000      7.13065e-01
29.000      1.12037e+00
30.000      1.66759e+00
31.000      2.35130e+00
32.000      3.14063e+00
33.000      3.97387e+00
34.000      4.76317e+00
35.000      5.40832e+00
36.000      5.81711e+00
37.000      5.92691e+00
38.000      5.72034e+00
39.000      5.22978e+00
40.000      4.52912e+00
41.000      3.71556e+00
42.000      2.88783e+00
43.000      2.12741e+00
44.000      1.48788e+00
45.000      9.93364e-01
46.000      6.44786e-01
47.000      4.30005e-01
48.000      3.34362e-01
49.000      3.48736e-01
50.000      4.73558e-01
51.000      7.18218e-01
52.000      1.09606e+00
53.000      1.61588e+00
54.000      2.27176e+00
55.000      3.03417e+00
56.000      3.84560e+00
57.000      4.62385e+00
58.000      5.27380e+00
59.000      5.70583e+00
60.000      5.85581e+00
61.000      5.70070e+00
62.000      5.26434e+00
63.000      4.61150e+00
64.000      3.83227e+00
65.000      3.02208e+00
66.000      2.26357e+00
67.000      1.61520e+00
68.000      1.10845e+00
69.000      7.52588e-01
70.000      5.43769e-01
71.000      4.74771e-01
72.000      5.42166e-01
73.000      7.48931e-01
74.000      1.10184e+00
75.000      1.60437e+00
76.000      2.24709e+00
77.000      2.99882e+00
78.000      3.80216e+00
79.000      4.57644e+00
80.000      5.22930e+00
81.000      5.67500e+00
82.000      5.85489e+00
83.000      5.75422e+00
84.000      5.41024e+00
85.000      4.90917e+00
86.000      4.37341e+00
87.000      3.94259e+00
88.000      3.75283e+00
89.000      3.91774e+00
90.000      4.51295e+00
91.000      5.56471e+00
92.000      7.04348e+00
93.000      8.86348e+00
94.000      1.08900e+01
95.000      1.29549e+01
96.000      1.48781e+01
97.000      1.64928e+01
98.000      1.76665e+01
99.000      1.83162e+01
100.000      1.84139e+01
101.000      1.79838e+01
102.000      1.70927e+01
103.000      1.58381e+01
104.000      1.43360e+01
105.000      1.27079e+01
106.000      1.10700e+01
107.000      9.52213e+00
108.000      8.13835e+00
109.000      6.96142e+00
110.000      6.00227e+00
111.000      5.24645e+00
112.000      4.66656e+00
113.000      4.23812e+00
114.000      3.95429e+00
115.000      3.83518e+00
116.000      3.92826e+00
117.000      4.29893e+00
118.000      5.01307e+00
119.000      6.11554e+00
120.000      7.61023e+00
121.000      9.44744e+00
122.000      1.15226e+01
123.000      1.36878e+01
124.000      1.57741e+01
125.000      1.76189e+01
126.000      1.90919e+01
127.000      2.01130e+01
128.000      2.06592e+01
129.000      2.07591e+01
130.000      2.04791e+01
131.000      1.99056e+01
132.000      1.91270e+01
133.000      1.82207e+01
134.000      1.72455e+01
135.000      1.62399e+01
136.000      1.52262e+01
137.000      1.42161e+01
138.000      1.32189e+01
139.000      1.22466e+01
140.000      1.13185e+01
141.000      1.04622e+01
142.000      9.71205e+00
143.000      9.10462e+00
144.000      8.67233e+00
145.000      8.43574e+00
146.000      8.39671e+00
147.000      8.53457e+00
148.000      8.80738e+00
149.000      9.15874e+00
150.000      9.52852e+00
151.000      9.86452e+00
152.000      1.01313e+01
153.000      1.03138e+01
154.000      1.04146e+01
155.000      1.04481e+01
156.000      1.04330e+01
157.000      1.03864e+01
158.000      1.03223e+01
159.000      1.02513e+01
160.000      1.01831e+01
161.000      1.01280e+01
162.000      1.00969e+01
163.000      1.01009e+01
164.000      1.01502e+01
165.000      1.02533e+01
166.000      1.04159e+01
167.000      1.06405e+01
168.000      1.09240e+01
169.000      1.12569e+01
170.000      1.16223e+01
171.000      1.19982e+01
172.000      1.23606e+01
173.000      1.26890e+01
174.000      1.29706e+01
175.000      1.32027e+01
176.000      1.33925e+01
177.000      1.35541e+01
178.000      1.37042e+01
179.000      1.38568e+01
180.000      1.40192e+01
181.000      1.41897e+01
182.000      1.43584e+01
183.000      1.45111e+01
184.000      1.46354e+01
185.000      1.47270e+01
186.000      1.47950e+01
187.000      1.48621e+01
188.000      1.49610e+01
189.000      1.51265e+01
190.000      1.53852e+01
191.000      1.57472e+01
192.000      1.62008e+01
193.000      1.67126e+01
194.000      1.72316e+01
195.000      1.76980e+01
196.000      1.80521e+01
197.000      1.82443e+01
198.000      1.82420e+01
199.000      1.80346e+01
200.000      1.76342e+01
201.000      1.70735e+01
202.000      1.63996e+01
203.000      1.56658e+01
204.000      1.49217e+01
205.000      1.42048e+01
206.000      1.35336e+01
207.000      1.29062e+01
208.000      1.23035e+01
209.000      1.16970e+01
210.000      1.10597e+01
211.000      1.03764e+01
212.000      9.65104e+00
213.000      8.90968e+00
214.000      8.19733e+00
215.000      7.57028e+00
216.000      7.08548e+00
217.000      6.78922e+00
218.000      6.70717e+00
219.000      6.83781e+00
220.000      7.15018e+00
221.000      7.58716e+00
222.000      8.07407e+00
223.000      8.53188e+00
224.000      8.89256e+00
225.000      9.11328e+00
226.000      9.18561e+00
227.000      9.13719e+00
228.000      9.02495e+00
229.000      8.92156e+00
230.000      8.89853e+00
231.000      9.01025e+00
232.000      9.28246e+00
233.000      9.70762e+00
234.000      1.02474e+01
235.000      1.08409e+01
236.000      1.14166e+01
237.000      1.19045e+01
238.000      1.22472e+01
239.000      1.24073e+01
240.000      1.23729e+01
241.000      1.21585e+01
242.000      1.18037e+01
243.000      1.13670e+01
244.000      1.09167e+01
245.000      1.05182e+01
246.000      1.02202e+01
247.000      1.00435e+01
248.000      9.97643e+00
249.000      9.97766e+00
250.000      9.98751e+00
251.000      9.94454e+00
252.000      9.80251e+00
253.000      9.54268e+00
254.000      9.17788e+00
255.000      8.74739e+00
256.000      8.30474e+00
257.000      7.90241e+00
258.000      7.57830e+00
259.000      7.34727e+00
260.000      7.19960e+00
261.000      7.10594e+00
262.000      7.02699e+00
263.000      6.92568e+00
264.000      6.77936e+00
265.000      6.58994e+00
266.000      6.38971e+00
267.000      6.24127e+00
268.000      6.23040e+00
269.000      6.45253e+00
270.000      6.99470e+00
271.000      7.91691e+00
272.000      9.23698e+00
273.000      1.09226e+01
274.000      1.28927e+01
275.000      1.50275e+01
276.000      1.71851e+01
277.000      1.92222e+01
278.000      2.10129e+01
279.000      2.24641e+01
280.000      2.35247e+01
281.000      2.41861e+01
282.000      2.44765e+01
283.000      2.44485e+01
284.000      2.41647e+01
285.000      2.36833e+01
286.000      2.30491e+01
287.000      2.22890e+01
288.000      2.14147e+01
289.000      2.04295e+01
290.000      1.93370e+01
291.000      1.81471e+01
292.000      1.68802e+01
293.000      1.55655e+01
294.000      1.42377e+01
295.000      1.29315e+01
296.000      1.16766e+01
297.000      1.04949e+01
298.000      9.39964e+00
299.000      8.39676e+00
300.000      7.48762e+00
301.000      6.67166e+00
302.000      5.94829e+00
303.000      5.31751e+00
304.000      4.77907e+00
305.000      4.33088e+00
306.000      3.96739e+00
307.000      3.67896e+00
308.000      3.45290e+00
309.000      3.27608e+00
310.000      3.13853e+00
311.000      3.03667e+00
312.000      2.97475e+00
313.000      2.96349e+00
314.000      3.01604e+00
315.000      3.14226e+00
316.000      3.34341e+00
317.000      3.60896e+00
318.000      3.91700e+00
319.000      4.23807e+00
320.000      4.54140e+00
321.000      4.80146e+00
322.000      5.00293e+00
323.000      5.14291e+00
324.000      5.22994e+00
325.000      5.28075e+00
326.000      5.31590e+00
327.000      5.35563e+00
328.000      5.41697e+00
329.000      5.51236e+00
330.000      5.64992e+00
331.000      5.83507e+00
332.000      6.07294e+00
333.000      6.37080e+00
334.000      6.73962e+00
335.000      7.19385e+00
336.000      7.74891e+00
337.000      8.41691e+00
338.000      9.20184e+00
339.000      1.00959e+01
340.000      1.10781e+01
341.000      1.21156e+01
342.000      1.31670e+01
343.000      1.41854e+01
344.000      1.51213e+01
345.000      1.59254e+01
346.000      1.65500e+01
347.000      1.69529e+01
348.000      1.71006e+01
349.000      1.69730e+01
350.000      1.65674e+01
351.000      1.59005e+01
352.000      1.50084e+01
353.000      1.39431e+01
354.000      1.27677e+01
355.000      1.15494e+01
356.000      1.03524e+01
357.000      9.23312e+00
358.000      8.23556e+00
359.000      7.39037e+00
360.000      6.71454e+00
361.000      6.21188e+00
362.000      5.87334e+00
363.000      5.67749e+00
364.000      5.59173e+00
365.000      5.57520e+00
366.000      5.58372e+00
367.000      5.57599e+00
368.000      5.51984e+00
369.000      5.39672e+00
370.000      5.20329e+00
371.000      4.94992e+00
372.000      4.65692e+00
373.000      4.35002e+00
374.000      4.05638e+00
375.000      3.80209e+00
376.000      3.61069e+00
377.000      3.50201e+00
378.000      3.49028e+00
379.000      3.58108e+00
380.000      3.76800e+00
381.000      4.03047e+00
382.000      4.33434e+00
383.000      4.63616e+00
384.000      4.89048e+00
385.000      5.05825e+00
386.000      5.11389e+00
387.000      5.04883e+00
388.000      4.87088e+00
389.000      4.60003e+00
390.000      4.26256e+00
391.000      3.88539e+00
392.000      3.49222e+00
393.000      3.10195e+00
394.000      2.72920e+00
395.000      2.38570e+00
396.000      2.08150e+00
397.000      1.82501e+00
398.000      1.62175e+00
399.000      1.47222e+00
400.000      1.37014e+00
401.000      1.30228e+00
402.000      1.25046e+00
403.000      1.19552e+00
404.000      1.12188e+00
405.000      1.02122e+00
406.000      8.93975e-01
407.000      7.48170e-01
408.000      5.96299e-01
409.000      4.51484e-01
410.000      3.24234e-01
411.000      2.20644e-01
412.000      1.42193e-01
413.000      8.67462e-02
414.000      5.00853e-02
415.000      2.73648e-02
416.000      1.41468e-02
417.000      6.91964e-03
418.000      3.20222e-03
419.000      1.40201e-03
420.000      5.80739e-04
421.000      2.27580e-04
422.000      8.43739e-05
423.000      2.95939e-05
424.000      9.82010e-06
425.000      3.08282e-06
426.000      9.15584e-07
427.000      2.57257e-07
428.000      6.83837e-08
429.000      1.71971e-08
430.000      4.09145e-09
431.000      9.20909e-10
432.000      1.96098e-10
433.000      3.95046e-11
434.000      7.52905e-12
435.000      1.35753e-12
436.000      2.31567e-13
437.000      3.73699e-14
438.000      5.70537e-15
439.000      8.24070e-16
440.000      1.12606e-16
441.000      1.45572e-17
442.000      1.78037e-18
443.000      2.05997e-19
444.000      2.25491e-20
445.000      2.33515e-21
446.000      2.28780e-22
447.000      2.12050e-23
448.000      1.85942e-24
449.000      1.54253e-25
450.000      1.21062e-26
451.000      8.98871e-28
452.000      6.31402e-29
453.000      4.19597e-30
454.000      2.63801e-31
455.000      1.56906e-32
456.000      8.82912e-34
457.000      4.70018e-35
458.000      2.36717e-36
459.000      1.12788e-37
460.000      5.08406e-39
461.000      2.16809e-40
462.000      8.74707e-42
463.000      3.33861e-43
464.000      1.20555e-44
465.000      4.11835e-46
466.000      1.33100e-47
467.000      4.06959e-49
468.000      1.17718e-50
469.000      3.22144e-52
470.000      8.34017e-54
471.000      2.04276e-55
472.000      4.73346e-57
473.000      1.03767e-58
474.000      2.15206e-60
475.000      4.22248e-62
476.000      7.83788e-64
477.000      1.37641e-65
478.000      2.28672e-67
479.000      3.59416e-69
480.000      5.34441e-71
481.000      7.51828e-73
482.000      1.00059e-74
483.000      1.25982e-76
484.000      1.50066e-78
485.000      1.69111e-80
486.000      1.80293e-82
487.000      1.81846e-84
488.000      1.73519e-86
489.000      1.56641e-88
490.000      1.33778e-90
491.000      1.08088e-92
492.000      8.26213e-95
493.000      5.97479e-97
494.000      4.08762e-99
495.000     2.64567e-101
496.000     1.62002e-103
497.000     9.38470e-106
498.000     5.14326e-108
499.000     2.66670e-110
500.000     1.30806e-112
