# Gaussian folded, width=10 cm^-1
# [cm^-1] arbitrary
0.000      3.00000e+00
1.000      2.91796e+00
2.000      2.68508e+00
3.000      2.33749e+00
4.000      1.92514e+00
5.000      1.50000e+00
6.000      1.10570e+00
7.000      7.71085e-01
8.000      5.08727e-01
9.000      3.17530e-01
10.000      1.87500e-01
11.000      1.04746e-01
12.000      5.53607e-02
13.000      2.76855e-02
14.000      1.31129e-02
15.000      5.92090e-03
16.000      2.66259e-03
17.000      1.50289e-03
18.000      1.72714e-03
19.000      3.52790e-03
20.000      8.12009e-03
21.000      1.82188e-02
22.000      3.88916e-02
23.000      7.87158e-02
24.000      1.50994e-01
25.000      2.74511e-01
26.000      4.73039e-01
27.000      7.72706e-01
28.000      1.19661e+00
29.000      1.75690e+00
30.000      2.44590e+00
31.000      3.22894e+00
32.000      4.04244e+00
33.000      4.79974e+00
34.000      5.40513e+00
35.000      5.77337e+00
36.000      5.84929e+00
37.000      5.62132e+00
38.000      5.12441e+00
39.000      4.43134e+00
40.000      3.63538e+00
41.000      2.83025e+00
42.000      2.09321e+00
43.000      1.47569e+00
44.000      1.00245e+00
45.000      6.77619e-01
46.000      4.94229e-01
47.000      4.43690e-01
48.000      5.22297e-01
49.000      7.33223e-01
50.000      1.08359e+00
51.000      1.57742e+00
52.000      2.20648e+00
53.000      2.94173e+00
54.000      3.72898e+00
55.000      4.49122e+00
56.000      5.13883e+00
57.000      5.58594e+00
58.000      5.76875e+00
59.000      5.66039e+00
60.000      5.27739e+00
61.000      4.67583e+00
62.000      3.93838e+00
63.000      3.15660e+00
64.000      2.41403e+00
65.000      1.77456e+00
66.000      1.27808e+00
67.000      9.42950e-01
68.000      7.72355e-01
69.000      7.61352e-01
70.000      9.01815e-01
71.000      1.18395e+00
72.000      1.59463e+00
73.000      2.11396e+00
74.000      2.71224e+00
75.000      3.34909e+00
76.000      3.97601e+00
77.000      4.54257e+00
78.000      5.00515e+00
79.000      5.33652e+00
80.000      5.53395e+00
81.000      5.62335e+00
82.000      5.65797e+00
83.000      5.71073e+00
84.000      5.86117e+00
85.000      6.17966e+00
86.000      6.71227e+00
87.000      7.47058e+00
88.000      8.42891e+00
89.000      9.52967e+00
90.000      1.06949e+01
91.000      1.18403e+01
92.000      1.28883e+01
93.000      1.37764e+01
94.000      1.44607e+01
95.000      1.49156e+01
96.000      1.51308e+01
97.000      1.51084e+01
98.000      1.48608e+01
99.000      1.44089e+01
100.000      1.37812e+01
101.000      1.30120e+01
102.000      1.21391e+01
103.000      1.12021e+01
104.000      1.02399e+01
105.000      9.29090e+00
106.000      8.39307e+00
107.000      7.58584e+00
108.000      6.91103e+00
109.000      6.41267e+00
110.000      6.13444e+00
111.000      6.11478e+00
112.000      6.37992e+00
113.000      6.93677e+00
114.000      7.76731e+00
115.000      8.82677e+00
116.000      1.00465e+01
117.000      1.13414e+01
118.000      1.26213e+01
119.000      1.38023e+01
120.000      1.48175e+01
121.000      1.56242e+01
122.000      1.62062e+01
123.000      1.65720e+01
124.000      1.67487e+01
125.000      1.67737e+01
126.000      1.66859e+01
127.000      1.65186e+01
128.000      1.62946e+01
129.000      1.60252e+01
130.000      1.57121e+01
131.000      1.53519e+01
132.000      1.49406e+01
133.000      1.44782e+01
134.000      1.39715e+01
135.000      1.34354e+01
136.000      1.28919e+01
137.000      1.23678e+01
138.000      1.18911e+01
139.000      1.14864e+01
140.000      1.11698e+01
141.000      1.09457e+01
142.000      1.08054e+01
143.000      1.07290e+01
144.000      1.06891e+01
145.000      1.06566e+01
146.000      1.06064e+01
147.000      1.05206e+01
148.000      1.03908e+01
149.000      1.02175e+01
150.000      1.00082e+01
151.000      9.77401e+00
152.000      9.52671e+00
153.000      9.27570e+00
154.000      9.02650e+00
155.000      8.78053e+00
156.000      8.53651e+00
157.000      8.29290e+00
158.000      8.05086e+00
159.000      7.81646e+00
160.000      7.60153e+00
161.000      7.42229e+00
162.000      7.29612e+00
163.000      7.23742e+00
164.000      7.25404e+00
165.000      7.34582e+00
166.000      7.50592e+00
167.000      7.72441e+00
168.000      7.99250e+00
169.000      8.30546e+00
170.000      8.66271e+00
171.000      9.06493e+00
172.000      9.50938e+00
173.000      9.98578e+00
174.000      1.04749e+01
175.000      1.09510e+01
176.000      1.13880e+01
177.000      1.17659e+01
178.000      1.20766e+01
179.000      1.23244e+01
180.000      1.25233e+01
181.000      1.26905e+01
182.000      1.28406e+01
183.000      1.29830e+01
184.000      1.31222e+01
185.000      1.32613e+01
186.000      1.34066e+01
187.000      1.35684e+01
188.000      1.37607e+01
189.000      1.39975e+01
190.000      1.42895e+01
191.000      1.46423e+01
192.000      1.50571e+01
193.000      1.55323e+01
194.000      1.60645e+01
195.000      1.66483e+01
196.000      1.72733e+01
197.000      1.79206e+01
198.000      1.85606e+01
199.000      1.91546e+01
200.000      1.96585e+01
201.000      2.00294e+01
202.000      2.02316e+01
203.000      2.02408e+01
204.000      2.00457e+01
205.000      1.96481e+01
206.000      1.90615e+01
207.000      1.83100e+01
208.000      1.74267e+01
209.000      1.64519e+01
210.000      1.54298e+01
211.000      1.44053e+01
212.000      1.34200e+01
213.000      1.25084e+01
214.000      1.16963e+01
215.000      1.09986e+01
216.000      1.04192e+01
217.000      9.95130e+00
218.000      9.57920e+00
219.000      9.28222e+00
220.000      9.03974e+00
221.000      8.83700e+00
222.000      8.66947e+00
223.000      8.54426e+00
224.000      8.47769e+00
225.000      8.48972e+00
226.000      8.59731e+00
227.000      8.80904e+00
228.000      9.12294e+00
229.000      9.52781e+00
230.000      1.00070e+01
231.000      1.05427e+01
232.000      1.11191e+01
233.000      1.17230e+01
234.000      1.23432e+01
235.000      1.29680e+01
236.000      1.35832e+01
237.000      1.41717e+01
238.000      1.47132e+01
239.000      1.51860e+01
240.000      1.55680e+01
241.000      1.58379e+01
242.000      1.59763e+01
243.000      1.59664e+01
244.000      1.57959e+01
245.000      1.54594e+01
246.000      1.49616e+01
247.000      1.43191e+01
248.000      1.35612e+01
249.000      1.27270e+01
250.000      1.18608e+01
251.000      1.10053e+01
252.000      1.01955e+01
253.000      9.45474e+00
254.000      8.79418e+00
255.000      8.21498e+00
256.000      7.71243e+00
257.000      7.27962e+00
258.000      6.90947e+00
259.000      6.59479e+00
260.000      6.32732e+00
261.000      6.09746e+00
262.000      5.89581e+00
263.000      5.71651e+00
264.000      5.56136e+00
265.000      5.44267e+00
266.000      5.38358e+00
267.000      5.41517e+00
268.000      5.57126e+00
269.000      5.88232e+00
270.000      6.36986e+00
271.000      7.04273e+00
272.000      7.89537e+00
273.000      8.90842e+00
274.000      1.00511e+01
275.000      1.12852e+01
276.000      1.25692e+01
277.000      1.38627e+01
278.000      1.51284e+01
279.000      1.63318e+01
280.000      1.74390e+01
281.000      1.84126e+01
282.000      1.92093e+01
283.000      1.97807e+01
284.000      2.00778e+01
285.000      2.00607e+01
286.000      1.97091e+01
287.000      1.90312e+01
288.000      1.80681e+01
289.000      1.68909e+01
290.000      1.55910e+01
291.000      1.42657e+01
292.000      1.30029e+01
293.000      1.18687e+01
294.000      1.09007e+01
295.000      1.01080e+01
296.000      9.47534e+00
297.000      8.97174e+00
298.000      8.55816e+00
299.000      8.19504e+00
300.000      7.84785e+00
301.000      7.49104e+00
302.000      7.11027e+00
303.000      6.70309e+00
304.000      6.27783e+00
305.000      5.85091e+00
306.000      5.44291e+00
307.000      5.07409e+00
308.000      4.76046e+00
309.000      4.51096e+00
310.000      4.32663e+00
311.000      4.20173e+00
312.000      4.12634e+00
313.000      4.08954e+00
314.000      4.08202e+00
315.000      4.09745e+00
316.000      4.13239e+00
317.000      4.18530e+00
318.000      4.25545e+00
319.000      4.34226e+00
320.000      4.44563e+00
321.000      4.56686e+00
322.000      4.70991e+00
323.000      4.88246e+00
324.000      5.09641e+00
325.000      5.36727e+00
326.000      5.71210e+00
327.000      6.14579e+00
328.000      6.67628e+00
329.000      7.29993e+00
330.000      7.99896e+00
331.000      8.74273e+00
332.000      9.49333e+00
333.000      1.02146e+01
334.000      1.08813e+01
335.000      1.14857e+01
336.000      1.20377e+01
337.000      1.25592e+01
338.000      1.30731e+01
339.000      1.35923e+01
340.000      1.41105e+01
341.000      1.46000e+01
342.000      1.50148e+01
343.000      1.53000e+01
344.000      1.54028e+01
345.000      1.52835e+01
346.000      1.49234e+01
347.000      1.43286e+01
348.000      1.35295e+01
349.000      1.25761e+01
350.000      1.15320e+01
351.000      1.04649e+01
352.000      9.43876e+00
353.000      8.50522e+00
354.000      7.69858e+00
355.000      7.03342e+00
356.000      6.50611e+00
357.000      6.09945e+00
358.000      5.78895e+00
359.000      5.54900e+00
360.000      5.35746e+00
361.000      5.19784e+00
362.000      5.05929e+00
363.000      4.93529e+00
364.000      4.82229e+00
365.000      4.71899e+00
366.000      4.62668e+00
367.000      4.54974e+00
368.000      4.49554e+00
369.000      4.47274e+00
370.000      4.48809e+00
371.000      4.54261e+00
372.000      4.62880e+00
373.000      4.73040e+00
374.000      4.82527e+00
375.000      4.89068e+00
376.000      4.90931e+00
377.000      4.87383e+00
378.000      4.78852e+00
379.000      4.66764e+00
380.000      4.53118e+00
381.000      4.39953e+00
382.000      4.28841e+00
383.000      4.20526e+00
384.000      4.14773e+00
385.000      4.10427e+00
386.000      4.05682e+00
387.000      3.98512e+00
388.000      3.87156e+00
389.000      3.70549e+00
390.000      3.48549e+00
391.000      3.21911e+00
392.000      2.92016e+00
393.000      2.60494e+00
394.000      2.28894e+00
395.000      1.98520e+00
396.000      1.70457e+00
397.000      1.45675e+00
398.000      1.25106e+00
399.000      1.09581e+00
400.000      9.96083e-01
401.000      9.51105e-01
402.000      9.52279e-01
403.000      9.83283e-01
404.000      1.02260e+00
405.000      1.04799e+00
406.000      1.04144e+00
407.000      9.93205e-01
408.000      9.03374e-01
409.000      7.80853e-01
410.000      6.40136e-01
411.000      4.97155e-01
412.000      3.65560e-01
413.000      2.54405e-01
414.000      1.67537e-01
415.000      1.04392e-01
416.000      6.15420e-02
417.000      3.43251e-02
418.000      1.81125e-02
419.000      9.04206e-03
420.000      4.27048e-03
421.000      1.90812e-03
422.000      8.06590e-04
423.000      3.22566e-04
424.000      1.22040e-04
425.000      4.36820e-05
426.000      1.47918e-05
427.000      4.73868e-06
428.000      1.43619e-06
429.000      4.11797e-07
430.000      1.11705e-07
431.000      2.86668e-08
432.000      6.95990e-09
433.000      1.59862e-09
434.000      3.47380e-10
435.000      7.14137e-11
436.000      1.38892e-11
437.000      2.55558e-12
438.000      4.44855e-13
439.000      7.32599e-14
440.000      1.14138e-14
441.000      1.68234e-15
442.000      2.34593e-16
443.000      3.09480e-17
444.000      3.86249e-18
445.000      4.56059e-19
446.000      5.09438e-20
447.000      5.38369e-21
448.000      5.38252e-22
449.000      5.09108e-23
450.000      4.55565e-24
451.000      3.85664e-25
452.000      3.08877e-26
453.000      2.34034e-27
454.000      1.67761e-28
455.000      1.13768e-29
456.000      7.29906e-31
457.000      4.43028e-32
458.000      2.54398e-33
459.000      1.38202e-34
460.000      7.10281e-36
461.000      3.45354e-37
462.000      1.58861e-38
463.000      6.91333e-40
464.000      2.84626e-41
465.000      1.10861e-42
466.000      4.08510e-44
467.000      1.42411e-45
468.000      4.69679e-47
469.000      1.46547e-48
470.000      4.32583e-50
471.000      1.20804e-51
472.000      3.19160e-53
473.000      7.97727e-55
474.000      1.88633e-56
475.000      4.21987e-58
476.000      8.93096e-60
477.000      1.78819e-61
478.000      3.38726e-63
479.000      6.07016e-65
480.000      1.02913e-66
481.000      1.65065e-68
482.000      2.50472e-70
483.000      3.59569e-72
484.000      4.88339e-74
485.000      6.27449e-76
486.000      7.62699e-78
487.000      8.77093e-80
488.000      9.54236e-82
489.000      9.82162e-84
490.000      9.56375e-86
491.000      8.81031e-88
492.000      7.67841e-90
493.000      6.33096e-92
494.000      4.93839e-94
495.000      3.64433e-96
496.000      2.54430e-98
497.000     1.68050e-100
498.000     1.05008e-102
499.000     6.20764e-105
500.000     3.47175e-107
