# Gaussian folded, width=10 cm^-1
# [cm^-1] arbitrary
0.000      3.00000e+00
1.000      2.91796e+00
2.000      2.68508e+00
3.000      2.33749e+00
4.000      1.92514e+00
5.000      1.50000e+00
6.000      1.10570e+00
7.000      7.71085e-01
8.000      5.08727e-01
9.000      3.17529e-01
10.000      1.87500e-01
11.000      1.04746e-01
12.000      5.53590e-02
13.000      2.76795e-02
14.000      1.30933e-02
15.000      5.85984e-03
16.000      2.48240e-03
17.000      9.99442e-04
18.000      3.95502e-04
19.000      1.93548e-04
20.000      2.16889e-04
21.000      4.88302e-04
22.000      1.24670e-03
23.000      3.08944e-03
24.000      7.27789e-03
25.000      1.62613e-02
26.000      3.44590e-02
27.000      6.92686e-02
28.000      1.32120e-01
29.000      2.39179e-01
30.000      4.11076e-01
31.000      6.70965e-01
32.000      1.04038e+00
33.000      1.53295e+00
34.000      2.14705e+00
35.000      2.85932e+00
36.000      3.62164e+00
37.000      4.36387e+00
38.000      5.00322e+00
39.000      5.45890e+00
40.000      5.66868e+00
41.000      5.60271e+00
42.000      5.27047e+00
43.000      4.71849e+00
44.000      4.01981e+00
45.000      3.25823e+00
46.000      2.51213e+00
47.000      1.84204e+00
48.000      1.28448e+00
49.000      8.52203e-01
50.000      5.39447e-01
51.000      3.29437e-01
52.000      2.01974e-01
53.000      1.39496e-01
54.000      1.30992e-01
55.000      1.73831e-01
56.000      2.73749e-01
57.000      4.43191e-01
58.000      6.98048e-01
59.000      1.05290e+00
60.000      1.51520e+00
61.000      2.07946e+00
62.000      2.72295e+00
63.000      3.40445e+00
64.000      4.06726e+00
65.000      4.64638e+00
66.000      5.07883e+00
67.000      5.31457e+00
68.000      5.32580e+00
69.000      5.11211e+00
70.000      4.70054e+00
71.000      4.14056e+00
72.000      3.49533e+00
73.000      2.83143e+00
74.000      2.20938e+00
75.000      1.67678e+00
76.000      1.26516e+00
77.000      9.90165e-01
78.000      8.54239e-01
79.000      8.50313e-01
80.000      9.65280e-01
81.000      1.18262e+00
82.000      1.48399e+00
83.000      1.85014e+00
84.000      2.26122e+00
85.000      2.69685e+00
86.000      3.13605e+00
87.000      3.55715e+00
88.000      3.93829e+00
89.000      4.25878e+00
90.000      4.50178e+00
91.000      4.65818e+00
92.000      4.73063e+00
93.000      4.73661e+00
94.000      4.70882e+00
95.000      4.69189e+00
96.000      4.73526e+00
97.000      4.88370e+00
98.000      5.16795e+00
99.000      5.59834e+00
100.000      6.16356e+00
101.000      6.83483e+00
102.000      7.57381e+00
103.000      8.34125e+00
104.000      9.10348e+00
105.000      9.83486e+00
106.000      1.05165e+01
107.000      1.11326e+01
108.000      1.16672e+01
109.000      1.21027e+01
110.000      1.24207e+01
111.000      1.26042e+01
112.000      1.26413e+01
113.000      1.25260e+01
114.000      1.22597e+01
115.000      1.18504e+01
116.000      1.13126e+01
117.000      1.06679e+01
118.000      9.94593e+00
119.000      9.18462e+00
120.000      8.42864e+00
121.000      7.72552e+00
122.000      7.12002e+00
123.000      6.64806e+00
124.000      6.33213e+00
125.000      6.17938e+00
126.000      6.18253e+00
127.000      6.32293e+00
128.000      6.57458e+00
129.000      6.90799e+00
130.000      7.29354e+00
131.000      7.70404e+00
132.000      8.11693e+00
133.000      8.51584e+00
134.000      8.89129e+00
135.000      9.24016e+00
136.000      9.56392e+00
137.000      9.86598e+00
138.000      1.01493e+01
139.000      1.04147e+01
140.000      1.06602e+01
141.000      1.08809e+01
142.000      1.10696e+01
143.000      1.12170e+01
144.000      1.13129e+01
145.000      1.13486e+01
146.000      1.13204e+01
147.000      1.12332e+01
148.000      1.11029e+01
149.000      1.09550e+01
150.000      1.08203e+01
151.000      1.07273e+01
152.000      1.06946e+01
153.000      1.07263e+01
154.000      1.08112e+01
155.000      1.09270e+01
156.000      1.10479e+01
157.000      1.11505e+01
158.000      1.12188e+01
159.000      1.12441e+01
160.000      1.12220e+01
161.000      1.11483e+01
162.000      1.10166e+01
163.000      1.08179e+01
164.000      1.05448e+01
165.000      1.01961e+01
166.000      9.78141e+00
167.000      9.32253e+00
168.000      8.85137e+00
169.000      8.40450e+00
170.000      8.01635e+00
171.000      7.71301e+00
172.000      7.50833e+00
173.000      7.40293e+00
174.000      7.38582e+00
175.000      7.43766e+00
176.000      7.53457e+00
177.000      7.65168e+00
178.000      7.76586e+00
179.000      7.85757e+00
180.000      7.91207e+00
181.000      7.92023e+00
182.000      7.87919e+00
183.000      7.79309e+00
184.000      7.67358e+00
185.000      7.53944e+00
186.000      7.41456e+00
187.000      7.32362e+00
188.000      7.28587e+00
189.000      7.30820e+00
190.000      7.38012e+00
191.000      7.47302e+00
192.000      7.54522e+00
193.000      7.55224e+00
194.000      7.45963e+00
195.000      7.25449e+00
196.000      6.95189e+00
197.000      6.59412e+00
198.000      6.24285e+00
199.000      5.96641e+00
200.000      5.82548e+00
201.000      5.86067e+00
202.000      6.08450e+00
203.000      6.47928e+00
204.000      7.00091e+00
205.000      7.58765e+00
206.000      8.17195e+00
207.000      8.69276e+00
208.000      9.10557e+00
209.000      9.38811e+00
210.000      9.54085e+00
211.000      9.58268e+00
212.000      9.54379e+00
213.000      9.45784e+00
214.000      9.35573e+00
215.000      9.26192e+00
216.000      9.19327e+00
217.000      9.15982e+00
218.000      9.16620e+00
219.000      9.21279e+00
220.000      9.29624e+00
221.000      9.40946e+00
222.000      9.54162e+00
223.000      9.67876e+00
224.000      9.80526e+00
225.000      9.90612e+00
226.000      9.96930e+00
227.000      9.98752e+00
228.000      9.95908e+00
229.000      9.88749e+00
230.000      9.78031e+00
231.000      9.64735e+00
232.000      9.49874e+00
233.000      9.34291e+00
234.000      9.18507e+00
235.000      9.02637e+00
236.000      8.86409e+00
237.000      8.69281e+00
238.000      8.50608e+00
239.000      8.29811e+00
240.000      8.06483e+00
241.000      7.80440e+00
242.000      7.51730e+00
243.000      7.20613e+00
244.000      6.87550e+00
245.000      6.53173e+00
246.000      6.18257e+00
247.000      5.83668e+00
248.000      5.50302e+00
249.000      5.19016e+00
250.000      4.90553e+00
251.000      4.65470e+00
252.000      4.44067e+00
253.000      4.26365e+00
254.000      4.12147e+00
255.000      4.01097e+00
256.000      3.93033e+00
257.000      3.88164e+00
258.000      3.87287e+00
259.000      3.91780e+00
260.000      4.03326e+00
261.000      4.23349e+00
262.000      4.52304e+00
263.000      4.89022e+00
264.000      5.30361e+00
265.000      5.71330e+00
266.000      6.05738e+00
267.000      6.27254e+00
268.000      6.30641e+00
269.000      6.12853e+00
270.000      5.73735e+00
271.000      5.16123e+00
272.000      4.45328e+00
273.000      3.68139e+00
274.000      2.91621e+00
275.000      2.22034e+00
276.000      1.64130e+00
277.000      1.20957e+00
278.000      9.40958e-01
279.000      8.41524e-01
280.000      9.12464e-01
281.000      1.15277e+00
282.000      1.55872e+00
283.000      2.12052e+00
284.000      2.81775e+00
285.000      3.61588e+00
286.000      4.46602e+00
287.000      5.30898e+00
288.000      6.08340e+00
289.000      6.73590e+00
290.000      7.23038e+00
291.000      7.55353e+00
292.000      7.71514e+00
293.000      7.74321e+00
294.000      7.67592e+00
295.000      7.55331e+00
296.000      7.41085e+00
297.000      7.27627e+00
298.000      7.16905e+00
299.000      7.10151e+00
300.000      7.08013e+00
301.000      7.10649e+00
302.000      7.17819e+00
303.000      7.29014e+00
304.000      7.43680e+00
305.000      7.61473e+00
306.000      7.82454e+00
307.000      8.07089e+00
308.000      8.36028e+00
309.000      8.69720e+00
310.000      9.08024e+00
311.000      9.50009e+00
312.000      9.94069e+00
313.000      1.03834e+01
314.000      1.08127e+01
315.000      1.12221e+01
316.000      1.16163e+01
317.000      1.20104e+01
318.000      1.24249e+01
319.000      1.28795e+01
320.000      1.33863e+01
321.000      1.39471e+01
322.000      1.45546e+01
323.000      1.51962e+01
324.000      1.58602e+01
325.000      1.65389e+01
326.000      1.72291e+01
327.000      1.79288e+01
328.000      1.86309e+01
329.000      1.93197e+01
330.000      1.99698e+01
331.000      2.05499e+01
332.000      2.10305e+01
333.000      2.13920e+01
334.000      2.16307e+01
335.000      2.17604e+01
336.000      2.18086e+01
337.000      2.18099e+01
338.000      2.17978e+01
339.000      2.17991e+01
340.000      2.18298e+01
341.000      2.18952e+01
342.000      2.19921e+01
343.000      2.21109e+01
344.000      2.22397e+01
345.000      2.23671e+01
346.000      2.24854e+01
347.000      2.25931e+01
348.000      2.26962e+01
349.000      2.28075e+01
350.000      2.29435e+01
351.000      2.31195e+01
352.000      2.33430e+01
353.000      2.36084e+01
354.000      2.38931e+01
355.000      2.41565e+01
356.000      2.43435e+01
357.000      2.43905e+01
358.000      2.42355e+01
359.000      2.38290e+01
360.000      2.31443e+01
361.000      2.21848e+01
362.000      2.09866e+01
363.000      1.96137e+01
364.000      1.81477e+01
365.000      1.66737e+01
366.000      1.52659e+01
367.000      1.39771e+01
368.000      1.28342e+01
369.000      1.18416e+01
370.000      1.09883e+01
371.000      1.02585e+01
372.000      9.63997e+00
373.000      9.12881e+00
374.000      8.72994e+00
375.000      8.45429e+00
376.000      8.31453e+00
377.000      8.32147e+00
378.000      8.48225e+00
379.000      8.80067e+00
380.000      9.27859e+00
381.000      9.91712e+00
382.000      1.07160e+01
383.000      1.16702e+01
384.000      1.27645e+01
385.000      1.39663e+01
386.000      1.52197e+01
387.000      1.64429e+01
388.000      1.75312e+01
389.000      1.83657e+01
390.000      1.88289e+01
391.000      1.88233e+01
392.000      1.82901e+01
393.000      1.72239e+01
394.000      1.56790e+01
395.000      1.37654e+01
396.000      1.16330e+01
397.000      9.44941e+00
398.000      7.37394e+00
399.000      5.53625e+00
400.000      4.02269e+00
401.000      2.87293e+00
402.000      2.08548e+00
403.000      1.62832e+00
404.000      1.45065e+00
405.000      1.49287e+00
406.000      1.69367e+00
407.000      1.99463e+00
408.000      2.34368e+00
409.000      2.69767e+00
410.000      3.02426e+00
411.000      3.30219e+00
412.000      3.51964e+00
413.000      3.67132e+00
414.000      3.75520e+00
415.000      3.77055e+00
416.000      3.71767e+00
417.000      3.59904e+00
418.000      3.42065e+00
419.000      3.19228e+00
420.000      2.92639e+00
421.000      2.63616e+00
422.000      2.33368e+00
423.000      2.02933e+00
424.000      1.73240e+00
425.000      1.45242e+00
426.000      1.20018e+00
427.000      9.87538e-01
428.000      8.25882e-01
429.000      7.23594e-01
430.000      6.83321e-01
431.000      7.00014e-01
432.000      7.60444e-01
433.000      8.44606e-01
434.000      9.28896e-01
435.000      9.90490e-01
436.000      1.01184e+00
437.000      9.84065e-01
438.000      9.08255e-01
439.000      7.94285e-01
440.000      6.57645e-01
441.000      5.15330e-01
442.000      3.82099e-01
443.000      2.68055e-01
444.000      1.77913e-01
445.000      1.11717e-01
446.000      6.63672e-02
447.000      3.72999e-02
448.000      1.98326e-02
449.000      9.97632e-03
450.000      4.74765e-03
451.000      2.13749e-03
452.000      9.10435e-04
453.000      3.66868e-04
454.000      1.39859e-04
455.000      5.04413e-05
456.000      1.72108e-05
457.000      5.55562e-06
458.000      1.69661e-06
459.000      4.90173e-07
460.000      1.33978e-07
461.000      3.46447e-08
462.000      8.47533e-09
463.000      1.96153e-09
464.000      4.29486e-10
465.000      8.89656e-11
466.000      1.74346e-11
467.000      3.23236e-12
468.000      5.66951e-13
469.000      9.40782e-14
470.000      1.47690e-14
471.000      2.19345e-15
472.000      3.08194e-16
473.000      4.09673e-17
474.000      5.15192e-18
475.000      6.12939e-19
476.000      6.89897e-20
477.000      7.34629e-21
478.000      7.40064e-22
479.000      7.05324e-23
480.000      6.35954e-24
481.000      5.42475e-25
482.000      4.37776e-26
483.000      3.34227e-27
484.000      2.41406e-28
485.000      1.64958e-29
486.000      1.06639e-30
487.000      6.52192e-32
488.000      3.77358e-33
489.000      2.06561e-34
490.000      1.06970e-35
491.000      5.24073e-37
492.000      2.42907e-38
493.000      1.06514e-39
494.000      4.41864e-41
495.000      1.73416e-42
496.000      6.43884e-44
497.000      2.26174e-45
498.000      7.51618e-47
499.000      2.36302e-48
500.000      7.02841e-50
