# Gaussian folded, width=10 cm^-1
# [cm^-1] arbitrary
0.000      3.00000e+00
1.000      2.91796e+00
2.000      2.68508e+00
3.000      2.33749e+00
4.000      1.92514e+00
5.000      1.50000e+00
6.000      1.10570e+00
7.000      7.71085e-01
8.000      5.08727e-01
9.000      3.17529e-01
10.000      1.87500e-01
11.000      1.04746e-01
12.000      5.53592e-02
13.000      2.76802e-02
14.000      1.30957e-02
15.000      5.86768e-03
16.000      2.50734e-03
17.000      1.07456e-03
18.000      6.09566e-04
19.000      7.70849e-04
20.000      1.69021e-03
21.000      4.04618e-03
22.000      9.37561e-03
23.000      2.06586e-02
24.000      4.31907e-02
25.000      8.56680e-02
26.000      1.61234e-01
27.000      2.87998e-01
28.000      4.88331e-01
29.000      7.86180e-01
30.000      1.20201e+00
31.000      1.74566e+00
32.000      2.40862e+00
33.000      3.15804e+00
34.000      3.93535e+00
35.000      4.66155e+00
36.000      5.24951e+00
37.000      5.62071e+00
38.000      5.72245e+00
39.000      5.53999e+00
40.000      5.10009e+00
41.000      4.46460e+00
42.000      3.71631e+00
43.000      2.94151e+00
44.000      2.21432e+00
45.000      1.58671e+00
46.000      1.08564e+00
47.000      7.16595e-01
48.000      4.70982e-01
49.000      3.34699e-01
50.000      2.95421e-01
51.000      3.47232e-01
52.000      4.92028e-01
53.000      7.37775e-01
54.000      1.09411e+00
55.000      1.56614e+00
56.000      2.14770e+00
57.000      2.81570e+00
58.000      3.52744e+00
59.000      4.22230e+00
60.000      4.82860e+00
61.000      5.27476e+00
62.000      5.50270e+00
63.000      5.47992e+00
64.000      5.20715e+00
65.000      4.71889e+00
66.000      4.07664e+00
67.000      3.35656e+00
68.000      2.63538e+00
69.000      1.97817e+00
70.000      1.43125e+00
71.000      1.02102e+00
72.000      7.57818e-01
73.000      6.42265e-01
74.000      6.71351e-01
75.000      8.41970e-01
76.000      1.15092e+00
77.000      1.59165e+00
78.000      2.14937e+00
79.000      2.79639e+00
80.000      3.49028e+00
81.000      4.17602e+00
82.000      4.79294e+00
83.000      5.28538e+00
84.000      5.61473e+00
85.000      5.76987e+00
86.000      5.77255e+00
87.000      5.67572e+00
88.000      5.55416e+00
89.000      5.48925e+00
90.000      5.55156e+00
91.000      5.78603e+00
92.000      6.20383e+00
93.000      6.78318e+00
94.000      7.47878e+00
95.000      8.23654e+00
96.000      9.00881e+00
97.000      9.76512e+00
98.000      1.04948e+01
99.000      1.12013e+01
100.000      1.18902e+01
101.000      1.25559e+01
102.000      1.31723e+01
103.000      1.36916e+01
104.000      1.40513e+01
105.000      1.41886e+01
106.000      1.40568e+01
107.000      1.36389e+01
108.000      1.29538e+01
109.000      1.20549e+01
110.000      1.10210e+01
111.000      9.94217e+00
112.000      8.90674e+00
113.000      7.98934e+00
114.000      7.24440e+00
115.000      6.70430e+00
116.000      6.38160e+00
117.000      6.27361e+00
118.000      6.36748e+00
119.000      6.64443e+00
120.000      7.08229e+00
121.000      7.65657e+00
122.000      8.34043e+00
123.000      9.10421e+00
124.000      9.91507e+00
125.000      1.07374e+01
126.000      1.15340e+01
127.000      1.22693e+01
128.000      1.29126e+01
129.000      1.34424e+01
130.000      1.38492e+01
131.000      1.41359e+01
132.000      1.43156e+01
133.000      1.44069e+01
134.000      1.44280e+01
135.000      1.43916e+01
136.000      1.43022e+01
137.000      1.41568e+01
138.000      1.39481e+01
139.000      1.36708e+01
140.000      1.33272e+01
141.000      1.29310e+01
142.000      1.25072e+01
143.000      1.20867e+01
144.000      1.16989e+01
145.000      1.13634e+01
146.000      1.10847e+01
147.000      1.08521e+01
148.000      1.06440e+01
149.000      1.04358e+01
150.000      1.02076e+01
151.000      9.94903e+00
152.000      9.66189e+00
153.000      9.35804e+00
154.000      9.05572e+00
155.000      8.77480e+00
156.000      8.53244e+00
157.000      8.34010e+00
158.000      8.20253e+00
159.000      8.11820e+00
160.000      8.08096e+00
161.000      8.08159e+00
162.000      8.10885e+00
163.000      8.14996e+00
164.000      8.19091e+00
165.000      8.21773e+00
166.000      8.21899e+00
167.000      8.18930e+00
168.000      8.13269e+00
169.000      8.06412e+00
170.000      8.00810e+00
171.000      7.99403e+00
172.000      8.04925e+00
173.000      8.19183e+00
174.000      8.42519e+00
175.000      8.73642e+00
176.000      9.09861e+00
177.000      9.47625e+00
178.000      9.83188e+00
179.000      1.01321e+01
180.000      1.03516e+01
181.000      1.04757e+01
182.000      1.05010e+01
183.000      1.04358e+01
184.000      1.02998e+01
185.000      1.01225e+01
186.000      9.93936e+00
187.000      9.78655e+00
188.000      9.69478e+00
189.000      9.68383e+00
190.000      9.75930e+00
191.000      9.91235e+00
192.000      1.01222e+01
193.000      1.03608e+01
194.000      1.05984e+01
195.000      1.08096e+01
196.000      1.09780e+01
197.000      1.10988e+01
198.000      1.11790e+01
199.000      1.12340e+01
200.000      1.12819e+01
201.000      1.13374e+01
202.000      1.14063e+01
203.000      1.14829e+01
204.000      1.15507e+01
205.000      1.15860e+01
206.000      1.15635e+01
207.000      1.14617e+01
208.000      1.12685e+01
209.000      1.09842e+01
210.000      1.06225e+01
211.000      1.02093e+01
212.000      9.77952e+00
213.000      9.37280e+00
214.000      9.02915e+00
215.000      8.78453e+00
216.000      8.66659e+00
217.000      8.69043e+00
218.000      8.85510e+00
219.000      9.14198e+00
220.000      9.51657e+00
221.000      9.93431e+00
222.000      1.03497e+01
223.000      1.07267e+01
224.000      1.10465e+01
225.000      1.13107e+01
226.000      1.15380e+01
227.000      1.17565e+01
228.000      1.19918e+01
229.000      1.22586e+01
230.000      1.25545e+01
231.000      1.28608e+01
232.000      1.31489e+01
233.000      1.33889e+01
234.000      1.35592e+01
235.000      1.36523e+01
236.000      1.36758e+01
237.000      1.36487e+01
238.000      1.35927e+01
239.000      1.35243e+01
240.000      1.34476e+01
241.000      1.33524e+01
242.000      1.32173e+01
243.000      1.30178e+01
244.000      1.27354e+01
245.000      1.23664e+01
246.000      1.19253e+01
247.000      1.14437e+01
248.000      1.09637e+01
249.000      1.05284e+01
250.000      1.01721e+01
251.000      9.91388e+00
252.000      9.75512e+00
253.000      9.68176e+00
254.000      9.66986e+00
255.000      9.69212e+00
256.000      9.72309e+00
257.000      9.74182e+00
258.000      9.73169e+00
259.000      9.67880e+00
260.000      9.57034e+00
261.000      9.39455e+00
262.000      9.14263e+00
263.000      8.81206e+00
264.000      8.40976e+00
265.000      7.95356e+00
266.000      7.47078e+00
267.000      6.99394e+00
268.000      6.55440e+00
269.000      6.17609e+00
270.000      5.87103e+00
271.000      5.63842e+00
272.000      5.46754e+00
273.000      5.34356e+00
274.000      5.25417e+00
275.000      5.19489e+00
276.000      5.17092e+00
277.000      5.19529e+00
278.000      5.28397e+00
279.000      5.44997e+00
280.000      5.69860e+00
281.000      6.02543e+00
282.000      6.41696e+00
283.000      6.85308e+00
284.000      7.30973e+00
285.000      7.76077e+00
286.000      8.17880e+00
287.000      8.53583e+00
288.000      8.80475e+00
289.000      8.96211e+00
290.000      8.99187e+00
291.000      8.88896e+00
292.000      8.66136e+00
293.000      8.32944e+00
294.000      7.92257e+00
295.000      7.47350e+00
296.000      7.01222e+00
297.000      6.56125e+00
298.000      6.13378e+00
299.000      5.73550e+00
300.000      5.36892e+00
301.000      5.03844e+00
302.000      4.75357e+00
303.000      4.52907e+00
304.000      4.38188e+00
305.000      4.32637e+00
306.000      4.37027e+00
307.000      4.51257e+00
308.000      4.74391e+00
309.000      5.04856e+00
310.000      5.40673e+00
311.000      5.79641e+00
312.000      6.19462e+00
313.000      6.57863e+00
314.000      6.92776e+00
315.000      7.22570e+00
316.000      7.46314e+00
317.000      7.64001e+00
318.000      7.76673e+00
319.000      7.86409e+00
320.000      7.96147e+00
321.000      8.09329e+00
322.000      8.29412e+00
323.000      8.59303e+00
324.000      9.00828e+00
325.000      9.54376e+00
326.000      1.01880e+01
327.000      1.09161e+01
328.000      1.16946e+01
329.000      1.24872e+01
330.000      1.32611e+01
331.000      1.39911e+01
332.000      1.46625e+01
333.000      1.52708e+01
334.000      1.58206e+01
335.000      1.63230e+01
336.000      1.67933e+01
337.000      1.72492e+01
338.000      1.77083e+01
339.000      1.81858e+01
340.000      1.86920e+01
341.000      1.92296e+01
342.000      1.97929e+01
343.000      2.03681e+01
344.000      2.09360e+01
345.000      2.14753e+01
346.000      2.19646e+01
347.000      2.23834e+01
348.000      2.27103e+01
349.000      2.29206e+01
350.000      2.29845e+01
351.000      2.28681e+01
352.000      2.25387e+01
353.000      2.19722e+01
354.000      2.11619e+01
355.000      2.01262e+01
356.000      1.89102e+01
357.000      1.75827e+01
358.000      1.62262e+01
359.000      1.49232e+01
360.000      1.37428e+01
361.000      1.27300e+01
362.000      1.19016e+01
363.000      1.12484e+01
364.000      1.07423e+01
365.000      1.03453e+01
366.000      1.00179e+01
367.000      9.72455e+00
368.000      9.43700e+00
369.000      9.13564e+00
370.000      8.80978e+00
371.000      8.45756e+00
372.000      8.08540e+00
373.000      7.70676e+00
374.000      7.34026e+00
375.000      7.00745e+00
376.000      6.73077e+00
377.000      6.53183e+00
378.000      6.43014e+00
379.000      6.44177e+00
380.000      6.57761e+00
381.000      6.84078e+00
382.000      7.22316e+00
383.000      7.70176e+00
384.000      8.23596e+00
385.000      8.76749e+00
386.000      9.22462e+00
387.000      9.53149e+00
388.000      9.62148e+00
389.000      9.45161e+00
390.000      9.01390e+00
391.000      8.33954e+00
392.000      7.49393e+00
393.000      6.56369e+00
394.000      5.63946e+00
395.000      4.79965e+00
396.000      4.09938e+00
397.000      3.56649e+00
398.000      3.20395e+00
399.000      2.99607e+00
400.000      2.91549e+00
401.000      2.92883e+00
402.000      3.00029e+00
403.000      3.09382e+00
404.000      3.17485e+00
405.000      3.21261e+00
406.000      3.18326e+00
407.000      3.07324e+00
408.000      2.88179e+00
409.000      2.62158e+00
410.000      2.31684e+00
411.000      1.99908e+00
412.000      1.70120e+00
413.000      1.45120e+00
414.000      1.26680e+00
415.000      1.15237e+00
416.000      1.09867e+00
417.000      1.08570e+00
418.000      1.08786e+00
419.000      1.08024e+00
420.000      1.04421e+00
421.000      9.70987e-01
422.000      8.62318e-01
423.000      7.28349e-01
424.000      5.83725e-01
425.000      4.43307e-01
426.000      3.18796e-01
427.000      2.16999e-01
428.000      1.39779e-01
429.000      8.51946e-02
430.000      4.91290e-02
431.000      2.68042e-02
432.000      1.38356e-02
433.000      6.75642e-03
434.000      3.12145e-03
435.000      1.36432e-03
436.000      5.64151e-04
437.000      2.20695e-04
438.000      8.16783e-05
439.000      2.85983e-05
440.000      9.47306e-06
441.000      2.96864e-06
442.000      8.80124e-07
443.000      2.46858e-07
444.000      6.55041e-08
445.000      1.64440e-08
446.000      3.90538e-09
447.000      8.77479e-10
448.000      1.86521e-10
449.000      3.75092e-11
450.000      7.13615e-12
451.000      1.28442e-12
452.000      2.18711e-13
453.000      3.52330e-14
454.000      5.36966e-15
455.000      7.74214e-16
456.000      1.05607e-16
457.000      1.36283e-17
458.000      1.66384e-18
459.000      1.92174e-19
460.000      2.09990e-20
461.000      2.17079e-21
462.000      2.12303e-22
463.000      1.96432e-23
464.000      1.71943e-24
465.000      1.42389e-25
466.000      1.11554e-26
467.000      8.26817e-28
468.000      5.79766e-29
469.000      3.84604e-30
470.000      2.41375e-31
471.000      1.43314e-32
472.000      8.05012e-34
473.000      4.27793e-35
474.000      2.15071e-36
475.000      1.02294e-37
476.000      4.60292e-39
477.000      1.95946e-40
478.000      7.89141e-42
479.000      3.00671e-43
480.000      1.08379e-44
481.000      3.69589e-46
482.000      1.19236e-47
483.000      3.63928e-49
484.000      1.05085e-50
485.000      2.87067e-52
486.000      7.41897e-54
487.000      1.81393e-55
488.000      4.19582e-57
489.000      9.18185e-59
490.000      1.90091e-60
491.000      3.72314e-62
492.000      6.89882e-64
493.000      1.20937e-65
494.000      2.00567e-67
495.000      3.14686e-69
496.000      4.67105e-71
497.000      6.55946e-73
498.000      8.71444e-75
499.000      1.09529e-76
500.000      1.30237e-78
