# Gaussian folded, width=10 cm^-1
# [cm^-1] arbitrary
0.000      3.00000e+00
1.000      2.91796e+00
2.000      2.68508e+00
3.000      2.33749e+00
4.000      1.92514e+00
5.000      1.50000e+00
6.000      1.10570e+00
7.000      7.71085e-01
8.000      5.08727e-01
9.000      3.17529e-01
10.000      1.87500e-01
11.000      1.04746e-01
12.000      5.53590e-02
13.000      2.76795e-02
14.000      1.30932e-02
15.000      5.85939e-03
16.000      2.48074e-03
17.000      9.93784e-04
18.000      3.77170e-04
19.000      1.37325e-04
20.000      5.36660e-05
21.000      3.97712e-05
22.000      8.00320e-05
23.000      2.17092e-04
24.000      5.84575e-04
25.000      1.49971e-03
26.000      3.65067e-03
27.000      8.43057e-03
28.000      1.84738e-02
29.000      3.84236e-02
30.000      7.58787e-02
31.000      1.42321e-01
32.000      2.53629e-01
33.000      4.29615e-01
34.000      6.91954e-01
35.000      1.06015e+00
36.000      1.54569e+00
37.000      2.14543e+00
38.000      2.83600e+00
39.000      3.57145e+00
40.000      4.28611e+00
41.000      4.90313e+00
42.000      5.34758e+00
43.000      5.56123e+00
44.000      5.51488e+00
45.000      5.21487e+00
46.000      4.70169e+00
47.000      4.04106e+00
48.000      3.31033e+00
49.000      2.58382e+00
50.000      1.92101e+00
51.000      1.35995e+00
52.000      9.16415e-01
53.000      5.87625e-01
54.000      3.58535e-01
55.000      2.08405e-01
56.000      1.16201e-01
57.000      6.41310e-02
58.000      3.94444e-02
59.000      3.50509e-02
60.000      4.96009e-02
61.000      8.74651e-02
62.000      1.58698e-01
63.000      2.78680e-01
64.000      4.66864e-01
65.000      7.44001e-01
66.000      1.12754e+00
67.000      1.62557e+00
68.000      2.23048e+00
69.000      2.91439e+00
70.000      3.62832e+00
71.000      4.30657e+00
72.000      4.87636e+00
73.000      5.27061e+00
74.000      5.44108e+00
75.000      5.36792e+00
76.000      5.06341e+00
77.000      4.56883e+00
78.000      3.94570e+00
79.000      3.26418e+00
80.000      2.59146e+00
81.000      1.98297e+00
82.000      1.47756e+00
83.000      1.09686e+00
84.000      8.47595e-01
85.000      7.25492e-01
86.000      7.19350e-01
87.000      8.14361e-01
88.000      9.94480e-01
89.000      1.24395e+00
90.000      1.54819e+00
91.000      1.89413e+00
92.000      2.26972e+00
93.000      2.66278e+00
94.000      3.05924e+00
95.000      3.44158e+00
96.000      3.78837e+00
97.000      4.07550e+00
98.000      4.27944e+00
99.000      4.38175e+00
100.000      4.37406e+00
101.000      4.26207e+00
102.000      4.06769e+00
103.000      3.82836e+00
104.000      3.59346e+00
105.000      3.41803e+00
106.000      3.35477e+00
107.000      3.44576e+00
108.000      3.71577e+00
109.000      4.16849e+00
110.000      4.78661e+00
111.000      5.53545e+00
112.000      6.36889e+00
113.000      7.23596e+00
114.000      8.08669e+00
115.000      8.87636e+00
116.000      9.56805e+00
117.000      1.01341e+01
118.000      1.05570e+01
119.000      1.08293e+01
120.000      1.09541e+01
121.000      1.09435e+01
122.000      1.08169e+01
123.000      1.05981e+01
124.000      1.03113e+01
125.000      9.97855e+00
126.000      9.61682e+00
127.000      9.23763e+00
128.000      8.84755e+00
129.000      8.44987e+00
130.000      8.04680e+00
131.000      7.64154e+00
132.000      7.24025e+00
133.000      6.85372e+00
134.000      6.49866e+00
135.000      6.19812e+00
136.000      5.98001e+00
137.000      5.87294e+00
138.000      5.89936e+00
139.000      6.06728e+00
140.000      6.36335e+00
141.000      6.75038e+00
142.000      7.17170e+00
143.000      7.56202e+00
144.000      7.86229e+00
145.000      8.03380e+00
146.000      8.06694e+00
147.000      7.98184e+00
148.000      7.82116e+00
149.000      7.63793e+00
150.000      7.48280e+00
151.000      7.39489e+00
152.000      7.39836e+00
153.000      7.50467e+00
154.000      7.71814e+00
155.000      8.04156e+00
156.000      8.47868e+00
157.000      9.03182e+00
158.000      9.69550e+00
159.000      1.04485e+01
160.000      1.12485e+01
161.000      1.20331e+01
162.000      1.27282e+01
163.000      1.32631e+01
164.000      1.35872e+01
165.000      1.36823e+01
166.000      1.35673e+01
167.000      1.32912e+01
168.000      1.29192e+01
169.000      1.25149e+01
170.000      1.21262e+01
171.000      1.17766e+01
172.000      1.14648e+01
173.000      1.11699e+01
174.000      1.08593e+01
175.000      1.04968e+01
176.000      1.00505e+01
177.000      9.49868e+00
178.000      8.83543e+00
179.000      8.07379e+00
180.000      7.24676e+00
181.000      6.40447e+00
182.000      5.60760e+00
183.000      4.91780e+00
184.000      4.38714e+00
185.000      4.04893e+00
186.000      3.91212e+00
187.000      3.96007e+00
188.000      4.15405e+00
189.000      4.44026e+00
190.000      4.75919e+00
191.000      5.05546e+00
192.000      5.28684e+00
193.000      5.43088e+00
194.000      5.48801e+00
195.000      5.48024e+00
196.000      5.44537e+00
197.000      5.42757e+00
198.000      5.46638e+00
199.000      5.58694e+00
200.000      5.79405e+00
201.000      6.07185e+00
202.000      6.38931e+00
203.000      6.70954e+00
204.000      6.99987e+00
205.000      7.23941e+00
206.000      7.42150e+00
207.000      7.55069e+00
208.000      7.63575e+00
209.000      7.68203e+00
210.000      7.68620e+00
211.000      7.63581e+00
212.000      7.51356e+00
213.000      7.30441e+00
214.000      7.00256e+00
215.000      6.61581e+00
216.000      6.16582e+00
217.000      5.68462e+00
218.000      5.20840e+00
219.000      4.77047e+00
220.000      4.39465e+00
221.000      4.09072e+00
222.000      3.85261e+00
223.000      3.66017e+00
224.000      3.48415e+00
225.000      3.29349e+00
226.000      3.06302e+00
227.000      2.77950e+00
228.000      2.44435e+00
229.000      2.07238e+00
230.000      1.68727e+00
231.000      1.31539e+00
232.000      9.79819e-01
233.000      6.96225e-01
234.000      4.71327e-01
235.000      3.03692e-01
236.000      1.86094e-01
237.000      1.08376e-01
238.000      5.99509e-02
239.000      3.14854e-02
240.000      1.56927e-02
241.000      7.42009e-03
242.000      3.32741e-03
243.000      1.41473e-03
244.000      5.70174e-04
245.000      2.17779e-04
246.000      7.88168e-05
247.000      2.70238e-05
248.000      8.77699e-06
249.000      2.70104e-06
250.000      7.92244e-07
251.000      2.41624e-07
252.000      1.56130e-07
253.000      3.93130e-07
254.000      1.37029e-06
255.000      4.66408e-06
256.000      1.50510e-05
257.000      4.59584e-05
258.000      1.32777e-04
259.000      3.62954e-04
260.000      9.38797e-04
261.000      2.29781e-03
262.000      5.32262e-03
263.000      1.16700e-02
264.000      2.42236e-02
265.000      4.76179e-02
266.000      8.86853e-02
267.000      1.56587e-01
268.000      2.62343e-01
269.000      4.17574e-01
270.000      6.32551e-01
271.000      9.14056e-01
272.000      1.26387e+00
273.000      1.67873e+00
274.000      2.15190e+00
275.000      2.67571e+00
276.000      3.24319e+00
277.000      3.84712e+00
278.000      4.47581e+00
279.000      5.10702e+00
280.000      5.70385e+00
281.000      6.21670e+00
282.000      6.59385e+00
283.000      6.79919e+00
284.000      6.83174e+00
285.000      6.73892e+00
286.000      6.61677e+00
287.000      6.59435e+00
288.000      6.80511e+00
289.000      7.35300e+00
290.000      8.28320e+00
291.000      9.56616e+00
292.000      1.10995e+01
293.000      1.27273e+01
294.000      1.42702e+01
295.000      1.55588e+01
296.000      1.64618e+01
297.000      1.69033e+01
298.000      1.68693e+01
299.000      1.64048e+01
300.000      1.56055e+01
301.000      1.46059e+01
302.000      1.35630e+01
303.000      1.26360e+01
304.000      1.19614e+01
305.000      1.16262e+01
306.000      1.16487e+01
307.000      1.19702e+01
308.000      1.24657e+01
309.000      1.29714e+01
310.000      1.33241e+01
311.000      1.34015e+01
312.000      1.31537e+01
313.000      1.26182e+01
314.000      1.19141e+01
315.000      1.12173e+01
316.000      1.07230e+01
317.000      1.06036e+01
318.000      1.09718e+01
319.000      1.18563e+01
320.000      1.31968e+01
321.000      1.48588e+01
322.000      1.66640e+01
323.000      1.84303e+01
324.000      2.00088e+01
325.000      2.13100e+01
326.000      2.23133e+01
327.000      2.30574e+01
328.000      2.36175e+01
329.000      2.40765e+01
330.000      2.44976e+01
331.000      2.49078e+01
332.000      2.52930e+01
333.000      2.56073e+01
334.000      2.57902e+01
335.000      2.57870e+01
336.000      2.55659e+01
337.000      2.51288e+01
338.000      2.45121e+01
339.000      2.37799e+01
340.000      2.30120e+01
341.000      2.22894e+01
342.000      2.16817e+01
343.000      2.12382e+01
344.000      2.09839e+01
345.000      2.09193e+01
346.000      2.10251e+01
347.000      2.12675e+01
348.000      2.16052e+01
349.000      2.19963e+01
350.000      2.24042e+01
351.000      2.28031e+01
352.000      2.31814e+01
353.000      2.35428e+01
354.000      2.39032e+01
355.000      2.42836e+01
356.000      2.46992e+01
357.000      2.51482e+01
358.000      2.56044e+01
359.000      2.60162e+01
360.000      2.63138e+01
361.000      2.64229e+01
362.000      2.62804e+01
363.000      2.58478e+01
364.000      2.51173e+01
365.000      2.41109e+01
366.000      2.28725e+01
367.000      2.14573e+01
368.000      1.99217e+01
369.000      1.83171e+01
370.000      1.66891e+01
371.000      1.50801e+01
372.000      1.35347e+01
373.000      1.21029e+01
374.000      1.08393e+01
375.000      9.79726e+00
376.000      9.02072e+00
377.000      8.53652e+00
378.000      8.35146e+00
379.000      8.45557e+00
380.000      8.83040e+00
381.000      9.45808e+00
382.000      1.03262e+01
383.000      1.14255e+01
384.000      1.27412e+01
385.000      1.42430e+01
386.000      1.58802e+01
387.000      1.75864e+01
388.000      1.92941e+01
389.000      2.09510e+01
390.000      2.25297e+01
391.000      2.40212e+01
392.000      2.54132e+01
393.000      2.66612e+01
394.000      2.76677e+01
395.000      2.82823e+01
396.000      2.83292e+01
397.000      2.76548e+01
398.000      2.61780e+01
399.000      2.39268e+01
400.000      2.10439e+01
401.000      1.77632e+01
402.000      1.43614e+01
403.000      1.11045e+01
404.000      8.20193e+00
405.000      5.78177e+00
406.000      3.88718e+00
407.000      2.49160e+00
408.000      1.52335e+00
409.000      8.91418e-01
410.000      5.06202e-01
411.000      2.92634e-01
412.000      1.95791e-01
413.000      1.80890e-01
414.000      2.29874e-01
415.000      3.36401e-01
416.000      5.00420e-01
417.000      7.23086e-01
418.000      1.00261e+00
419.000      1.33162e+00
420.000      1.69659e+00
421.000      2.07927e+00
422.000      2.45980e+00
423.000      2.82016e+00
424.000      3.14677e+00
425.000      3.43106e+00
426.000      3.66793e+00
427.000      3.85293e+00
428.000      3.97949e+00
429.000      4.03778e+00
430.000      4.01592e+00
431.000      3.90327e+00
432.000      3.69476e+00
433.000      3.39447e+00
434.000      3.01731e+00
435.000      2.58792e+00
436.000      2.13722e+00
437.000      1.69749e+00
438.000      1.29758e+00
439.000      9.59341e-01
440.000      6.96095e-01
441.000      5.13002e-01
442.000      4.08624e-01
443.000      3.76716e-01
444.000      4.07464e-01
445.000      4.87887e-01
446.000      6.01759e-01
447.000      7.29825e-01
448.000      8.51006e-01
449.000      9.44906e-01
450.000      9.95149e-01
451.000      9.92551e-01
452.000      9.36943e-01
453.000      8.36878e-01
454.000      7.07225e-01
455.000      5.65433e-01
456.000      4.27688e-01
457.000      3.06050e-01
458.000      2.07194e-01
459.000      1.32702e-01
460.000      8.04077e-02
461.000      4.60930e-02
462.000      2.49971e-02
463.000      1.28251e-02
464.000      6.22518e-03
465.000      2.85864e-03
466.000      1.24189e-03
467.000      5.10420e-04
468.000      1.98467e-04
469.000      7.30072e-05
470.000      2.54075e-05
471.000      8.36516e-06
472.000      2.60558e-06
473.000      7.67809e-07
474.000      2.14052e-07
475.000      5.64551e-08
476.000      1.40865e-08
477.000      3.32524e-09
478.000      7.42607e-10
479.000      1.56896e-10
480.000      3.13606e-11
481.000      5.93026e-12
482.000      1.06091e-12
483.000      1.79558e-13
484.000      2.87506e-14
485.000      4.35518e-15
486.000      6.24142e-16
487.000      8.46210e-17
488.000      1.08540e-17
489.000      1.31711e-18
490.000      1.51206e-19
491.000      1.64223e-20
492.000      1.68739e-21
493.000      1.64027e-22
494.000      1.50846e-23
495.000      1.31241e-24
496.000      1.08025e-25
497.000      8.41189e-27
498.000      6.19701e-28
499.000      4.31905e-29
500.000      2.84781e-30
