# Gaussian folded, width=10 cm^-1
# [cm^-1] arbitrary
0.000      3.00000e+00
1.000      2.91796e+00
2.000      2.68508e+00
3.000      2.33749e+00
4.000      1.92514e+00
5.000      1.50000e+00
6.000      1.10570e+00
7.000      7.71085e-01
8.000      5.08727e-01
9.000      3.17530e-01
10.000      1.87501e-01
11.000      1.04749e-01
12.000      5.53708e-02
13.000      2.77174e-02
14.000      1.32089e-02
15.000      6.19357e-03
16.000      3.39468e-03
17.000      3.36020e-03
18.000      6.17844e-03
19.000      1.36027e-02
20.000      2.96460e-02
21.000      6.16160e-02
22.000      1.21395e-01
23.000      2.26514e-01
24.000      4.00239e-01
25.000      6.69692e-01
26.000      1.06113e+00
27.000      1.59223e+00
28.000      2.26254e+00
29.000      3.04471e+00
30.000      3.88026e+00
31.000      4.68326e+00
32.000      5.35319e+00
33.000      5.79507e+00
34.000      5.94144e+00
35.000      5.76924e+00
36.000      5.30587e+00
37.000      4.62221e+00
38.000      3.81530e+00
39.000      2.98666e+00
40.000      2.22331e+00
41.000      1.58660e+00
42.000      1.11054e+00
43.000      8.07742e-01
44.000      6.79063e-01
45.000      7.22336e-01
46.000      9.36902e-01
47.000      1.32229e+00
48.000      1.87167e+00
49.000      2.56273e+00
50.000      3.34972e+00
51.000      4.16101e+00
52.000      4.90496e+00
53.000      5.48421e+00
54.000      5.81528e+00
55.000      5.84778e+00
56.000      5.57669e+00
57.000      5.04368e+00
58.000      4.32687e+00
59.000      3.52258e+00
60.000      2.72533e+00
61.000      2.01202e+00
62.000      1.43400e+00
63.000      1.01767e+00
64.000      7.71078e-01
65.000      6.92629e-01
66.000      7.78205e-01
67.000      1.02409e+00
68.000      1.42515e+00
69.000      1.96951e+00
70.000      2.63227e+00
71.000      3.37151e+00
72.000      4.12938e+00
73.000      4.83950e+00
74.000      5.43979e+00
75.000      5.88753e+00
76.000      6.17210e+00
77.000      6.32103e+00
78.000      6.39659e+00
79.000      6.48324e+00
80.000      6.66934e+00
81.000      7.02825e+00
82.000      7.60427e+00
83.000      8.40672e+00
84.000      9.41262e+00
85.000      1.05751e+01
86.000      1.18332e+01
87.000      1.31192e+01
88.000      1.43617e+01
89.000      1.54858e+01
90.000      1.64132e+01
91.000      1.70654e+01
92.000      1.73729e+01
93.000      1.72870e+01
94.000      1.67925e+01
95.000      1.59155e+01
96.000      1.47238e+01
97.000      1.33177e+01
98.000      1.18140e+01
99.000      1.03289e+01
100.000      8.96343e+00
101.000      7.79561e+00
102.000      6.88003e+00
103.000      6.25201e+00
104.000      5.93312e+00
105.000      5.93482e+00
106.000      6.25910e+00
107.000      6.89644e+00
108.000      7.82295e+00
109.000      8.99832e+00
110.000      1.03657e+01
111.000      1.18545e+01
112.000      1.33852e+01
113.000      1.48763e+01
114.000      1.62514e+01
115.000      1.74452e+01
116.000      1.84075e+01
117.000      1.91038e+01
118.000      1.95152e+01
119.000      1.96365e+01
120.000      1.94757e+01
121.000      1.90539e+01
122.000      1.84061e+01
123.000      1.75805e+01
124.000      1.66369e+01
125.000      1.56435e+01
126.000      1.46712e+01
127.000      1.37878e+01
128.000      1.30507e+01
129.000      1.25014e+01
130.000      1.21608e+01
131.000      1.20274e+01
132.000      1.20787e+01
133.000      1.22754e+01
134.000      1.25686e+01
135.000      1.29054e+01
136.000      1.32354e+01
137.000      1.35132e+01
138.000      1.37005e+01
139.000      1.37659e+01
140.000      1.36851e+01
141.000      1.34414e+01
142.000      1.30281e+01
143.000      1.24503e+01
144.000      1.17270e+01
145.000      1.08915e+01
146.000      9.98798e+00
147.000      9.06633e+00
148.000      8.17420e+00
149.000      7.34989e+00
150.000      6.61739e+00
151.000      5.98532e+00
152.000      5.44969e+00
153.000      4.99982e+00
154.000      4.62556e+00
155.000      4.32388e+00
156.000      4.10298e+00
157.000      3.98236e+00
158.000      3.98865e+00
159.000      4.14767e+00
160.000      4.47494e+00
161.000      4.96732e+00
162.000      5.59879e+00
163.000      6.32270e+00
164.000      7.08132e+00
165.000      7.82122e+00
166.000      8.51052e+00
167.000      9.15213e+00
168.000      9.78663e+00
169.000      1.04812e+01
170.000      1.13057e+01
171.000      1.23037e+01
172.000      1.34677e+01
173.000      1.47312e+01
174.000      1.59806e+01
175.000      1.70850e+01
176.000      1.79334e+01
177.000      1.84665e+01
178.000      1.86919e+01
179.000      1.86780e+01
180.000      1.85298e+01
181.000      1.83543e+01
182.000      1.82281e+01
183.000      1.81754e+01
184.000      1.81654e+01
185.000      1.81292e+01
186.000      1.79933e+01
187.000      1.77193e+01
188.000      1.73370e+01
189.000      1.69576e+01
190.000      1.67593e+01
191.000      1.69452e+01
192.000      1.76861e+01
193.000      1.90619e+01
194.000      2.10253e+01
195.000      2.33972e+01
196.000      2.59005e+01
197.000      2.82233e+01
198.000      3.00924e+01
199.000      3.13348e+01
200.000      3.19083e+01
201.000      3.18931e+01
202.000      3.14477e+01
203.000      3.07473e+01
204.000      2.99269e+01
205.000      2.90474e+01
206.000      2.80944e+01
207.000      2.70053e+01
208.000      2.57094e+01
209.000      2.41652e+01
210.000      2.23814e+01
211.000      2.04168e+01
212.000      1.83659e+01
213.000      1.63362e+01
214.000      1.44294e+01
215.000      1.27273e+01
216.000      1.12846e+01
217.000      1.01251e+01
218.000      9.24084e+00
219.000      8.59188e+00
220.000      8.11140e+00
221.000      7.71564e+00
222.000      7.31945e+00
223.000      6.85423e+00
224.000      6.28352e+00
225.000      5.61175e+00
226.000      4.88359e+00
227.000      4.17443e+00
228.000      3.57526e+00
229.000      3.17607e+00
230.000      3.05134e+00
231.000      3.25004e+00
232.000      3.79021e+00
233.000      4.65824e+00
234.000      5.81183e+00
235.000      7.18611e+00
236.000      8.70216e+00
237.000      1.02762e+01
238.000      1.18277e+01
239.000      1.32850e+01
240.000      1.45864e+01
241.000      1.56791e+01
242.000      1.65162e+01
243.000      1.70550e+01
244.000      1.72593e+01
245.000      1.71044e+01
246.000      1.65850e+01
247.000      1.57231e+01
248.000      1.45706e+01
249.000      1.32069e+01
250.000      1.17283e+01
251.000      1.02330e+01
252.000      8.80513e+00
253.000      7.50264e+00
254.000      6.35305e+00
255.000      5.35705e+00
256.000      4.49862e+00
257.000      3.75774e+00
258.000      3.12178e+00
259.000      2.59303e+00
260.000      2.19169e+00
261.000      1.95503e+00
262.000      1.93418e+00
263.000      2.18939e+00
264.000      2.78397e+00
265.000      3.77611e+00
266.000      5.20823e+00
267.000      7.09457e+00
268.000      9.40905e+00
269.000      1.20774e+01
270.000      1.49777e+01
271.000      1.79513e+01
272.000      2.08259e+01
273.000      2.34445e+01
274.000      2.56951e+01
275.000      2.75313e+01
276.000      2.89775e+01
277.000      3.01146e+01
278.000      3.10500e+01
279.000      3.18782e+01
280.000      3.26444e+01
281.000      3.33224e+01
282.000      3.38130e+01
283.000      3.39670e+01
284.000      3.36242e+01
285.000      3.26593e+01
286.000      3.10212e+01
287.000      2.87534e+01
288.000      2.59916e+01
289.000      2.29388e+01
290.000      1.98260e+01
291.000      1.68699e+01
292.000      1.42375e+01
293.000      1.20275e+01
294.000      1.02689e+01
295.000      8.93506e+00
296.000      7.96580e+00
297.000      7.28994e+00
298.000      6.84166e+00
299.000      6.56764e+00
300.000      6.42566e+00
301.000      6.37812e+00
302.000      6.38500e+00
303.000      6.40011e+00
304.000      6.37273e+00
305.000      6.25415e+00
306.000      6.00700e+00
307.000      5.61388e+00
308.000      5.08253e+00
309.000      4.44567e+00
310.000      3.75561e+00
311.000      3.07526e+00
312.000      2.46814e+00
313.000      1.98953e+00
314.000      1.68045e+00
315.000      1.56434e+00
316.000      1.64602e+00
317.000      1.91189e+00
318.000      2.33109e+00
319.000      2.85774e+00
320.000      3.43473e+00
321.000      3.99945e+00
322.000      4.49077e+00
323.000      4.85623e+00
324.000      5.05825e+00
325.000      5.07811e+00
326.000      4.91762e+00
327.000      4.59822e+00
328.000      4.15790e+00
329.000      3.64596e+00
330.000      3.11590e+00
331.000      2.61735e+00
332.000      2.18825e+00
333.000      1.84927e+00
334.000      1.60188e+00
335.000      1.43080e+00
336.000      1.31012e+00
337.000      1.21125e+00
338.000      1.11039e+00
339.000      9.93445e-01
340.000      8.57382e-01
341.000      7.08307e-01
342.000      5.57448e-01
343.000      4.16745e-01
344.000      2.95449e-01
345.000      1.98432e-01
346.000      1.26184e-01
347.000      7.59480e-02
348.000      4.32577e-02
349.000      2.33129e-02
350.000      1.18874e-02
351.000      5.73481e-03
352.000      2.61747e-03
353.000      1.13024e-03
354.000      4.61722e-04
355.000      1.78448e-04
356.000      6.52471e-05
357.000      2.25699e-05
358.000      7.38613e-06
359.000      2.28676e-06
360.000      6.69798e-07
361.000      1.85603e-07
362.000      4.86566e-08
363.000      1.20675e-08
364.000      2.83146e-09
365.000      6.28523e-10
366.000      1.31993e-10
367.000      2.62238e-11
368.000      4.92901e-12
369.000      8.76477e-13
370.000      1.47448e-13
371.000      2.34669e-14
372.000      3.53337e-15
373.000      5.03317e-16
374.000      6.78282e-17
375.000      8.64763e-18
376.000      1.04304e-18
377.000      1.19021e-19
378.000      1.28488e-20
379.000      1.31226e-21
380.000      1.26793e-22
381.000      1.15901e-23
382.000      1.00230e-24
383.000      8.20021e-26
384.000      6.34702e-27
385.000      4.64765e-28
386.000      3.21968e-29
387.000      2.11014e-30
388.000      1.30836e-31
389.000      7.67468e-33
390.000      4.25903e-34
391.000      2.23604e-35
392.000      1.11062e-36
393.000      5.21878e-38
394.000      2.32001e-39
395.000      9.75728e-41
396.000      3.88226e-42
397.000      1.46137e-43
398.000      5.20416e-45
399.000      1.75331e-46
400.000      5.58839e-48
401.000      1.68512e-49
402.000      4.80721e-51
403.000      1.29740e-52
404.000      3.31261e-54
405.000      8.00174e-56
406.000      1.82859e-57
407.000      3.95337e-59
408.000      8.08602e-61
409.000      1.56466e-62
410.000      2.86433e-64
411.000      4.96070e-66
412.000      8.12795e-68
413.000      1.25990e-69
414.000      1.84761e-71
415.000      2.56331e-73
416.000      3.36441e-75
417.000      4.17768e-77
418.000      4.90771e-79
419.000      5.45431e-81
420.000      5.73480e-83
421.000      5.70446e-85
422.000      5.36820e-87
423.000      4.77926e-89
424.000      4.02541e-91
425.000      3.20757e-93
426.000      2.41803e-95
427.000      1.72450e-97
428.000      1.16354e-99
429.000     7.42711e-102
430.000     4.48512e-104
431.000     2.56240e-106
432.000     1.38496e-108
433.000     7.08181e-111
434.000     3.42586e-113
435.000     1.56788e-115
436.000     6.78848e-118
437.000     2.78068e-120
438.000     1.07757e-122
439.000     3.95057e-125
440.000     1.37022e-127
441.000     4.49613e-130
442.000     1.39574e-132
443.000     4.09910e-135
444.000     1.13891e-137
445.000     2.99370e-140
446.000     7.44466e-143
447.000     1.75145e-145
448.000     3.89826e-148
449.000     8.20842e-151
450.000     1.63518e-153
451.000     3.08170e-156
452.000     5.49456e-159
453.000     9.26814e-162
454.000     1.47900e-164
455.000     2.23287e-167
456.000     3.18916e-170
457.000     4.30930e-173
458.000     5.50877e-176
459.000     6.66223e-179
460.000     7.62259e-182
461.000     8.25093e-185
462.000     8.44930e-188
463.000     8.18571e-191
464.000     7.50256e-194
465.000     6.50550e-197
466.000     5.33665e-200
467.000     4.14166e-203
468.000     3.04087e-206
469.000     2.11222e-209
470.000     1.38803e-212
471.000     8.62929e-216
472.000     5.07538e-219
473.000     2.82410e-222
474.000     1.48665e-225
475.000     7.40383e-229
476.000     3.48836e-232
477.000     1.55490e-235
478.000     6.55696e-239
479.000     2.61589e-242
480.000     9.87312e-246
481.000     3.52539e-249
482.000     1.19090e-252
483.000     3.80596e-256
484.000     1.15072e-259
485.000     3.29149e-263
486.000     8.90703e-267
487.000     2.28030e-270
488.000     5.52289e-274
489.000     1.26549e-277
490.000     2.74328e-281
491.000     5.62599e-285
492.000     1.09155e-288
493.000     2.00359e-292
494.000     3.47929e-296
495.000     5.71596e-300
496.000     8.88393e-304
497.000     1.30629e-307
498.000     1.81715e-311
499.000     2.39144e-315
500.000     2.97749e-319
