# Gaussian folded, width=10 cm^-1
# [cm^-1] arbitrary
0.000      3.00000e+00
1.000      2.91796e+00
2.000      2.68508e+00
3.000      2.33749e+00
4.000      1.92514e+00
5.000      1.50000e+00
6.000      1.10570e+00
7.000      7.71085e-01
8.000      5.08727e-01
9.000      3.17530e-01
10.000      1.87500e-01
11.000      1.04746e-01
12.000      5.53607e-02
13.000      2.76852e-02
14.000      1.31121e-02
15.000      5.91870e-03
16.000      2.65670e-03
17.000      1.48817e-03
18.000      1.69267e-03
19.000      3.45258e-03
20.000      7.96692e-03
21.000      1.79301e-02
22.000      3.83903e-02
23.000      7.79209e-02
24.000      1.49860e-01
25.000      2.73099e-01
26.000      4.71605e-01
27.000      7.71785e-01
28.000      1.19703e+00
29.000      1.75970e+00
30.000      2.45204e+00
31.000      3.23898e+00
32.000      4.05613e+00
33.000      4.81583e+00
34.000      5.42145e+00
35.000      5.78730e+00
36.000      5.85842e+00
37.000      5.62413e+00
38.000      5.12068e+00
39.000      4.42214e+00
40.000      3.62266e+00
41.000      2.81622e+00
42.000      2.07972e+00
43.000      1.46386e+00
44.000      9.92538e-01
45.000      6.69199e-01
46.000      4.86517e-01
47.000      4.35930e-01
48.000      5.14149e-01
49.000      7.25042e-01
50.000      1.07652e+00
51.000      1.57318e+00
52.000      2.20684e+00
53.000      2.94777e+00
54.000      3.74033e+00
55.000      4.50574e+00
56.000      5.15295e+00
57.000      5.59566e+00
58.000      5.77101e+00
59.000      5.65417e+00
60.000      5.26410e+00
61.000      4.65876e+00
62.000      3.92137e+00
63.000      3.14261e+00
64.000      2.40404e+00
65.000      1.76724e+00
66.000      1.27028e+00
67.000      9.30692e-01
68.000      7.52129e-01
69.000      7.31363e-01
70.000      8.63015e-01
71.000      1.14062e+00
72.000      1.55427e+00
73.000      2.08638e+00
74.000      2.70767e+00
75.000      3.37574e+00
76.000      4.03767e+00
77.000      4.63687e+00
78.000      5.12329e+00
79.000      5.46452e+00
80.000      5.65511e+00
81.000      5.72116e+00
82.000      5.71847e+00
83.000      5.72374e+00
84.000      5.82018e+00
85.000      6.08080e+00
86.000      6.55329e+00
87.000      7.25050e+00
88.000      8.14873e+00
89.000      9.19397e+00
90.000      1.03136e+01
91.000      1.14302e+01
92.000      1.24726e+01
93.000      1.33838e+01
94.000      1.41228e+01
95.000      1.46635e+01
96.000      1.49914e+01
97.000      1.51004e+01
98.000      1.49909e+01
99.000      1.46697e+01
100.000      1.41511e+01
101.000      1.34585e+01
102.000      1.26254e+01
103.000      1.16952e+01
104.000      1.07183e+01
105.000      9.74839e+00
106.000      8.83656e+00
107.000      8.02716e+00
108.000      7.35547e+00
109.000      6.84829e+00
110.000      6.52681e+00
111.000      6.40966e+00
112.000      6.51421e+00
113.000      6.85459e+00
114.000      7.43669e+00
115.000      8.25172e+00
116.000      9.27102e+00
117.000      1.04446e+01
118.000      1.17044e+01
119.000      1.29724e+01
120.000      1.41707e+01
121.000      1.52319e+01
122.000      1.61067e+01
123.000      1.67672e+01
124.000      1.72059e+01
125.000      1.74318e+01
126.000      1.74648e+01
127.000      1.73303e+01
128.000      1.70558e+01
129.000      1.66689e+01
130.000      1.61967e+01
131.000      1.56658e+01
132.000      1.51020e+01
133.000      1.45294e+01
134.000      1.39688e+01
135.000      1.34359e+01
136.000      1.29405e+01
137.000      1.24863e+01
138.000      1.20723e+01
139.000      1.16955e+01
140.000      1.13530e+01
141.000      1.10433e+01
142.000      1.07670e+01
143.000      1.05259e+01
144.000      1.03216e+01
145.000      1.01543e+01
146.000      1.00215e+01
147.000      9.91778e+00
148.000      9.83370e+00
149.000      9.75625e+00
150.000      9.66932e+00
151.000      9.55571e+00
152.000      9.40052e+00
153.000      9.19503e+00
154.000      8.93970e+00
155.000      8.64469e+00
156.000      8.32725e+00
157.000      8.00695e+00
158.000      7.70077e+00
159.000      7.42034e+00
160.000      7.17264e+00
161.000      6.96342e+00
162.000      6.80156e+00
163.000      6.70170e+00
164.000      6.68378e+00
165.000      6.76912e+00
166.000      6.97475e+00
167.000      7.30777e+00
168.000      7.76181e+00
169.000      8.31653e+00
170.000      8.93994e+00
171.000      9.59292e+00
172.000      1.02347e+01
173.000      1.08280e+01
174.000      1.13442e+01
175.000      1.17663e+01
176.000      1.20905e+01
177.000      1.23260e+01
178.000      1.24918e+01
179.000      1.26124e+01
180.000      1.27128e+01
181.000      1.28139e+01
182.000      1.29303e+01
183.000      1.30698e+01
184.000      1.32356e+01
185.000      1.34289e+01
186.000      1.36508e+01
187.000      1.39042e+01
188.000      1.41931e+01
189.000      1.45217e+01
190.000      1.48930e+01
191.000      1.53074e+01
192.000      1.57629e+01
193.000      1.62558e+01
194.000      1.67809e+01
195.000      1.73326e+01
196.000      1.79038e+01
197.000      1.84833e+01
198.000      1.90525e+01
199.000      1.95820e+01
200.000      2.00299e+01
201.000      2.03439e+01
202.000      2.04672e+01
203.000      2.03476e+01
204.000      1.99475e+01
205.000      1.92523e+01
206.000      1.82744e+01
207.000      1.70524e+01
208.000      1.56460e+01
209.000      1.41275e+01
210.000      1.25745e+01
211.000      1.10628e+01
212.000      9.66254e+00
213.000      8.43514e+00
214.000      7.43180e+00
215.000      6.69157e+00
216.000      6.23936e+00
217.000      6.08383e+00
218.000      6.21569e+00
219.000      6.60694e+00
220.000      7.21144e+00
221.000      7.96773e+00
222.000      8.80425e+00
223.000      9.64708e+00
224.000      1.04293e+01
225.000      1.11002e+01
226.000      1.16330e+01
227.000      1.20283e+01
228.000      1.23125e+01
229.000      1.25310e+01
230.000      1.27382e+01
231.000      1.29845e+01
232.000      1.33059e+01
233.000      1.37169e+01
234.000      1.42095e+01
235.000      1.47572e+01
236.000      1.53233e+01
237.000      1.58696e+01
238.000      1.63635e+01
239.000      1.67825e+01
240.000      1.71136e+01
241.000      1.73516e+01
242.000      1.74941e+01
243.000      1.75373e+01
244.000      1.74731e+01
245.000      1.72886e+01
246.000      1.69680e+01
247.000      1.64968e+01
248.000      1.58670e+01
249.000      1.50809e+01
250.000      1.41533e+01
251.000      1.31117e+01
252.000      1.19937e+01
253.000      1.08430e+01
254.000      9.70594e+00
255.000      8.62672e+00
256.000      7.64453e+00
257.000      6.79018e+00
258.000      6.08343e+00
259.000      5.53093e+00
260.000      5.12531e+00
261.000      4.84598e+00
262.000      4.66217e+00
263.000      4.53833e+00
264.000      4.44146e+00
265.000      4.34924e+00
266.000      4.25733e+00
267.000      4.18416e+00
268.000      4.17150e+00
269.000      4.28000e+00
270.000      4.58006e+00
271.000      5.13951e+00
272.000      6.01034e+00
273.000      7.21698e+00
274.000      8.74822e+00
275.000      1.05539e+01
276.000      1.25467e+01
277.000      1.46094e+01
278.000      1.66055e+01
279.000      1.83945e+01
280.000      1.98482e+01
281.000      2.08674e+01
282.000      2.13947e+01
283.000      2.14219e+01
284.000      2.09893e+01
285.000      2.01764e+01
286.000      1.90877e+01
287.000      1.78348e+01
288.000      1.65212e+01
289.000      1.52303e+01
290.000      1.40202e+01
291.000      1.29235e+01
292.000      1.19507e+01
293.000      1.10954e+01
294.000      1.03406e+01
295.000      9.66410e+00
296.000      9.04444e+00
297.000      8.46419e+00
298.000      7.91243e+00
299.000      7.38452e+00
300.000      6.88020e+00
301.000      6.40089e+00
302.000      5.94762e+00
303.000      5.52066e+00
304.000      5.12096e+00
305.000      4.75237e+00
306.000      4.42328e+00
307.000      4.14663e+00
308.000      3.93789e+00
309.000      3.81179e+00
310.000      3.77884e+00
311.000      3.84280e+00
312.000      3.99951e+00
313.000      4.23702e+00
314.000      4.53657e+00
315.000      4.87406e+00
316.000      5.22194e+00
317.000      5.55163e+00
318.000      5.83656e+00
319.000      6.05549e+00
320.000      6.19529e+00
321.000      6.25259e+00
322.000      6.23344e+00
323.000      6.15138e+00
324.000      6.02453e+00
325.000      5.87297e+00
326.000      5.71765e+00
327.000      5.58095e+00
328.000      5.48835e+00
329.000      5.46967e+00
330.000      5.55819e+00
331.000      5.78682e+00
332.000      6.18180e+00
333.000      6.75554e+00
334.000      7.50116e+00
335.000      8.39052e+00
336.000      9.37703e+00
337.000      1.04027e+01
338.000      1.14078e+01
339.000      1.23407e+01
340.000      1.31649e+01
341.000      1.38610e+01
342.000      1.44237e+01
343.000      1.48534e+01
344.000      1.51475e+01
345.000      1.52940e+01
346.000      1.52704e+01
347.000      1.50500e+01
348.000      1.46121e+01
349.000      1.39544e+01
350.000      1.30998e+01
351.000      1.20972e+01
352.000      1.10144e+01
353.000      9.92491e+00
354.000      8.89517e+00
355.000      7.97452e+00
356.000      7.19160e+00
357.000      6.55647e+00
358.000      6.06613e+00
359.000      5.70994e+00
360.000      5.47281e+00
361.000      5.33553e+00
362.000      5.27384e+00
363.000      5.25868e+00
364.000      5.25916e+00
365.000      5.24822e+00
366.000      5.20896e+00
367.000      5.13868e+00
368.000      5.04862e+00
369.000      4.95894e+00
370.000      4.89091e+00
371.000      4.85917e+00
372.000      4.86677e+00
373.000      4.90459e+00
374.000      4.95461e+00
375.000      4.99571e+00
376.000      5.00997e+00
377.000      4.98787e+00
378.000      4.93116e+00
379.000      4.85276e+00
380.000      4.77355e+00
381.000      4.71640e+00
382.000      4.69875e+00
383.000      4.72569e+00
384.000      4.78598e+00
385.000      4.85282e+00
386.000      4.88964e+00
387.000      4.85931e+00
388.000      4.73392e+00
389.000      4.50173e+00
390.000      4.16972e+00
391.000      3.76123e+00
392.000      3.31040e+00
393.000      2.85515e+00
394.000      2.43074e+00
395.000      2.06458e+00
396.000      1.77286e+00
397.000      1.55899e+00
398.000      1.41401e+00
399.000      1.31918e+00
400.000      1.25048e+00
401.000      1.18419e+00
402.000      1.10210e+00
403.000      9.95018e-01
404.000      8.63510e-01
405.000      7.15998e-01
406.000      5.65078e-01
407.000      4.23480e-01
408.000      3.00924e-01
409.000      2.02581e-01
410.000      1.29129e-01
411.000      7.79098e-02
412.000      4.44852e-02
413.000      2.40348e-02
414.000      1.22867e-02
415.000      5.94267e-03
416.000      2.71934e-03
417.000      1.17727e-03
418.000      4.82185e-04
419.000      1.86842e-04
420.000      6.84942e-05
421.000      2.37549e-05
422.000      7.79420e-06
423.000      2.41940e-06
424.000      7.10498e-07
425.000      1.97395e-07
426.000      5.18831e-08
427.000      1.29013e-08
428.000      3.03500e-09
429.000      6.75464e-10
430.000      1.42221e-10
431.000      2.83297e-11
432.000      5.33873e-12
433.000      9.51813e-13
434.000      1.60540e-13
435.000      2.56172e-14
436.000      3.86721e-15
437.000      5.52309e-16
438.000      7.46249e-17
439.000      9.53901e-18
440.000      1.15356e-18
441.000      1.31976e-19
442.000      1.42846e-20
443.000      1.46270e-21
444.000      1.41698e-22
445.000      1.29864e-23
446.000      1.12598e-24
447.000      9.23616e-26
448.000      7.16752e-27
449.000      5.26216e-28
450.000      3.65491e-29
451.000      2.40164e-30
452.000      1.49299e-31
453.000      8.78055e-33
454.000      4.88545e-34
455.000      2.57161e-35
456.000      1.28063e-36
457.000      6.03338e-38
458.000      2.68914e-39
459.000      1.13393e-40
460.000      4.52350e-42
461.000      1.70719e-43
462.000      6.09544e-45
463.000      2.05895e-46
464.000      6.57970e-48
465.000      1.98922e-49
466.000      5.68954e-51
467.000      1.53953e-52
468.000      3.94112e-54
469.000      9.54479e-56
470.000      2.18691e-57
471.000      4.74039e-59
472.000      9.72107e-61
473.000      1.88596e-62
474.000      3.46152e-64
475.000      6.01063e-66
476.000      9.87394e-68
477.000      1.53454e-69
478.000      2.25624e-71
479.000      3.13840e-73
480.000      4.12999e-75
481.000      5.14170e-77
482.000      6.05596e-79
483.000      6.74803e-81
484.000      7.11358e-83
485.000      7.09443e-85
486.000      6.69366e-87
487.000      5.97486e-89
488.000      5.04556e-91
489.000      4.03096e-93
490.000      3.04667e-95
491.000      2.17851e-97
492.000      1.47371e-99
493.000     9.43153e-102
494.000     5.71044e-104
495.000     3.27095e-106
496.000     1.77254e-108
497.000     9.08735e-111
498.000     4.40753e-113
499.000     2.02241e-115
500.000     8.77936e-118
