# Gaussian folded, width=10 cm^-1
# [cm^-1] arbitrary
0.000      3.00000e+00
1.000      2.91796e+00
2.000      2.68508e+00
3.000      2.33749e+00
4.000      1.92514e+00
5.000      1.50000e+00
6.000      1.10570e+00
7.000      7.71085e-01
8.000      5.08727e-01
9.000      3.17530e-01
10.000      1.87500e-01
11.000      1.04746e-01
12.000      5.53608e-02
13.000      2.76856e-02
14.000      1.31131e-02
15.000      5.92123e-03
16.000      2.66330e-03
17.000      1.50425e-03
18.000      1.72949e-03
19.000      3.53161e-03
20.000      8.12569e-03
21.000      1.82280e-02
22.000      3.89109e-02
23.000      7.87655e-02
24.000      1.51125e-01
25.000      2.74833e-01
26.000      4.73755e-01
27.000      7.74136e-01
28.000      1.19918e+00
29.000      1.76110e+00
30.000      2.45211e+00
31.000      3.23727e+00
32.000      4.05251e+00
33.000      4.81060e+00
34.000      5.41536e+00
35.000      5.78133e+00
36.000      5.85357e+00
37.000      5.62114e+00
38.000      5.11983e+00
39.000      4.42325e+00
40.000      3.62524e+00
41.000      2.81967e+00
42.000      2.08359e+00
43.000      1.46798e+00
44.000      9.97112e-01
45.000      6.74729e-01
46.000      4.93641e-01
47.000      4.45127e-01
48.000      5.25368e-01
49.000      7.37334e-01
50.000      1.08782e+00
51.000      1.58045e+00
52.000      2.20669e+00
53.000      2.93751e+00
54.000      3.71915e+00
55.000      4.47558e+00
56.000      5.11845e+00
57.000      5.56318e+00
58.000      5.74683e+00
59.000      5.64261e+00
60.000      5.26632e+00
61.000      4.67262e+00
62.000      3.94249e+00
63.000      3.16601e+00
64.000      2.42578e+00
65.000      1.78540e+00
66.000      1.28516e+00
67.000      9.44322e-01
68.000      7.67439e-01
69.000      7.51256e-01
70.000      8.89551e-01
71.000      1.17437e+00
72.000      1.59389e+00
73.000      2.12844e+00
74.000      2.74690e+00
75.000      3.40570e+00
76.000      4.05187e+00
77.000      4.63017e+00
78.000      5.09313e+00
79.000      5.41183e+00
80.000      5.58441e+00
81.000      5.64008e+00
82.000      5.63684e+00
83.000      5.65279e+00
84.000      5.77211e+00
85.000      6.06870e+00
86.000      6.59087e+00
87.000      7.35100e+00
88.000      8.32275e+00
89.000      9.44649e+00
90.000      1.06414e+01
91.000      1.18206e+01
92.000      1.29047e+01
93.000      1.38310e+01
94.000      1.45560e+01
95.000      1.50536e+01
96.000      1.53097e+01
97.000      1.53182e+01
98.000      1.50795e+01
99.000      1.46023e+01
100.000      1.39072e+01
101.000      1.30298e+01
102.000      1.20211e+01
103.000      1.09439e+01
104.000      9.86638e+00
105.000      8.85311e+00
106.000      7.95820e+00
107.000      7.22146e+00
108.000      6.66927e+00
109.000      6.31862e+00
110.000      6.18190e+00
111.000      6.26942e+00
112.000      6.58790e+00
113.000      7.13547e+00
114.000      7.89591e+00
115.000      8.83539e+00
116.000      9.90391e+00
117.000      1.10417e+01
118.000      1.21882e+01
119.000      1.32902e+01
120.000      1.43069e+01
121.000      1.52105e+01
122.000      1.59835e+01
123.000      1.66142e+01
124.000      1.70934e+01
125.000      1.74117e+01
126.000      1.75600e+01
127.000      1.75311e+01
128.000      1.73225e+01
129.000      1.69405e+01
130.000      1.64028e+01
131.000      1.57403e+01
132.000      1.49967e+01
133.000      1.42244e+01
134.000      1.34784e+01
135.000      1.28091e+01
136.000      1.22543e+01
137.000      1.18345e+01
138.000      1.15497e+01
139.000      1.13799e+01
140.000      1.12897e+01
141.000      1.12354e+01
142.000      1.11734e+01
143.000      1.10691e+01
144.000      1.09034e+01
145.000      1.06746e+01
146.000      1.03963e+01
147.000      1.00904e+01
148.000      9.77943e+00
149.000      9.47991e+00
150.000      9.19925e+00
151.000      8.93644e+00
152.000      8.68556e+00
153.000      8.44004e+00
154.000      8.19613e+00
155.000      7.95482e+00
156.000      7.72247e+00
157.000      7.51070e+00
158.000      7.33547e+00
159.000      7.21541e+00
160.000      7.16897e+00
161.000      7.21067e+00
162.000      7.34737e+00
163.000      7.57578e+00
164.000      7.88219e+00
165.000      8.24455e+00
166.000      8.63634e+00
167.000      9.03104e+00
168.000      9.40614e+00
169.000      9.74607e+00
170.000      1.00437e+01
171.000      1.03007e+01
172.000      1.05260e+01
173.000      1.07339e+01
174.000      1.09400e+01
175.000      1.11575e+01
176.000      1.13940e+01
177.000      1.16502e+01
178.000      1.19201e+01
179.000      1.21947e+01
180.000      1.24650e+01
181.000      1.27263e+01
182.000      1.29791e+01
183.000      1.32289e+01
184.000      1.34832e+01
185.000      1.37487e+01
186.000      1.40284e+01
187.000      1.43210e+01
188.000      1.46225e+01
189.000      1.49287e+01
190.000      1.52376e+01
191.000      1.55499e+01
192.000      1.58677e+01
193.000      1.61927e+01
194.000      1.65240e+01
195.000      1.68584e+01
196.000      1.71916e+01
197.000      1.75204e+01
198.000      1.78447e+01
199.000      1.81659e+01
200.000      1.84851e+01
201.000      1.87977e+01
202.000      1.90906e+01
203.000      1.93395e+01
204.000      1.95109e+01
205.000      1.95662e+01
206.000      1.94689e+01
207.000      1.91905e+01
208.000      1.87159e+01
209.000      1.80453e+01
210.000      1.71936e+01
211.000      1.61867e+01
212.000      1.50576e+01
213.000      1.38425e+01
214.000      1.25781e+01
215.000      1.13012e+01
216.000      1.00499e+01
217.000      8.86510e+00
218.000      7.79188e+00
219.000      6.87902e+00
220.000      6.17551e+00
221.000      5.72434e+00
222.000      5.55425e+00
223.000      5.67195e+00
224.000      6.05724e+00
225.000      6.66339e+00
226.000      7.42333e+00
227.000      8.26023e+00
228.000      9.09978e+00
229.000      9.88079e+00
230.000      1.05623e+01
231.000      1.11262e+01
232.000      1.15768e+01
233.000      1.19380e+01
234.000      1.22483e+01
235.000      1.25542e+01
236.000      1.29005e+01
237.000      1.33192e+01
238.000      1.38180e+01
239.000      1.43734e+01
240.000      1.49311e+01
241.000      1.54148e+01
242.000      1.57435e+01
243.000      1.58501e+01
244.000      1.56976e+01
245.000      1.52870e+01
246.000      1.46546e+01
247.000      1.38614e+01
248.000      1.29779e+01
249.000      1.20693e+01
250.000      1.11859e+01
251.000      1.03602e+01
252.000      9.60898e+00
253.000      8.93867e+00
254.000      8.35091e+00
255.000      7.84575e+00
256.000      7.42218e+00
257.000      7.07640e+00
258.000      6.79978e+00
259.000      6.57796e+00
260.000      6.39253e+00
261.000      6.22508e+00
262.000      6.06258e+00
263.000      5.90250e+00
264.000      5.75614e+00
265.000      5.64926e+00
266.000      5.62015e+00
267.000      5.71541e+00
268.000      5.98399e+00
269.000      6.46977e+00
270.000      7.20344e+00
271.000      8.19471e+00
272.000      9.42685e+00
273.000      1.08552e+01
274.000      1.24112e+01
275.000      1.40102e+01
276.000      1.55632e+01
277.000      1.69877e+01
278.000      1.82158e+01
279.000      1.92001e+01
280.000      1.99132e+01
281.000      2.03462e+01
282.000      2.05035e+01
283.000      2.03976e+01
284.000      2.00454e+01
285.000      1.94664e+01
286.000      1.86841e+01
287.000      1.77287e+01
288.000      1.66406e+01
289.000      1.54696e+01
290.000      1.42712e+01
291.000      1.30989e+01
292.000      1.19967e+01
293.000      1.09925e+01
294.000      1.00971e+01
295.000      9.30635e+00
296.000      8.60709e+00
297.000      7.98285e+00
298.000      7.41864e+00
299.000      6.90320e+00
300.000      6.42932e+00
301.000      5.99288e+00
302.000      5.59182e+00
303.000      5.22583e+00
304.000      4.89693e+00
305.000      4.61089e+00
306.000      4.37843e+00
307.000      4.21541e+00
308.000      4.14107e+00
309.000      4.17413e+00
310.000      4.32737e+00
311.000      4.60223e+00
312.000      4.98518e+00
313.000      5.44779e+00
314.000      5.95081e+00
315.000      6.45162e+00
316.000      6.91254e+00
317.000      7.30746e+00
318.000      7.62444e+00
319.000      7.86377e+00
320.000      8.03269e+00
321.000      8.13920e+00
322.000      8.18758e+00
323.000      8.17762e+00
324.000      8.10765e+00
325.000      7.98043e+00
326.000      7.80914e+00
327.000      7.62094e+00
328.000      7.45581e+00
329.000      7.36029e+00
330.000      7.37760e+00
331.000      7.53728e+00
332.000      7.84765e+00
333.000      8.29365e+00
334.000      8.84042e+00
335.000      9.44122e+00
336.000      1.00470e+01
337.000      1.06147e+01
338.000      1.11132e+01
339.000      1.15249e+01
340.000      1.18449e+01
341.000      1.20766e+01
342.000      1.22274e+01
343.000      1.23040e+01
344.000      1.23090e+01
345.000      1.22411e+01
346.000      1.20971e+01
347.000      1.18753e+01
348.000      1.15793e+01
349.000      1.12181e+01
350.000      1.08053e+01
351.000      1.03553e+01
352.000      9.87980e+00
353.000      9.38600e+00
354.000      8.87628e+00
355.000      8.35039e+00
356.000      7.80835e+00
357.000      7.25335e+00
358.000      6.69391e+00
359.000      6.14472e+00
360.000      5.62576e+00
361.000      5.15974e+00
362.000      4.76809e+00
363.000      4.46641e+00
364.000      4.26082e+00
365.000      4.14631e+00
366.000      4.10755e+00
367.000      4.12188e+00
368.000      4.16348e+00
369.000      4.20739e+00
370.000      4.23294e+00
371.000      4.22626e+00
372.000      4.18206e+00
373.000      4.10473e+00
374.000      4.00844e+00
375.000      3.91574e+00
376.000      3.85422e+00
377.000      3.85157e+00
378.000      3.92971e+00
379.000      4.09947e+00
380.000      4.35694e+00
381.000      4.68250e+00
382.000      5.04261e+00
383.000      5.39439e+00
384.000      5.69193e+00
385.000      5.89362e+00
386.000      5.96866e+00
387.000      5.90156e+00
388.000      5.69343e+00
389.000      5.36007e+00
390.000      4.92770e+00
391.000      4.42829e+00
392.000      3.89556e+00
393.000      3.36245e+00
394.000      2.85939e+00
395.000      2.41230e+00
396.000      2.04000e+00
397.000      1.75123e+00
398.000      1.54277e+00
399.000      1.39984e+00
400.000      1.29946e+00
401.000      1.21608e+00
402.000      1.12771e+00
403.000      1.02065e+00
404.000      8.91432e-01
405.000      7.45615e-01
406.000      5.94363e-01
407.000      4.50204e-01
408.000      3.23452e-01
409.000      2.20188e-01
410.000      1.41935e-01
411.000      8.66026e-02
412.000      5.00066e-02
413.000      2.73225e-02
414.000      1.41247e-02
415.000      6.90851e-03
416.000      3.19686e-03
417.000      1.39955e-03
418.000      5.79667e-04
419.000      2.27137e-04
420.000      8.42013e-05
421.000      2.95303e-05
422.000      9.79793e-06
423.000      3.07553e-06
424.000      9.13319e-07
425.000      2.56592e-07
426.000      6.81995e-08
427.000      1.71489e-08
428.000      4.07954e-09
429.000      9.18126e-10
430.000      1.95484e-10
431.000      3.93765e-11
432.000      7.50380e-12
433.000      1.35283e-12
434.000      2.30740e-13
435.000      3.72322e-14
436.000      5.68373e-15
437.000      8.20853e-16
438.000      1.12154e-16
439.000      1.44971e-17
440.000      1.77283e-18
441.000      2.05102e-19
442.000      2.24486e-20
443.000      2.32449e-21
444.000      2.27710e-22
445.000      2.11036e-23
446.000      1.85032e-24
447.000      1.53481e-25
448.000      1.20442e-26
449.000      8.94176e-28
450.000      6.28035e-29
451.000      4.17313e-30
452.000      2.62336e-31
453.000      1.56017e-32
454.000      8.77815e-34
455.000      4.67253e-35
456.000      2.35298e-36
457.000      1.12099e-37
458.000      5.05248e-39
459.000      2.15439e-40
460.000      8.69081e-42
461.000      3.31677e-43
462.000      1.19753e-44
463.000      4.09050e-46
464.000      1.32185e-47
465.000      4.04118e-49
466.000      1.16883e-50
467.000      3.19824e-52
468.000      8.27921e-54
469.000      2.02761e-55
470.000      4.69783e-57
471.000      1.02974e-58
472.000      2.13538e-60
473.000      4.18930e-62
474.000      7.77543e-64
475.000      1.36529e-65
476.000      2.26800e-67
477.000      3.56434e-69
478.000      5.29948e-71
479.000      7.45426e-73
480.000      9.91958e-75
481.000      1.24882e-76
482.000      1.48739e-78
483.000      1.67597e-80
484.000      1.78659e-82
485.000      1.80178e-84
486.000      1.71908e-86
487.000      1.55170e-88
488.000      1.32507e-90
489.000      1.07050e-92
490.000      8.18182e-95
491.000      5.91606e-97
492.000      4.04699e-99
493.000     2.61909e-101
494.000     1.60356e-103
495.000     9.28835e-106
496.000     5.08989e-108
497.000     2.63874e-110
498.000     1.29420e-112
499.000     6.00518e-115
500.000     2.63613e-117
