# Gaussian folded, width=10 cm^-1
# [cm^-1] arbitrary
0.000      3.00000e+00
1.000      2.91796e+00
2.000      2.68508e+00
3.000      2.33749e+00
4.000      1.92514e+00
5.000      1.50000e+00
6.000      1.10570e+00
7.000      7.71085e-01
8.000      5.08727e-01
9.000      3.17529e-01
10.000      1.87500e-01
11.000      1.04746e-01
12.000      5.53592e-02
13.000      2.76803e-02
14.000      1.30959e-02
15.000      5.86843e-03
16.000      2.50939e-03
17.000      1.07982e-03
18.000      6.22234e-04
19.000      7.99271e-04
20.000      1.74952e-03
21.000      4.16096e-03
22.000      9.58083e-03
23.000      2.09962e-02
24.000      4.36999e-02
25.000      8.63706e-02
26.000      1.62126e-01
27.000      2.89075e-01
28.000      4.89663e-01
29.000      7.88081e-01
30.000      1.20525e+00
31.000      1.75166e+00
32.000      2.41946e+00
33.000      3.17610e+00
34.000      3.96258e+00
35.000      4.69851e+00
36.000      5.29442e+00
37.000      5.66914e+00
38.000      5.76784e+00
39.000      5.57510e+00
40.000      5.11886e+00
41.000      4.46387e+00
42.000      3.69659e+00
43.000      2.90671e+00
44.000      2.17048e+00
45.000      1.54026e+00
46.000      1.04196e+00
47.000      6.79075e-01
48.000      4.41001e-01
49.000      3.12159e-01
50.000      2.79643e-01
51.000      3.37846e-01
52.000      4.89549e-01
53.000      7.43647e-01
54.000      1.11010e+00
55.000      1.59316e+00
56.000      2.18447e+00
57.000      2.85776e+00
58.000      3.56715e+00
59.000      4.25028e+00
60.000      4.83626e+00
61.000      5.25721e+00
62.000      5.46073e+00
63.000      5.42029e+00
64.000      5.14077e+00
65.000      4.65765e+00
66.000      4.03003e+00
67.000      3.32944e+00
68.000      2.62735e+00
69.000      1.98465e+00
70.000      1.44551e+00
71.000      1.03632e+00
72.000      7.69172e-01
73.000      6.47568e-01
74.000      6.71946e-01
75.000      8.42754e-01
76.000      1.15990e+00
77.000      1.61870e+00
78.000      2.20399e+00
79.000      2.88474e+00
80.000      3.61216e+00
81.000      4.32307e+00
82.000      4.94923e+00
83.000      5.43063e+00
84.000      5.72952e+00
85.000      5.84077e+00
86.000      5.79508e+00
87.000      5.65357e+00
88.000      5.49512e+00
89.000      5.39994e+00
90.000      5.43410e+00
91.000      5.63919e+00
92.000      6.02905e+00
93.000      6.59313e+00
94.000      7.30401e+00
95.000      8.12540e+00
96.000      9.01825e+00
97.000      9.94348e+00
98.000      1.08620e+01
99.000      1.17340e+01
100.000      1.25181e+01
101.000      1.31734e+01
102.000      1.36621e+01
103.000      1.39535e+01
104.000      1.40275e+01
105.000      1.38768e+01
106.000      1.35080e+01
107.000      1.29411e+01
108.000      1.22084e+01
109.000      1.13527e+01
110.000      1.04254e+01
111.000      9.48282e+00
112.000      8.58194e+00
113.000      7.77547e+00
114.000      7.10719e+00
115.000      6.60895e+00
116.000      6.30000e+00
117.000      6.18823e+00
118.000      6.27226e+00
119.000      6.54291e+00
120.000      6.98331e+00
121.000      7.56823e+00
122.000      8.26386e+00
123.000      9.02961e+00
124.000      9.82250e+00
125.000      1.06030e+01
126.000      1.13410e+01
127.000      1.20187e+01
128.000      1.26307e+01
129.000      1.31802e+01
130.000      1.36735e+01
131.000      1.41135e+01
132.000      1.44959e+01
133.000      1.48080e+01
134.000      1.50300e+01
135.000      1.51399e+01
136.000      1.51196e+01
137.000      1.49604e+01
138.000      1.46673e+01
139.000      1.42593e+01
140.000      1.37664e+01
141.000      1.32239e+01
142.000      1.26651e+01
143.000      1.21163e+01
144.000      1.15938e+01
145.000      1.11049e+01
146.000      1.06502e+01
147.000      1.02283e+01
148.000      9.83830e+00
149.000      9.48199e+00
150.000      9.16364e+00
151.000      8.88917e+00
152.000      8.66452e+00
153.000      8.49425e+00
154.000      8.38032e+00
155.000      8.32143e+00
156.000      8.31266e+00
157.000      8.34568e+00
158.000      8.40954e+00
159.000      8.49224e+00
160.000      8.58276e+00
161.000      8.67287e+00
162.000      8.75788e+00
163.000      8.83562e+00
164.000      8.90392e+00
165.000      8.95773e+00
166.000      8.98764e+00
167.000      8.98116e+00
168.000      8.92702e+00
169.000      8.82108e+00
170.000      8.67139e+00
171.000      8.49991e+00
172.000      8.33929e+00
173.000      8.22539e+00
174.000      8.18769e+00
175.000      8.24108e+00
176.000      8.38189e+00
177.000      8.58985e+00
178.000      8.83498e+00
179.000      9.08718e+00
180.000      9.32490e+00
181.000      9.54016e+00
182.000      9.73851e+00
183.000      9.93442e+00
184.000      1.01442e+01
185.000      1.03790e+01
186.000      1.06403e+01
187.000      1.09194e+01
188.000      1.11996e+01
189.000      1.14620e+01
190.000      1.16900e+01
191.000      1.18734e+01
192.000      1.20090e+01
193.000      1.20986e+01
194.000      1.21452e+01
195.000      1.21500e+01
196.000      1.21114e+01
197.000      1.20263e+01
198.000      1.18941e+01
199.000      1.17207e+01
200.000      1.15196e+01
201.000      1.13111e+01
202.000      1.11179e+01
203.000      1.09593e+01
204.000      1.08469e+01
205.000      1.07829e+01
206.000      1.07612e+01
207.000      1.07701e+01
208.000      1.07959e+01
209.000      1.08253e+01
210.000      1.08455e+01
211.000      1.08446e+01
212.000      1.08103e+01
213.000      1.07314e+01
214.000      1.06002e+01
215.000      1.04164e+01
216.000      1.01918e+01
217.000      9.95180e+00
218.000      9.73433e+00
219.000      9.58347e+00
220.000      9.53989e+00
221.000      9.63038e+00
222.000      9.85990e+00
223.000      1.02089e+01
224.000      1.06372e+01
225.000      1.10926e+01
226.000      1.15222e+01
227.000      1.18825e+01
228.000      1.21463e+01
229.000      1.23042e+01
230.000      1.23629e+01
231.000      1.23402e+01
232.000      1.22602e+01
233.000      1.21477e+01
234.000      1.20252e+01
235.000      1.19093e+01
236.000      1.18094e+01
237.000      1.17266e+01
238.000      1.16544e+01
239.000      1.15810e+01
240.000      1.14941e+01
241.000      1.13855e+01
242.000      1.12550e+01
243.000      1.11120e+01
244.000      1.09731e+01
245.000      1.08569e+01
246.000      1.07769e+01
247.000      1.07365e+01
248.000      1.07254e+01
249.000      1.07210e+01
250.000      1.06922e+01
251.000      1.06071e+01
252.000      1.04397e+01
253.000      1.01762e+01
254.000      9.81931e+00
255.000      9.38836e+00
256.000      8.91775e+00
257.000      8.45195e+00
258.000      8.03891e+00
259.000      7.72229e+00
260.000      7.53361e+00
261.000      7.48588e+00
262.000      7.56986e+00
263.000      7.75458e+00
264.000      7.99217e+00
265.000      8.22631e+00
266.000      8.40216e+00
267.000      8.47500e+00
268.000      8.41556e+00
269.000      8.21137e+00
270.000      7.86507e+00
271.000      7.39199e+00
272.000      6.81864e+00
273.000      6.18274e+00
274.000      5.53338e+00
275.000      4.92910e+00
276.000      4.43225e+00
277.000      4.09962e+00
278.000      3.97132e+00
279.000      4.06162e+00
280.000      4.35501e+00
281.000      4.80952e+00
282.000      5.36678e+00
283.000      5.96565e+00
284.000      6.55543e+00
285.000      7.10420e+00
286.000      7.60026e+00
287.000      8.04680e+00
288.000      8.45237e+00
289.000      8.82092e+00
290.000      9.14497e+00
291.000      9.40388e+00
292.000      9.56767e+00
293.000      9.60494e+00
294.000      9.49270e+00
295.000      9.22526e+00
296.000      8.81939e+00
297.000      8.31350e+00
298.000      7.76033e+00
299.000      7.21451e+00
300.000      6.71877e+00
301.000      6.29369e+00
302.000      5.93511e+00
303.000      5.62065e+00
304.000      5.32305e+00
305.000      5.02526e+00
306.000      4.73098e+00
307.000      4.46666e+00
308.000      4.27418e+00
309.000      4.19740e+00
310.000      4.26802e+00
311.000      4.49595e+00
312.000      4.86706e+00
313.000      5.34822e+00
314.000      5.89689e+00
315.000      6.47130e+00
316.000      7.03834e+00
317.000      7.57754e+00
318.000      8.08138e+00
319.000      8.55324e+00
320.000      9.00398e+00
321.000      9.44787e+00
322.000      9.89812e+00
323.000      1.03625e+01
324.000      1.08400e+01
325.000      1.13205e+01
326.000      1.17873e+01
327.000      1.22238e+01
328.000      1.26206e+01
329.000      1.29809e+01
330.000      1.33221e+01
331.000      1.36720e+01
332.000      1.40614e+01
333.000      1.45156e+01
334.000      1.50488e+01
335.000      1.56610e+01
336.000      1.63403e+01
337.000      1.70669e+01
338.000      1.78183e+01
339.000      1.85727e+01
340.000      1.93104e+01
341.000      2.00129e+01
342.000      2.06609e+01
343.000      2.12328e+01
344.000      2.17047e+01
345.000      2.20532e+01
346.000      2.22588e+01
347.000      2.23107e+01
348.000      2.22088e+01
349.000      2.19647e+01
350.000      2.15982e+01
351.000      2.11328e+01
352.000      2.05900e+01
353.000      1.99849e+01
354.000      1.93249e+01
355.000      1.86111e+01
356.000      1.78426e+01
357.000      1.70214e+01
358.000      1.61553e+01
359.000      1.52583e+01
360.000      1.43488e+01
361.000      1.34458e+01
362.000      1.25665e+01
363.000      1.17247e+01
364.000      1.09320e+01
365.000      1.01985e+01
366.000      9.53284e+00
367.000      8.94111e+00
368.000      8.42514e+00
369.000      7.98161e+00
370.000      7.60325e+00
371.000      7.28206e+00
372.000      7.01306e+00
373.000      6.79681e+00
374.000      6.63919e+00
375.000      6.54879e+00
376.000      6.53330e+00
377.000      6.59691e+00
378.000      6.73977e+00
379.000      6.95929e+00
380.000      7.25138e+00
381.000      7.60994e+00
382.000      8.02376e+00
383.000      8.47197e+00
384.000      8.92035e+00
385.000      9.32126e+00
386.000      9.61864e+00
387.000      9.75767e+00
388.000      9.69659e+00
389.000      9.41740e+00
390.000      8.93202e+00
391.000      8.28194e+00
392.000      7.53107e+00
393.000      6.75357e+00
394.000      6.01977e+00
395.000      5.38367e+00
396.000      4.87512e+00
397.000      4.49828e+00
398.000      4.23608e+00
399.000      4.05870e+00
400.000      3.93307e+00
401.000      3.83035e+00
402.000      3.72942e+00
403.000      3.61641e+00
404.000      3.48176e+00
405.000      3.31726e+00
406.000      3.11521e+00
407.000      2.87031e+00
408.000      2.58314e+00
409.000      2.26331e+00
410.000      1.93003e+00
411.000      1.60950e+00
412.000      1.32948e+00
413.000      1.11292e+00
414.000      9.72518e-01
415.000      9.07841e-01
416.000      9.05502e-01
417.000      9.42318e-01
418.000      9.90500e-01
419.000      1.02361e+00
420.000      1.02191e+00
421.000      9.75715e-01
422.000      8.86244e-01
423.000      7.63674e-01
424.000      6.23425e-01
425.000      4.81814e-01
426.000      3.52405e-01
427.000      2.43892e-01
428.000      1.59701e-01
429.000      9.89362e-02
430.000      5.79868e-02
431.000      3.21533e-02
432.000      1.68671e-02
433.000      8.37096e-03
434.000      3.93032e-03
435.000      1.74582e-03
436.000      7.33647e-04
437.000      2.91671e-04
438.000      1.09703e-04
439.000      3.90354e-05
440.000      1.31407e-05
441.000      4.18498e-06
442.000      1.26092e-06
443.000      3.59418e-07
444.000      9.69234e-08
445.000      2.47272e-08
446.000      5.96815e-09
447.000      1.36277e-09
448.000      2.94389e-10
449.000      6.01643e-11
450.000      1.16325e-11
451.000      2.12778e-12
452.000      3.68211e-13
453.000      6.02816e-14
454.000      9.33662e-15
455.000      1.36808e-15
456.000      1.89650e-16
457.000      2.48720e-17
458.000      3.08594e-18
459.000      3.62227e-19
460.000      4.02246e-20
461.000      4.22591e-21
462.000      4.20016e-22
463.000      3.94939e-23
464.000      3.51327e-24
465.000      2.95672e-25
466.000      2.35411e-26
467.000      1.77321e-27
468.000      1.26361e-28
469.000      8.51886e-30
470.000      5.43336e-31
471.000      3.27848e-32
472.000      1.87152e-33
473.000      1.01073e-34
474.000      5.16407e-36
475.000      2.49613e-37
476.000      1.14146e-38
477.000      4.93821e-40
478.000      2.02114e-41
479.000      7.82605e-43
480.000      2.86685e-44
481.000      9.93542e-46
482.000      3.25750e-47
483.000      1.01042e-48
484.000      2.96506e-50
485.000      8.23160e-52
486.000      2.16199e-53
487.000      5.37204e-55
488.000      1.26282e-56
489.000      2.80843e-58
490.000      5.90885e-60
491.000      1.17614e-61
492.000      2.21480e-63
493.000      3.94571e-65
494.000      6.65020e-67
495.000      1.06038e-68
496.000      1.59958e-70
497.000      2.28280e-72
498.000      3.08211e-74
499.000      3.93682e-76
500.000      4.75730e-78
