# Gaussian folded, width=10 cm^-1
# [cm^-1] arbitrary
0.000      3.00000e+00
1.000      2.91796e+00
2.000      2.68508e+00
3.000      2.33749e+00
4.000      1.92514e+00
5.000      1.50000e+00
6.000      1.10570e+00
7.000      7.71085e-01
8.000      5.08727e-01
9.000      3.17530e-01
10.000      1.87500e-01
11.000      1.04746e-01
12.000      5.53615e-02
13.000      2.76880e-02
14.000      1.31205e-02
15.000      5.94214e-03
16.000      2.71887e-03
17.000      1.64315e-03
18.000      2.05563e-03
19.000      4.25010e-03
20.000      9.60840e-03
21.000      2.10883e-02
22.000      4.40547e-02
23.000      8.73555e-02
24.000      1.64373e-01
25.000      2.93540e-01
26.000      4.97600e-01
27.000      8.00847e-01
28.000      1.22392e+00
29.000      1.77649e+00
30.000      2.44933e+00
31.000      3.20823e+00
32.000      3.99273e+00
33.000      4.72173e+00
34.000      5.30625e+00
35.000      5.66694e+00
36.000      5.75161e+00
37.000      5.54760e+00
38.000      5.08491e+00
39.000      4.42908e+00
40.000      3.66617e+00
41.000      2.88478e+00
42.000      2.16028e+00
43.000      1.54541e+00
44.000      1.06836e+00
45.000      7.37505e-01
46.000      5.49519e-01
47.000      4.97919e-01
48.000      5.79057e-01
49.000      7.94022e-01
50.000      1.14610e+00
51.000      1.63466e+00
52.000      2.24736e+00
53.000      2.95338e+00
54.000      3.70039e+00
55.000      4.41734e+00
56.000      5.02361e+00
57.000      5.44291e+00
58.000      5.61862e+00
59.000      5.52611e+00
60.000      5.17835e+00
61.000      4.62314e+00
62.000      3.93276e+00
63.000      3.18926e+00
64.000      2.46986e+00
65.000      1.83610e+00
66.000      1.32914e+00
67.000      9.70918e-01
68.000      7.69395e-01
69.000      7.24936e-01
70.000      8.35158e-01
71.000      1.09649e+00
72.000      1.50221e+00
73.000      2.03793e+00
74.000      2.67699e+00
75.000      3.37777e+00
76.000      4.08540e+00
77.000      4.73826e+00
78.000      5.27864e+00
79.000      5.66502e+00
80.000      5.88265e+00
81.000      5.94936e+00
82.000      5.91432e+00
83.000      5.84995e+00
84.000      5.83888e+00
85.000      5.95924e+00
86.000      6.27195e+00
87.000      6.81230e+00
88.000      7.58681e+00
89.000      8.57426e+00
90.000      9.72932e+00
91.000      1.09874e+01
92.000      1.22701e+01
93.000      1.34911e+01
94.000      1.45637e+01
95.000      1.54083e+01
96.000      1.59604e+01
97.000      1.61769e+01
98.000      1.60408e+01
99.000      1.55633e+01
100.000      1.47826e+01
101.000      1.37612e+01
102.000      1.25803e+01
103.000      1.13311e+01
104.000      1.01054e+01
105.000      8.98426e+00
106.000      8.03034e+00
107.000      7.28318e+00
108.000      6.76035e+00
109.000      6.46278e+00
110.000      6.38207e+00
111.000      6.50665e+00
112.000      6.82479e+00
113.000      7.32377e+00
114.000      7.98683e+00
115.000      8.79003e+00
116.000      9.70110e+00
117.000      1.06812e+01
118.000      1.16888e+01
119.000      1.26844e+01
120.000      1.36338e+01
121.000      1.45105e+01
122.000      1.52947e+01
123.000      1.59730e+01
124.000      1.65355e+01
125.000      1.69746e+01
126.000      1.72830e+01
127.000      1.74537e+01
128.000      1.74793e+01
129.000      1.73535e+01
130.000      1.70729e+01
131.000      1.66391e+01
132.000      1.60623e+01
133.000      1.53631e+01
134.000      1.45735e+01
135.000      1.37359e+01
136.000      1.28994e+01
137.000      1.21138e+01
138.000      1.14226e+01
139.000      1.08573e+01
140.000      1.04327e+01
141.000      1.01460e+01
142.000      9.97867e+00
143.000      9.89962e+00
144.000      9.87008e+00
145.000      9.84863e+00
146.000      9.79648e+00
147.000      9.68291e+00
148.000      9.49018e+00
149.000      9.21700e+00
150.000      8.87939e+00
151.000      8.50818e+00
152.000      8.14328e+00
153.000      7.82571e+00
154.000      7.58926e+00
155.000      7.45361e+00
156.000      7.42059e+00
157.000      7.47437e+00
158.000      7.58560e+00
159.000      7.71864e+00
160.000      7.84034e+00
161.000      7.92809e+00
162.000      7.97514e+00
163.000      7.99155e+00
164.000      8.00039e+00
165.000      8.03045e+00
166.000      8.10779e+00
167.000      8.24905e+00
168.000      8.45841e+00
169.000      8.72874e+00
170.000      9.04598e+00
171.000      9.39447e+00
172.000      9.76133e+00
173.000      1.01385e+01
174.000      1.05221e+01
175.000      1.09107e+01
176.000      1.13018e+01
177.000      1.16903e+01
178.000      1.20675e+01
179.000      1.24222e+01
180.000      1.27442e+01
181.000      1.30285e+01
182.000      1.32793e+01
183.000      1.35129e+01
184.000      1.37561e+01
185.000      1.40406e+01
186.000      1.43947e+01
187.000      1.48333e+01
188.000      1.53505e+01
189.000      1.59176e+01
190.000      1.64880e+01
191.000      1.70077e+01
192.000      1.74290e+01
193.000      1.77233e+01
194.000      1.78897e+01
195.000      1.79558e+01
196.000      1.79715e+01
197.000      1.79972e+01
198.000      1.80885e+01
199.000      1.82828e+01
200.000      1.85905e+01
201.000      1.89924e+01
202.000      1.94447e+01
203.000      1.98881e+01
204.000      2.02586e+01
205.000      2.04968e+01
206.000      2.05540e+01
207.000      2.03936e+01
208.000      1.99909e+01
209.000      1.93327e+01
210.000      1.84182e+01
211.000      1.72629e+01
212.000      1.59023e+01
213.000      1.43945e+01
214.000      1.28187e+01
215.000      1.12667e+01
216.000      9.83162e+00
217.000      8.59358e+00
218.000      7.60963e+00
219.000      6.90874e+00
220.000      6.49332e+00
221.000      6.34540e+00
222.000      6.43383e+00
223.000      6.71963e+00
224.000      7.15825e+00
225.000      7.70006e+00
226.000      8.29150e+00
227.000      8.87952e+00
228.000      9.41957e+00
229.000      9.88514e+00
230.000      1.02749e+01
231.000      1.06138e+01
232.000      1.09464e+01
233.000      1.13240e+01
234.000      1.17885e+01
235.000      1.23596e+01
236.000      1.30272e+01
237.000      1.37518e+01
238.000      1.44718e+01
239.000      1.51149e+01
240.000      1.56111e+01
241.000      1.59031e+01
242.000      1.59545e+01
243.000      1.57527e+01
244.000      1.53083e+01
245.000      1.46512e+01
246.000      1.38250e+01
247.000      1.28804e+01
248.000      1.18699e+01
249.000      1.08443e+01
250.000      9.85007e+00
251.000      8.92948e+00
252.000      8.12058e+00
253.000      7.45746e+00
254.000      6.96954e+00
255.000      6.67931e+00
256.000      6.59870e+00
257.000      6.72460e+00
258.000      7.03467e+00
259.000      7.48494e+00
260.000      8.01063e+00
261.000      8.53099e+00
262.000      8.95858e+00
263.000      9.21203e+00
264.000      9.23060e+00
265.000      8.98778e+00
266.000      8.50079e+00
267.000      7.83331e+00
268.000      7.08967e+00
269.000      6.40123e+00
270.000      5.90703e+00
271.000      5.73259e+00
272.000      5.97069e+00
273.000      6.66735e+00
274.000      7.81467e+00
275.000      9.35130e+00
276.000      1.11700e+01
277.000      1.31311e+01
278.000      1.50802e+01
279.000      1.68668e+01
280.000      1.83625e+01
281.000      1.94738e+01
282.000      2.01492e+01
283.000      2.03802e+01
284.000      2.01958e+01
285.000      1.96542e+01
286.000      1.88324e+01
287.000      1.78157e+01
288.000      1.66885e+01
289.000      1.55257e+01
290.000      1.43862e+01
291.000      1.33096e+01
292.000      1.23158e+01
293.000      1.14076e+01
294.000      1.05769e+01
295.000      9.81161e+00
296.000      9.10175e+00
297.000      8.44312e+00
298.000      7.83800e+00
299.000      7.29291e+00
300.000      6.81477e+00
301.000      6.40683e+00
302.000      6.06583e+00
303.000      5.78144e+00
304.000      5.53827e+00
305.000      5.31992e+00
306.000      5.11363e+00
307.000      4.91381e+00
308.000      4.72278e+00
309.000      4.54849e+00
310.000      4.40002e+00
311.000      4.28280e+00
312.000      4.19566e+00
313.000      4.13095e+00
314.000      4.07737e+00
315.000      4.02439e+00
316.000      3.96626e+00
317.000      3.90439e+00
318.000      3.84769e+00
319.000      3.81119e+00
320.000      3.81388e+00
321.000      3.87641e+00
322.000      4.01927e+00
323.000      4.26137e+00
324.000      4.61898e+00
325.000      5.10490e+00
326.000      5.72727e+00
327.000      6.48787e+00
328.000      7.37932e+00
329.000      8.38165e+00
330.000      9.45902e+00
331.000      1.05581e+01
332.000      1.16102e+01
333.000      1.25377e+01
334.000      1.32652e+01
335.000      1.37326e+01
336.000      1.39072e+01
337.000      1.37919e+01
338.000      1.34260e+01
339.000      1.28791e+01
340.000      1.22399e+01
341.000      1.16021e+01
342.000      1.10505e+01
343.000      1.06503e+01
344.000      1.04393e+01
345.000      1.04236e+01
346.000      1.05774e+01
347.000      1.08465e+01
348.000      1.11564e+01
349.000      1.14249e+01
350.000      1.15766e+01
351.000      1.15569e+01
352.000      1.13405e+01
353.000      1.09342e+01
354.000      1.03722e+01
355.000      9.70716e+00
356.000      9.00005e+00
357.000      8.31027e+00
358.000      7.68870e+00
359.000      7.17263e+00
360.000      6.78237e+00
361.000      6.51950e+00
362.000      6.36713e+00
363.000      6.29310e+00
364.000      6.25652e+00
365.000      6.21675e+00
366.000      6.14262e+00
367.000      6.01920e+00
368.000      5.84975e+00
369.000      5.65200e+00
370.000      5.45009e+00
371.000      5.26530e+00
372.000      5.10891e+00
373.000      4.97981e+00
374.000      4.86733e+00
375.000      4.75744e+00
376.000      4.63955e+00
377.000      4.51091e+00
378.000      4.37725e+00
379.000      4.25012e+00
380.000      4.14251e+00
381.000      4.06447e+00
382.000      4.02017e+00
383.000      4.00652e+00
384.000      4.01330e+00
385.000      4.02447e+00
386.000      4.02064e+00
387.000      3.98236e+00
388.000      3.89384e+00
389.000      3.74610e+00
390.000      3.53879e+00
391.000      3.28025e+00
392.000      2.98590e+00
393.000      2.67561e+00
394.000      2.37073e+00
395.000      2.09099e+00
396.000      1.85165e+00
397.000      1.66093e+00
398.000      1.51842e+00
399.000      1.41502e+00
400.000      1.33504e+00
401.000      1.26005e+00
402.000      1.17369e+00
403.000      1.06577e+00
404.000      9.34404e-01
405.000      7.85498e-01
406.000      6.30149e-01
407.000      4.80922e-01
408.000      3.48468e-01
409.000      2.39414e-01
410.000      1.55838e-01
411.000      9.60536e-02
412.000      5.60430e-02
413.000      3.09462e-02
414.000      1.61701e-02
415.000      7.99468e-03
416.000      3.73980e-03
417.000      1.65516e-03
418.000      6.93052e-04
419.000      2.74549e-04
420.000      1.02896e-04
421.000      3.64838e-05
422.000      1.22383e-05
423.000      3.88385e-06
424.000      1.16606e-06
425.000      3.31207e-07
426.000      8.90011e-08
427.000      2.26261e-08
428.000      5.44178e-09
429.000      1.23820e-09
430.000      2.66537e-10
431.000      5.42803e-11
432.000      1.04579e-11
433.000      1.90618e-12
434.000      3.28702e-13
435.000      5.36238e-14
436.000      8.27618e-15
437.000      1.20843e-15
438.000      1.66928e-16
439.000      2.18149e-17
440.000      2.69710e-18
441.000      3.15470e-19
442.000      3.49089e-20
443.000      3.65454e-21
444.000      3.61948e-22
445.000      3.39139e-23
446.000      3.00626e-24
447.000      2.52111e-25
448.000      2.00021e-26
449.000      1.50134e-27
450.000      1.06610e-28
451.000      7.16200e-30
452.000      4.55186e-31
453.000      2.73691e-32
454.000      1.55686e-33
455.000      8.37833e-35
456.000      4.26562e-36
457.000      2.05459e-37
458.000      9.36235e-39
459.000      4.03610e-40
460.000      1.64611e-41
461.000      6.35141e-43
462.000      2.31847e-44
463.000      8.00661e-46
464.000      2.61586e-47
465.000      8.08533e-49
466.000      2.36428e-50
467.000      6.54059e-52
468.000      1.71180e-53
469.000      4.23844e-55
470.000      9.92837e-57
471.000      2.20022e-58
472.000      4.61289e-60
473.000      9.14949e-62
474.000      1.71687e-63
475.000      3.04788e-65
476.000      5.11888e-67
477.000      8.13334e-69
478.000      1.22259e-70
479.000      1.73864e-72
480.000      2.33915e-74
481.000      2.97730e-76
482.000      3.58513e-78
483.000      4.08418e-80
484.000      4.40172e-82
485.000      4.48805e-84
486.000      4.32923e-86
487.000      3.95077e-88
488.000      3.41090e-90
489.000      2.78596e-92
490.000      2.15277e-94
491.000      1.57376e-96
492.000      1.08842e-98
493.000     7.12153e-101
494.000     4.40826e-103
495.000     2.58154e-105
496.000     1.43023e-107
497.000     7.49642e-110
498.000     3.71722e-112
499.000     1.74381e-114
500.000     7.73924e-117
