# Gaussian folded, width=10 cm^-1
# [cm^-1] arbitrary
0.000      3.00000e+00
1.000      2.91796e+00
2.000      2.68508e+00
3.000      2.33749e+00
4.000      1.92514e+00
5.000      1.50000e+00
6.000      1.10570e+00
7.000      7.71085e-01
8.000      5.08727e-01
9.000      3.17530e-01
10.000      1.87501e-01
11.000      1.04749e-01
12.000      5.53718e-02
13.000      2.77203e-02
14.000      1.32166e-02
15.000      6.21341e-03
16.000      3.44259e-03
17.000      3.46872e-03
18.000      6.40859e-03
19.000      1.40588e-02
20.000      3.04887e-02
21.000      6.30612e-02
22.000      1.23684e-01
23.000      2.29835e-01
24.000      4.04594e-01
25.000      6.74722e-01
26.000      1.06597e+00
27.000      1.59547e+00
28.000      2.26238e+00
29.000      3.03939e+00
30.000      3.86862e+00
31.000      4.66532e+00
32.000      5.33051e+00
33.000      5.77062e+00
34.000      5.91898e+00
35.000      5.75238e+00
36.000      5.29713e+00
37.000      4.62244e+00
38.000      3.82364e+00
39.000      3.00101e+00
40.000      2.24112e+00
41.000      1.60568e+00
42.000      1.12956e+00
43.000      8.26357e-01
44.000      6.97625e-01
45.000      7.41309e-01
46.000      9.56162e-01
47.000      1.34054e+00
48.000      1.88624e+00
49.000      2.56983e+00
50.000      3.34540e+00
51.000      4.14247e+00
52.000      4.87186e+00
53.000      5.43942e+00
54.000      5.76475e+00
55.000      5.79926e+00
56.000      5.53790e+00
57.000      5.02041e+00
58.000      4.32176e+00
59.000      3.53504e+00
60.000      2.75251e+00
61.000      2.05027e+00
62.000      1.48031e+00
63.000      1.07027e+00
64.000      8.29022e-01
65.000      7.54344e-01
66.000      8.39504e-01
67.000      1.07648e+00
68.000      1.45541e+00
69.000      1.96119e+00
70.000      2.56937e+00
71.000      3.24357e+00
72.000      3.93632e+00
73.000      4.59437e+00
74.000      5.16798e+00
75.000      5.62224e+00
76.000      5.94762e+00
77.000      6.16612e+00
78.000      6.33047e+00
79.000      6.51525e+00
80.000      6.80160e+00
81.000      7.25892e+00
82.000      7.92882e+00
83.000      8.81568e+00
84.000      9.88616e+00
85.000      1.10774e+01
86.000      1.23107e+01
87.000      1.35053e+01
88.000      1.45895e+01
89.000      1.55051e+01
90.000      1.62069e+01
91.000      1.66589e+01
92.000      1.68314e+01
93.000      1.67015e+01
94.000      1.62586e+01
95.000      1.55117e+01
96.000      1.44958e+01
97.000      1.32729e+01
98.000      1.19273e+01
99.000      1.05544e+01
100.000      9.24919e+00
101.000      8.09562e+00
102.000      7.16153e+00
103.000      6.49724e+00
104.000      6.13665e+00
105.000      6.09819e+00
106.000      6.38445e+00
107.000      6.98099e+00
108.000      7.85582e+00
109.000      8.96094e+00
110.000      1.02367e+01
111.000      1.16179e+01
112.000      1.30402e+01
113.000      1.44445e+01
114.000      1.57786e+01
115.000      1.69965e+01
116.000      1.80550e+01
117.000      1.89115e+01
118.000      1.95248e+01
119.000      1.98579e+01
120.000      1.98861e+01
121.000      1.96044e+01
122.000      1.90344e+01
123.000      1.82256e+01
124.000      1.72509e+01
125.000      1.61968e+01
126.000      1.51507e+01
127.000      1.41887e+01
128.000      1.33673e+01
129.000      1.27193e+01
130.000      1.22556e+01
131.000      1.19695e+01
132.000      1.18430e+01
133.000      1.18519e+01
134.000      1.19702e+01
135.000      1.21705e+01
136.000      1.24232e+01
137.000      1.26951e+01
138.000      1.29481e+01
139.000      1.31396e+01
140.000      1.32259e+01
141.000      1.31671e+01
142.000      1.29340e+01
143.000      1.25140e+01
144.000      1.19151e+01
145.000      1.11656e+01
146.000      1.03105e+01
147.000      9.40309e+00
148.000      8.49612e+00
149.000      7.63388e+00
150.000      6.84715e+00
151.000      6.15229e+00
152.000      5.55370e+00
153.000      5.04880e+00
154.000      4.63375e+00
155.000      4.30870e+00
156.000      4.08132e+00
157.000      3.96737e+00
158.000      3.98777e+00
159.000      4.16251e+00
160.000      4.50249e+00
161.000      5.00199e+00
162.000      5.63448e+00
163.000      6.35441e+00
164.000      7.10601e+00
165.000      7.83799e+00
166.000      8.52037e+00
167.000      9.15723e+00
168.000      9.78953e+00
169.000      1.04840e+01
170.000      1.13094e+01
171.000      1.23080e+01
172.000      1.34715e+01
173.000      1.47333e+01
174.000      1.59809e+01
175.000      1.70853e+01
176.000      1.79376e+01
177.000      1.84793e+01
178.000      1.87170e+01
179.000      1.87157e+01
180.000      1.85753e+01
181.000      1.83984e+01
182.000      1.82591e+01
183.000      1.81832e+01
184.000      1.81452e+01
185.000      1.80840e+01
186.000      1.79340e+01
187.000      1.76617e+01
188.000      1.72974e+01
189.000      1.69481e+01
190.000      1.67840e+01
191.000      1.69995e+01
192.000      1.77574e+01
193.000      1.91332e+01
194.000      2.10782e+01
195.000      2.34160e+01
196.000      2.58750e+01
197.000      2.81507e+01
198.000      2.99771e+01
199.000      3.11878e+01
200.000      3.17449e+01
201.000      3.17293e+01
202.000      3.12978e+01
203.000      3.06218e+01
204.000      2.98320e+01
205.000      2.89862e+01
206.000      2.80686e+01
207.000      2.70161e+01
208.000      2.57582e+01
209.000      2.42522e+01
210.000      2.25040e+01
211.000      2.05685e+01
212.000      1.85362e+01
213.000      1.65129e+01
214.000      1.46011e+01
215.000      1.28855e+01
216.000      1.14244e+01
217.000      1.02442e+01
218.000      9.33685e+00
219.000      8.66113e+00
220.000      8.14894e+00
221.000      7.71767e+00
222.000      7.28682e+00
223.000      6.79540e+00
224.000      6.21531e+00
225.000      5.55727e+00
226.000      4.86759e+00
227.000      4.21735e+00
228.000      3.68729e+00
229.000      3.35257e+00
230.000      3.27099e+00
231.000      3.47649e+00
232.000      3.97800e+00
233.000      4.76219e+00
234.000      5.79806e+00
235.000      7.04131e+00
236.000      8.43747e+00
237.000      9.92364e+00
238.000      1.14299e+01
239.000      1.28813e+01
240.000      1.42023e+01
241.000      1.53218e+01
242.000      1.61789e+01
243.000      1.67277e+01
244.000      1.69389e+01
245.000      1.68007e+01
246.000      1.63183e+01
247.000      1.55144e+01
248.000      1.44313e+01
249.000      1.31311e+01
250.000      1.16936e+01
251.000      1.02084e+01
252.000      8.76364e+00
253.000      7.43281e+00
254.000      6.26418e+00
255.000      5.27698e+00
256.000      4.46476e+00
257.000      3.80504e+00
258.000      3.27202e+00
259.000      2.84895e+00
260.000      2.53729e+00
261.000      2.36130e+00
262.000      2.36758e+00
263.000      2.62014e+00
264.000      3.19142e+00
265.000      4.15019e+00
266.000      5.54730e+00
267.000      7.40112e+00
268.000      9.68540e+00
269.000      1.23230e+01
270.000      1.51889e+01
271.000      1.81237e+01
272.000      2.09574e+01
273.000      2.35379e+01
274.000      2.57583e+01
275.000      2.75746e+01
276.000      2.90091e+01
277.000      3.01363e+01
278.000      3.10554e+01
279.000      3.18552e+01
280.000      3.25814e+01
281.000      3.32158e+01
282.000      3.36735e+01
283.000      3.38200e+01
284.000      3.35050e+01
285.000      3.26029e+01
286.000      3.10503e+01
287.000      2.88684e+01
288.000      2.61671e+01
289.000      2.31269e+01
290.000      1.99675e+01
291.000      1.69091e+01
292.000      1.41388e+01
293.000      1.17872e+01
294.000      9.91926e+00
295.000      8.53887e+00
296.000      7.60155e+00
297.000      7.03147e+00
298.000      6.73799e+00
299.000      6.62890e+00
300.000      6.61980e+00
301.000      6.63951e+00
302.000      6.63267e+00
303.000      6.56002e+00
304.000      6.39739e+00
305.000      6.13381e+00
306.000      5.76964e+00
307.000      5.31506e+00
308.000      4.78922e+00
309.000      4.21978e+00
310.000      3.64198e+00
311.000      3.09655e+00
312.000      2.62575e+00
313.000      2.26796e+00
314.000      2.05176e+00
315.000      1.99091e+00
316.000      2.08173e+00
317.000      2.30378e+00
318.000      2.62368e+00
319.000      3.00105e+00
320.000      3.39466e+00
321.000      3.76737e+00
322.000      4.08842e+00
323.000      4.33359e+00
324.000      4.48409e+00
325.000      4.52603e+00
326.000      4.45151e+00
327.000      4.26115e+00
328.000      3.96699e+00
329.000      3.59350e+00
330.000      3.17554e+00
331.000      2.75280e+00
332.000      2.36204e+00
333.000      2.02957e+00
334.000      1.76636e+00
335.000      1.56745e+00
336.000      1.41572e+00
337.000      1.28854e+00
338.000      1.16508e+00
339.000      1.03178e+00
340.000      8.84644e-01
341.000      7.28277e-01
342.000      5.72477e-01
343.000      4.28164e-01
344.000      3.04014e-01
345.000      2.04653e-01
346.000      1.30503e-01
347.000      7.87926e-02
348.000      4.50274e-02
349.000      2.43508e-02
350.000      1.24608e-02
351.000      6.03318e-03
352.000      2.76371e-03
353.000      1.19778e-03
354.000      4.91119e-04
355.000      1.90512e-04
356.000      6.99166e-05
357.000      2.42750e-05
358.000      7.97363e-06
359.000      2.47783e-06
360.000      7.28461e-07
361.000      2.02609e-07
362.000      5.33125e-08
363.000      1.32714e-08
364.000      3.12552e-09
365.000      6.96379e-10
366.000      1.46787e-10
367.000      2.92715e-11
368.000      5.52231e-12
369.000      9.85632e-13
370.000      1.66428e-13
371.000      2.65861e-14
372.000      4.01792e-15
373.000      5.74468e-16
374.000      7.77048e-17
375.000      9.94368e-18
376.000      1.20383e-18
377.000      1.37879e-19
378.000      1.49400e-20
379.000      1.53151e-21
380.000      1.48528e-22
381.000      1.36274e-23
382.000      1.18287e-24
383.000      9.71349e-26
384.000      7.54629e-27
385.000      5.54637e-28
386.000      3.85657e-29
387.000      2.53695e-30
388.000      1.57885e-31
389.000      9.29578e-33
390.000      5.17785e-34
391.000      2.72854e-35
392.000      1.36028e-36
393.000      6.41572e-38
394.000      2.86272e-39
395.000      1.20845e-40
396.000      4.82613e-42
397.000      1.82342e-43
398.000      6.51763e-45
399.000      2.20400e-46
400.000      7.05101e-48
401.000      2.13407e-49
402.000      6.11058e-51
403.000      1.65529e-52
404.000      4.24214e-54
405.000      1.02852e-55
406.000      2.35916e-57
407.000      5.11940e-59
408.000      1.05099e-60
409.000      2.04126e-62
410.000      3.75070e-64
411.000      6.51997e-66
412.000      1.07225e-67
413.000      1.66826e-69
414.000      2.45556e-71
415.000      3.41943e-73
416.000      4.50479e-75
417.000      5.61453e-77
418.000      6.62017e-79
419.000      7.38487e-81
420.000      7.79353e-83
421.000      7.78114e-85
422.000      7.34971e-87
423.000      6.56771e-89
424.000      5.55234e-91
425.000      4.44074e-93
426.000      3.36010e-95
427.000      2.40529e-97
428.000      1.62892e-99
429.000     1.04364e-101
430.000     6.32581e-104
431.000     3.62745e-106
432.000     1.96790e-108
433.000     1.01001e-110
434.000     4.90413e-113
435.000     2.25277e-115
436.000     9.79017e-118
437.000     4.02514e-120
438.000     1.56563e-122
439.000     5.76122e-125
440.000     2.00566e-127
441.000     6.60570e-130
442.000     2.05825e-132
443.000     6.06728e-135
444.000     1.69203e-137
445.000     4.46415e-140
446.000     1.11426e-142
447.000     2.63120e-145
448.000     5.87812e-148
449.000     1.24234e-150
450.000     2.48405e-153
451.000     4.69891e-156
452.000     8.40914e-159
453.000     1.42372e-161
454.000     2.28041e-164
455.000     3.45558e-167
456.000     4.95388e-170
457.000     6.71875e-173
458.000     8.62082e-176
459.000     1.04647e-178
460.000     1.20177e-181
461.000     1.30567e-184
462.000     1.34204e-187
463.000     1.30501e-190
464.000     1.20055e-193
465.000     1.04487e-196
466.000     8.60327e-200
467.000     6.70166e-203
468.000     4.93877e-206
469.000     3.44328e-209
470.000     2.27114e-212
471.000     1.41720e-215
472.000     8.36641e-219
473.000     4.67265e-222
474.000     2.46891e-225
475.000     1.23414e-228
476.000     5.83635e-232
477.000     2.61118e-235
478.000     1.10522e-238
479.000     4.42566e-242
480.000     1.67658e-245
481.000     6.00884e-249
482.000     2.03738e-252
483.000     6.53542e-256
484.000     1.98331e-259
485.000     5.69412e-263
486.000     1.54661e-266
487.000     3.97420e-270
488.000     9.66136e-274
489.000     2.22200e-277
490.000     4.83468e-281
491.000     9.95196e-285
492.000     1.93806e-288
493.000     3.57062e-292
494.000     6.22353e-296
495.000     1.02624e-299
496.000     1.60095e-303
497.000     2.36278e-307
498.000     3.29905e-311
499.000     4.35783e-315
500.000     5.44589e-319
