# Gaussian folded, width=10 cm^-1
# [cm^-1] arbitrary
0.000      3.00000e+00
1.000      2.91796e+00
2.000      2.68508e+00
3.000      2.33749e+00
4.000      1.92514e+00
5.000      1.50000e+00
6.000      1.10570e+00
7.000      7.71085e-01
8.000      5.08727e-01
9.000      3.17529e-01
10.000      1.87500e-01
11.000      1.04746e-01
12.000      5.53590e-02
13.000      2.76795e-02
14.000      1.30933e-02
15.000      5.85983e-03
16.000      2.48236e-03
17.000      9.99327e-04
18.000      3.95117e-04
19.000      1.92341e-04
20.000      2.13335e-04
21.000      4.78494e-04
22.000      1.22131e-03
23.000      3.02775e-03
24.000      7.13728e-03
25.000      1.59606e-02
26.000      3.38560e-02
27.000      6.81350e-02
28.000      1.30124e-01
29.000      2.35890e-01
30.000      4.06012e-01
31.000      6.63693e-01
32.000      1.03066e+00
33.000      1.52092e+00
34.000      2.13335e+00
35.000      2.84507e+00
36.000      3.60836e+00
37.000      4.35318e+00
38.000      4.99649e+00
39.000      5.45694e+00
40.000      5.67158e+00
41.000      5.60987e+00
42.000      5.28077e+00
43.000      4.73061e+00
44.000      4.03245e+00
45.000      3.27034e+00
46.000      2.52300e+00
47.000      1.85127e+00
48.000      1.29195e+00
49.000      8.58028e-01
50.000      5.43913e-01
51.000      3.33003e-01
52.000      2.05306e-01
53.000      1.43536e-01
54.000      1.37057e-01
55.000      1.83677e-01
56.000      2.89523e-01
57.000      4.67145e-01
58.000      7.31944e-01
59.000      1.09710e+00
60.000      1.56765e+00
61.000      2.13490e+00
62.000      2.77284e+00
63.000      3.43804e+00
64.000      4.07377e+00
65.000      4.61796e+00
66.000      5.01331e+00
67.000      5.21713e+00
68.000      5.20856e+00
69.000      4.99177e+00
70.000      4.59449e+00
71.000      4.06281e+00
72.000      3.45352e+00
73.000      2.82566e+00
74.000      2.23302e+00
75.000      1.71858e+00
76.000      1.31153e+00
77.000      1.02697e+00
78.000      8.67615e-01
79.000      8.26954e-01
80.000      8.93122e-01
81.000      1.05283e+00
82.000      1.29478e+00
83.000      1.61166e+00
84.000      2.00000e+00
85.000      2.45697e+00
86.000      2.97483e+00
87.000      3.53460e+00
88.000      4.10199e+00
89.000      4.62878e+00
90.000      5.06103e+00
91.000      5.35277e+00
92.000      5.48111e+00
93.000      5.45682e+00
94.000      5.32600e+00
95.000      5.16117e+00
96.000      5.04453e+00
97.000      5.04889e+00
98.000      5.22242e+00
99.000      5.58135e+00
100.000      6.11149e+00
101.000      6.77610e+00
102.000      7.52637e+00
103.000      8.31068e+00
104.000      9.08108e+00
105.000      9.79655e+00
106.000      1.04246e+01
107.000      1.09418e+01
108.000      1.13342e+01
109.000      1.15973e+01
110.000      1.17342e+01
111.000      1.17539e+01
112.000      1.16674e+01
113.000      1.14852e+01
114.000      1.12155e+01
115.000      1.08649e+01
116.000      1.04401e+01
117.000      9.95093e+00
118.000      9.41233e+00
119.000      8.84547e+00
120.000      8.27665e+00
121.000      7.73488e+00
122.000      7.24871e+00
123.000      6.84328e+00
124.000      6.53818e+00
125.000      6.34649e+00
126.000      6.27474e+00
127.000      6.32377e+00
128.000      6.49007e+00
129.000      6.76741e+00
130.000      7.14826e+00
131.000      7.62444e+00
132.000      8.18647e+00
133.000      8.82155e+00
134.000      9.51055e+00
135.000      1.02253e+01
136.000      1.09280e+01
137.000      1.15731e+01
138.000      1.21133e+01
139.000      1.25083e+01
140.000      1.27331e+01
141.000      1.27856e+01
142.000      1.26881e+01
143.000      1.24837e+01
144.000      1.22272e+01
145.000      1.19732e+01
146.000      1.17644e+01
147.000      1.16240e+01
148.000      1.15536e+01
149.000      1.15375e+01
150.000      1.15499e+01
151.000      1.15634e+01
152.000      1.15555e+01
153.000      1.15114e+01
154.000      1.14235e+01
155.000      1.12894e+01
156.000      1.11089e+01
157.000      1.08822e+01
158.000      1.06092e+01
159.000      1.02902e+01
160.000      9.92750e+00
161.000      9.52724e+00
162.000      9.10099e+00
163.000      8.66564e+00
164.000      8.24176e+00
165.000      7.85048e+00
166.000      7.50992e+00
167.000      7.23253e+00
168.000      7.02412e+00
169.000      6.88480e+00
170.000      6.81080e+00
171.000      6.79618e+00
172.000      6.83375e+00
173.000      6.91500e+00
174.000      7.02991e+00
175.000      7.16702e+00
176.000      7.31414e+00
177.000      7.45948e+00
178.000      7.59278e+00
179.000      7.70601e+00
180.000      7.79355e+00
181.000      7.85194e+00
182.000      7.87942e+00
183.000      7.87551e+00
184.000      7.84090e+00
185.000      7.77758e+00
186.000      7.68916e+00
187.000      7.58121e+00
188.000      7.46143e+00
189.000      7.33939e+00
190.000      7.22608e+00
191.000      7.13305e+00
192.000      7.07131e+00
193.000      7.04992e+00
194.000      7.07435e+00
195.000      7.14491e+00
196.000      7.25556e+00
197.000      7.39373e+00
198.000      7.54164e+00
199.000      7.67923e+00
200.000      7.78832e+00
201.000      7.85702e+00
202.000      7.88295e+00
203.000      7.87397e+00
204.000      7.84565e+00
205.000      7.81593e+00
206.000      7.79856e+00
207.000      7.79778e+00
208.000      7.80631e+00
209.000      7.80789e+00
210.000      7.78364e+00
211.000      7.72012e+00
212.000      7.61602e+00
213.000      7.48495e+00
214.000      7.35321e+00
215.000      7.25356e+00
216.000      7.21705e+00
217.000      7.26589e+00
218.000      7.40925e+00
219.000      7.64270e+00
220.000      7.95083e+00
221.000      8.31143e+00
222.000      8.69976e+00
223.000      9.09178e+00
224.000      9.46583e+00
225.000      9.80305e+00
226.000      1.00872e+01
227.000      1.03047e+01
228.000      1.04459e+01
229.000      1.05071e+01
230.000      1.04927e+01
231.000      1.04164e+01
232.000      1.02989e+01
233.000      1.01645e+01
234.000      1.00340e+01
235.000      9.91939e+00
236.000      9.82019e+00
237.000      9.72345e+00
238.000      9.60784e+00
239.000      9.45000e+00
240.000      9.23121e+00
241.000      8.94268e+00
242.000      8.58808e+00
243.000      8.18337e+00
244.000      7.75427e+00
245.000      7.33224e+00
246.000      6.94952e+00
247.000      6.63399e+00
248.000      6.40432e+00
249.000      6.26621e+00
250.000      6.21068e+00
251.000      6.21493e+00
252.000      6.24629e+00
253.000      6.26847e+00
254.000      6.24908e+00
255.000      6.16670e+00
256.000      6.01563e+00
257.000      5.80703e+00
258.000      5.56609e+00
259.000      5.32571e+00
260.000      5.11798e+00
261.000      4.96575e+00
262.000      4.87621e+00
263.000      4.83846e+00
264.000      4.82593e+00
265.000      4.80303e+00
266.000      4.73432e+00
267.000      4.59324e+00
268.000      4.36780e+00
269.000      4.06169e+00
270.000      3.69113e+00
271.000      3.27915e+00
272.000      2.84982e+00
273.000      2.42444e+00
274.000      2.02038e+00
275.000      1.65229e+00
276.000      1.33428e+00
277.000      1.08198e+00
278.000      9.13785e-01
279.000      8.50701e-01
280.000      9.14962e-01
281.000      1.12713e+00
282.000      1.50182e+00
283.000      2.04248e+00
284.000      2.73645e+00
285.000      3.55215e+00
286.000      4.44007e+00
287.000      5.33842e+00
288.000      6.18276e+00
289.000      6.91713e+00
290.000      7.50359e+00
291.000      7.92763e+00
292.000      8.19811e+00
293.000      8.34249e+00
294.000      8.39920e+00
295.000      8.40924e+00
296.000      8.40901e+00
297.000      8.42509e+00
298.000      8.47148e+00
299.000      8.54948e+00
300.000      8.64983e+00
301.000      8.75695e+00
302.000      8.85409e+00
303.000      8.92838e+00
304.000      8.97421e+00
305.000      8.99413e+00
306.000      8.99713e+00
307.000      8.99519e+00
308.000      8.99924e+00
309.000      9.01621e+00
310.000      9.04814e+00
311.000      9.09369e+00
312.000      9.15166e+00
313.000      9.22545e+00
314.000      9.32671e+00
315.000      9.47649e+00
316.000      9.70300e+00
317.000      1.00358e+01
318.000      1.04981e+01
319.000      1.10995e+01
320.000      1.18317e+01
321.000      1.26693e+01
322.000      1.35739e+01
323.000      1.45015e+01
324.000      1.54095e+01
325.000      1.62622e+01
326.000      1.70335e+01
327.000      1.77084e+01
328.000      1.82820e+01
329.000      1.87591e+01
330.000      1.91519e+01
331.000      1.94779e+01
332.000      1.97564e+01
333.000      2.00062e+01
334.000      2.02433e+01
335.000      2.04804e+01
336.000      2.07270e+01
337.000      2.09890e+01
338.000      2.12686e+01
339.000      2.15639e+01
340.000      2.18689e+01
341.000      2.21758e+01
342.000      2.24777e+01
343.000      2.27716e+01
344.000      2.30600e+01
345.000      2.33489e+01
346.000      2.36441e+01
347.000      2.39458e+01
348.000      2.42458e+01
349.000      2.45275e+01
350.000      2.47689e+01
351.000      2.49486e+01
352.000      2.50502e+01
353.000      2.50638e+01
354.000      2.49851e+01
355.000      2.48109e+01
356.000      2.45352e+01
357.000      2.41461e+01
358.000      2.36262e+01
359.000      2.29558e+01
360.000      2.21195e+01
361.000      2.11132e+01
362.000      1.99508e+01
363.000      1.86667e+01
364.000      1.73147e+01
365.000      1.59595e+01
366.000      1.46659e+01
367.000      1.34855e+01
368.000      1.24485e+01
369.000      1.15600e+01
370.000      1.08053e+01
371.000      1.01596e+01
372.000      9.59935e+00
373.000      9.11193e+00
374.000      8.69898e+00
375.000      8.37490e+00
376.000      8.16164e+00
377.000      8.08304e+00
378.000      8.16097e+00
379.000      8.41424e+00
380.000      8.85888e+00
381.000      9.50782e+00
382.000      1.03680e+01
383.000      1.14344e+01
384.000      1.26819e+01
385.000      1.40579e+01
386.000      1.54794e+01
387.000      1.68354e+01
388.000      1.79968e+01
389.000      1.88323e+01
390.000      1.92278e+01
391.000      1.91046e+01
392.000      1.84341e+01
393.000      1.72445e+01
394.000      1.56182e+01
395.000      1.36808e+01
396.000      1.15822e+01
397.000      9.47603e+00
398.000      7.50004e+00
399.000      5.76127e+00
400.000      4.32860e+00
401.000      3.23194e+00
402.000      2.46685e+00
403.000      2.00228e+00
404.000      1.78951e+00
405.000      1.77079e+00
406.000      1.88699e+00
407.000      2.08400e+00
408.000      2.31750e+00
409.000      2.55571e+00
410.000      2.77974e+00
411.000      2.98150e+00
412.000      3.15961e+00
413.000      3.31453e+00
414.000      3.44434e+00
415.000      3.54247e+00
416.000      3.59796e+00
417.000      3.59783e+00
418.000      3.53065e+00
419.000      3.39003e+00
420.000      3.17694e+00
421.000      2.90051e+00
422.000      2.57729e+00
423.000      2.22948e+00
424.000      1.88240e+00
425.000      1.56162e+00
426.000      1.28986e+00
427.000      1.08393e+00
428.000      9.52032e-01
429.000      8.92155e-01
430.000      8.91930e-01
431.000      9.30504e-01
432.000      9.82268e-01
433.000      1.02181e+00
434.000      1.02892e+00
435.000      9.92392e-01
436.000      9.11472e-01
437.000      7.94711e-01
438.000      6.56704e-01
439.000      5.13871e-01
440.000      3.80599e-01
441.000      2.66753e-01
442.000      1.76900e-01
443.000      1.10993e-01
444.000      6.58861e-02
445.000      3.70016e-02
446.000      1.96593e-02
447.000      9.88179e-03
448.000      4.69918e-03
449.000      2.11411e-03
450.000      8.99809e-04
451.000      3.62319e-04
452.000      1.38022e-04
453.000      4.97422e-05
454.000      1.69597e-05
455.000      5.47054e-06
456.000      1.66939e-06
457.000      4.81953e-07
458.000      1.31634e-07
459.000      3.40135e-08
460.000      8.31476e-09
461.000      1.92294e-09
462.000      4.20728e-10
463.000      8.70870e-11
464.000      1.70539e-11
465.000      3.15944e-12
466.000      5.53752e-13
467.000      9.18200e-14
468.000      1.44038e-14
469.000      2.13764e-15
470.000      3.00131e-16
471.000      3.98660e-17
472.000      5.00972e-18
473.000      5.95582e-19
474.000      6.69865e-20
475.000      7.12772e-21
476.000      7.17515e-22
477.000      6.83329e-23
478.000      6.15667e-24
479.000      5.24782e-25
480.000      4.23185e-26
481.000      3.22849e-27
482.000      2.33016e-28
483.000      1.59107e-29
484.000      1.02781e-30
485.000      6.28132e-32
486.000      3.63168e-33
487.000      1.98647e-34
488.000      1.02795e-35
489.000      5.03250e-37
490.000      2.33083e-38
491.000      1.02131e-39
492.000      4.23368e-41
493.000      1.66034e-42
494.000      6.16022e-44
495.000      2.16228e-45
496.000      7.18032e-47
497.000      2.25577e-48
498.000      6.70444e-50
499.000      1.88516e-51
500.000      5.01477e-53
