# Gaussian folded, width=10 cm^-1
# [cm^-1] arbitrary
0.000      3.00000e+00
1.000      2.91796e+00
2.000      2.68508e+00
3.000      2.33749e+00
4.000      1.92514e+00
5.000      1.50000e+00
6.000      1.10570e+00
7.000      7.71085e-01
8.000      5.08727e-01
9.000      3.17529e-01
10.000      1.87500e-01
11.000      1.04746e-01
12.000      5.53592e-02
13.000      2.76801e-02
14.000      1.30952e-02
15.000      5.86610e-03
16.000      2.50266e-03
17.000      1.06152e-03
18.000      5.75461e-04
19.000      6.87065e-04
20.000      1.49709e-03
21.000      3.62915e-03
22.000      8.53361e-03
23.000      1.90732e-02
24.000      4.04175e-02
25.000      8.11844e-02
26.000      1.54588e-01
27.000      2.79087e-01
28.000      4.77786e-01
29.000      7.75756e-01
30.000      1.19479e+00
31.000      1.74584e+00
32.000      2.42071e+00
33.000      3.18556e+00
34.000      3.97931e+00
35.000      4.71937e+00
36.000      5.31477e+00
37.000      5.68428e+00
38.000      5.77453e+00
39.000      5.57261e+00
40.000      5.10909e+00
41.000      4.45048e+00
42.000      3.68363e+00
43.000      2.89729e+00
44.000      2.16603e+00
45.000      1.54052e+00
46.000      1.04540e+00
47.000      6.83637e-01
48.000      4.44619e-01
49.000      3.13011e-01
50.000      2.76173e-01
51.000      3.28684e-01
52.000      4.73498e-01
53.000      7.19813e-01
54.000      1.07812e+00
55.000      1.55346e+00
56.000      2.13824e+00
57.000      2.80681e+00
58.000      3.51359e+00
59.000      4.19623e+00
60.000      4.78389e+00
61.000      5.20906e+00
62.000      5.42014e+00
63.000      5.39150e+00
64.000      5.12835e+00
65.000      4.66532e+00
66.000      4.05929e+00
67.000      3.37858e+00
68.000      2.69149e+00
69.000      2.05672e+00
70.000      1.51781e+00
71.000      1.10209e+00
72.000      8.23415e-01
73.000      6.86982e-01
74.000      6.94127e-01
75.000      8.45127e-01
76.000      1.13898e+00
77.000      1.57019e+00
78.000      2.12382e+00
79.000      2.77087e+00
80.000      3.46624e+00
81.000      4.15119e+00
82.000      4.76069e+00
83.000      5.23472e+00
84.000      5.53104e+00
85.000      5.63610e+00
86.000      5.57105e+00
87.000      5.39075e+00
88.000      5.17566e+00
89.000      5.01821e+00
90.000      5.00672e+00
91.000      5.21049e+00
92.000      5.66875e+00
93.000      6.38522e+00
94.000      7.32809e+00
95.000      8.43478e+00
96.000      9.62032e+00
97.000      1.07884e+01
98.000      1.18444e+01
99.000      1.27089e+01
100.000      1.33290e+01
101.000      1.36850e+01
102.000      1.37899e+01
103.000      1.36814e+01
104.000      1.34085e+01
105.000      1.30178e+01
106.000      1.25429e+01
107.000      1.20015e+01
108.000      1.13985e+01
109.000      1.07350e+01
110.000      1.00168e+01
111.000      9.26168e+00
112.000      8.50092e+00
113.000      7.77704e+00
114.000      7.13776e+00
115.000      6.62877e+00
116.000      6.28716e+00
117.000      6.13678e+00
118.000      6.18646e+00
119.000      6.43085e+00
120.000      6.85314e+00
121.000      7.42878e+00
122.000      8.12884e+00
123.000      8.92268e+00
124.000      9.77948e+00
125.000      1.06692e+01
126.000      1.15630e+01
127.000      1.24339e+01
128.000      1.32571e+01
129.000      1.40102e+01
130.000      1.46738e+01
131.000      1.52313e+01
132.000      1.56688e+01
133.000      1.59748e+01
134.000      1.61403e+01
135.000      1.61592e+01
136.000      1.60304e+01
137.000      1.57598e+01
138.000      1.53635e+01
139.000      1.48691e+01
140.000      1.43138e+01
141.000      1.37400e+01
142.000      1.31866e+01
143.000      1.26815e+01
144.000      1.22355e+01
145.000      1.18409e+01
146.000      1.14766e+01
147.000      1.11171e+01
148.000      1.07423e+01
149.000      1.03461e+01
150.000      9.93860e+00
151.000      9.54289e+00
152.000      9.18786e+00
153.000      8.89937e+00
154.000      8.69337e+00
155.000      8.57265e+00
156.000      8.52711e+00
157.000      8.53664e+00
158.000      8.57489e+00
159.000      8.61352e+00
160.000      8.62654e+00
161.000      8.59488e+00
162.000      8.51082e+00
163.000      8.38088e+00
164.000      8.22582e+00
165.000      8.07682e+00
166.000      7.96850e+00
167.000      7.93070e+00
168.000      7.98189e+00
169.000      8.12617e+00
170.000      8.35431e+00
171.000      8.64767e+00
172.000      8.98252e+00
173.000      9.33290e+00
174.000      9.67137e+00
175.000      9.96857e+00
176.000      1.01934e+01
177.000      1.03158e+01
178.000      1.03117e+01
179.000      1.01697e+01
180.000      9.89633e+00
181.000      9.51824e+00
182.000      9.07884e+00
183.000      8.63098e+00
184.000      8.22687e+00
185.000      7.90845e+00
186.000      7.70089e+00
187.000      7.61094e+00
188.000      7.63035e+00
189.000      7.74273e+00
190.000      7.93126e+00
191.000      8.18461e+00
192.000      8.49891e+00
193.000      8.87579e+00
194.000      9.31779e+00
195.000      9.82355e+00
196.000      1.03849e+01
197.000      1.09868e+01
198.000      1.16096e+01
199.000      1.22321e+01
200.000      1.28336e+01
201.000      1.33948e+01
202.000      1.38978e+01
203.000      1.43245e+01
204.000      1.46570e+01
205.000      1.48766e+01
206.000      1.49654e+01
207.000      1.49068e+01
208.000      1.46876e+01
209.000      1.43007e+01
210.000      1.37476e+01
211.000      1.30419e+01
212.000      1.22103e+01
213.000      1.12929e+01
214.000      1.03406e+01
215.000      9.41118e+00
216.000      8.56279e+00
217.000      7.84812e+00
218.000      7.30814e+00
219.000      6.96767e+00
220.000      6.83325e+00
221.000      6.89381e+00
222.000      7.12336e+00
223.000      7.48491e+00
224.000      7.93435e+00
225.000      8.42403e+00
226.000      8.90628e+00
227.000      9.33782e+00
228.000      9.68528e+00
229.000      9.93092e+00
230.000      1.00767e+01
231.000      1.01444e+01
232.000      1.01706e+01
233.000      1.01973e+01
234.000      1.02605e+01
235.000      1.03806e+01
236.000      1.05576e+01
237.000      1.07724e+01
238.000      1.09934e+01
239.000      1.11856e+01
240.000      1.13197e+01
241.000      1.13783e+01
242.000      1.13577e+01
243.000      1.12671e+01
244.000      1.11251e+01
245.000      1.09552e+01
246.000      1.07820e+01
247.000      1.06273e+01
248.000      1.05066e+01
249.000      1.04267e+01
250.000      1.03845e+01
251.000      1.03666e+01
252.000      1.03526e+01
253.000      1.03194e+01
254.000      1.02470e+01
255.000      1.01250e+01
256.000      9.95591e+00
257.000      9.75573e+00
258.000      9.55106e+00
259.000      9.37301e+00
260.000      9.25007e+00
261.000      9.20187e+00
262.000      9.23501e+00
263.000      9.34192e+00
264.000      9.50223e+00
265.000      9.68623e+00
266.000      9.85913e+00
267.000      9.98560e+00
268.000      1.00339e+01
269.000      9.97950e+00
270.000      9.80802e+00
271.000      9.51801e+00
272.000      9.12287e+00
273.000      8.65147e+00
274.000      8.14600e+00
275.000      7.65633e+00
276.000      7.23094e+00
277.000      6.90637e+00
278.000      6.69865e+00
279.000      6.60028e+00
280.000      6.58438e+00
281.000      6.61519e+00
282.000      6.66048e+00
283.000      6.70105e+00
284.000      6.73316e+00
285.000      6.76354e+00
286.000      6.80003e+00
287.000      6.84313e+00
288.000      6.88263e+00
289.000      6.90083e+00
290.000      6.88011e+00
291.000      6.81038e+00
292.000      6.69236e+00
293.000      6.53519e+00
294.000      6.34988e+00
295.000      6.14237e+00
296.000      5.90998e+00
297.000      5.64300e+00
298.000      5.33094e+00
299.000      4.97035e+00
300.000      4.57110e+00
301.000      4.15836e+00
302.000      3.76963e+00
303.000      3.44792e+00
304.000      3.23336e+00
305.000      3.15585e+00
306.000      3.23037e+00
307.000      3.45580e+00
308.000      3.81664e+00
309.000      4.28686e+00
310.000      4.83494e+00
311.000      5.42936e+00
312.000      6.04394e+00
313.000      6.66209e+00
314.000      7.27895e+00
315.000      7.90000e+00
316.000      8.53620e+00
317.000      9.19628e+00
318.000      9.87864e+00
319.000      1.05657e+01
320.000      1.12234e+01
321.000      1.18064e+01
322.000      1.22687e+01
323.000      1.25767e+01
324.000      1.27200e+01
325.000      1.27186e+01
326.000      1.26216e+01
327.000      1.24993e+01
328.000      1.24304e+01
329.000      1.24862e+01
330.000      1.27183e+01
331.000      1.31503e+01
332.000      1.37765e+01
333.000      1.45649e+01
334.000      1.54643e+01
335.000      1.64132e+01
336.000      1.73493e+01
337.000      1.82184e+01
338.000      1.89820e+01
339.000      1.96224e+01
340.000      2.01428e+01
341.000      2.05621e+01
342.000      2.09064e+01
343.000      2.11987e+01
344.000      2.14512e+01
345.000      2.16623e+01
346.000      2.18191e+01
347.000      2.19038e+01
348.000      2.19007e+01
349.000      2.18014e+01
350.000      2.16043e+01
351.000      2.13116e+01
352.000      2.09232e+01
353.000      2.04334e+01
354.000      1.98310e+01
355.000      1.91049e+01
356.000      1.82516e+01
357.000      1.72824e+01
358.000      1.62260e+01
359.000      1.51251e+01
360.000      1.40282e+01
361.000      1.29798e+01
362.000      1.20122e+01
363.000      1.11415e+01
364.000      1.03698e+01
365.000      9.69045e+00
366.000      9.09425e+00
367.000      8.57478e+00
368.000      8.12997e+00
369.000      7.76038e+00
370.000      7.46555e+00
371.000      7.24018e+00
372.000      7.07241e+00
373.000      6.94521e+00
374.000      6.84090e+00
375.000      6.74736e+00
376.000      6.66395e+00
377.000      6.60490e+00
378.000      6.59860e+00
379.000      6.68236e+00
380.000      6.89335e+00
381.000      7.25747e+00
382.000      7.77851e+00
383.000      8.43039e+00
384.000      9.15471e+00
385.000      9.86538e+00
386.000      1.04604e+01
387.000      1.08391e+01
388.000      1.09219e+01
389.000      1.06672e+01
390.000      1.00816e+01
391.000      9.21988e+00
392.000      8.17525e+00
393.000      7.06093e+00
394.000      5.98906e+00
395.000      5.05151e+00
396.000      4.30711e+00
397.000      3.77735e+00
398.000      3.45003e+00
399.000      3.28830e+00
400.000      3.24161e+00
401.000      3.25567e+00
402.000      3.27999e+00
403.000      3.27278e+00
404.000      3.20423e+00
405.000      3.05868e+00
406.000      2.83592e+00
407.000      2.55082e+00
408.000      2.23057e+00
409.000      1.90928e+00
410.000      1.62072e+00
411.000      1.39093e+00
412.000      1.23269e+00
413.000      1.14330e+00
414.000      1.10633e+00
415.000      1.09672e+00
416.000      1.08759e+00
417.000      1.05685e+00
418.000      9.91840e-01
419.000      8.90931e-01
420.000      7.61993e-01
421.000      6.18719e-01
422.000      4.76184e-01
423.000      3.47071e-01
424.000      2.39452e-01
425.000      1.56338e-01
426.000      9.65825e-02
427.000      5.64530e-02
428.000      3.12186e-02
429.000      1.63331e-02
430.000      8.08439e-03
431.000      3.78570e-03
432.000      1.67712e-03
433.000      7.02914e-04
434.000      2.78713e-04
435.000      1.04552e-04
436.000      3.71041e-05
437.000      1.24575e-05
438.000      3.95691e-06
439.000      1.18905e-06
440.000      3.38035e-07
441.000      9.09161e-08
442.000      2.31333e-08
443.000      5.56867e-09
444.000      1.26819e-09
445.000      2.73233e-10
446.000      5.56930e-11
447.000      1.07395e-11
448.000      1.95924e-12
449.000      3.38148e-13
450.000      5.52134e-14
451.000      8.52903e-15
452.000      1.24644e-15
453.000      1.72331e-16
454.000      2.25409e-17
455.000      2.78930e-18
456.000      3.26542e-19
457.000      3.61659e-20
458.000      3.78947e-21
459.000      3.75642e-22
460.000      3.52279e-23
461.000      3.12549e-24
462.000      2.62342e-25
463.000      2.08321e-26
464.000      1.56501e-27
465.000      1.11229e-28
466.000      7.47890e-30
467.000      4.75745e-31
468.000      2.86305e-32
469.000      1.63005e-33
470.000      8.77991e-35
471.000      4.47401e-36
472.000      2.15686e-37
473.000      9.83703e-39
474.000      4.24448e-40
475.000      1.73261e-41
476.000      6.69109e-43
477.000      2.44461e-44
478.000      8.44967e-46
479.000      2.76304e-47
480.000      8.54777e-49
481.000      2.50170e-50
482.000      6.92686e-52
483.000      1.81449e-53
484.000      4.49667e-55
485.000      1.05425e-56
486.000      2.33838e-58
487.000      4.90687e-60
488.000      9.74115e-62
489.000      1.82951e-63
490.000      3.25069e-65
491.000      5.46430e-67
492.000      8.68984e-69
493.000      1.30739e-70
494.000      1.86088e-72
495.000      2.50580e-74
496.000      3.19223e-76
497.000      3.84733e-78
498.000      4.38673e-80
499.000      4.73196e-82
500.000      4.82902e-84
