# Gaussian folded, width=10 cm^-1
# [cm^-1] arbitrary
0.000      3.00000e+00
1.000      2.91796e+00
2.000      2.68508e+00
3.000      2.33749e+00
4.000      1.92514e+00
5.000      1.50000e+00
6.000      1.10570e+00
7.000      7.71085e-01
8.000      5.08727e-01
9.000      3.17530e-01
10.000      1.87500e-01
11.000      1.04746e-01
12.000      5.53610e-02
13.000      2.76864e-02
14.000      1.31156e-02
15.000      5.92841e-03
16.000      2.68212e-03
17.000      1.55062e-03
18.000      1.83667e-03
19.000      3.76361e-03
20.000      8.59507e-03
21.000      1.91134e-02
22.000      4.04622e-02
23.000      8.12775e-02
24.000      1.54856e-01
25.000      2.79850e-01
26.000      4.79728e-01
27.000      7.80128e-01
28.000      1.20356e+00
29.000      1.76166e+00
30.000      2.44655e+00
31.000      3.22389e+00
32.000      4.03099e+00
33.000      4.78256e+00
34.000      5.38428e+00
35.000      5.75196e+00
36.000      5.83068e+00
37.000      5.60829e+00
38.000      5.11851e+00
39.000      4.43260e+00
40.000      3.64263e+00
41.000      2.84172e+00
42.000      2.10726e+00
43.000      1.49149e+00
44.000      1.02042e+00
45.000      6.99510e-01
46.000      5.22846e-01
47.000      4.82184e-01
48.000      5.73021e-01
49.000      7.96250e-01
50.000      1.15522e+00
51.000      1.64923e+00
52.000      2.26560e+00
53.000      2.97282e+00
54.000      3.71782e+00
55.000      4.42911e+00
56.000      5.02630e+00
57.000      5.43434e+00
58.000      5.59863e+00
59.000      5.49690e+00
60.000      5.14417e+00
61.000      4.58920e+00
62.000      3.90389e+00
63.000      3.16869e+00
64.000      2.45852e+00
65.000      1.83270e+00
66.000      1.33085e+00
67.000      9.74313e-01
68.000      7.71392e-01
69.000      7.23392e-01
70.000      8.29067e-01
71.000      1.08580e+00
72.000      1.48732e+00
73.000      2.01921e+00
74.000      2.65426e+00
75.000      3.35030e+00
76.000      4.05242e+00
77.000      4.70010e+00
78.000      5.23825e+00
79.000      5.62959e+00
80.000      5.86475e+00
81.000      5.96705e+00
82.000      5.98985e+00
83.000      6.00669e+00
84.000      6.09630e+00
85.000      6.32649e+00
86.000      6.74103e+00
87.000      7.35287e+00
88.000      8.14485e+00
89.000      9.07647e+00
90.000      1.00937e+01
91.000      1.11384e+01
92.000      1.21545e+01
93.000      1.30910e+01
94.000      1.39019e+01
95.000      1.45462e+01
96.000      1.49879e+01
97.000      1.51984e+01
98.000      1.51591e+01
99.000      1.48646e+01
100.000      1.43252e+01
101.000      1.35675e+01
102.000      1.26339e+01
103.000      1.15804e+01
104.000      1.04736e+01
105.000      9.38512e+00
106.000      8.38669e+00
107.000      7.54394e+00
108.000      6.91164e+00
109.000      6.52994e+00
110.000      6.42173e+00
111.000      6.59124e+00
112.000      7.02348e+00
113.000      7.68537e+00
114.000      8.52885e+00
115.000      9.49644e+00
116.000      1.05282e+01
117.000      1.15689e+01
118.000      1.25732e+01
119.000      1.35077e+01
120.000      1.43501e+01
121.000      1.50858e+01
122.000      1.57040e+01
123.000      1.61943e+01
124.000      1.65456e+01
125.000      1.67469e+01
126.000      1.67904e+01
127.000      1.66757e+01
128.000      1.64121e+01
129.000      1.60212e+01
130.000      1.55345e+01
131.000      1.49897e+01
132.000      1.44247e+01
133.000      1.38723e+01
134.000      1.33555e+01
135.000      1.28872e+01
136.000      1.24715e+01
137.000      1.21072e+01
138.000      1.17915e+01
139.000      1.15224e+01
140.000      1.12985e+01
141.000      1.11173e+01
142.000      1.09731e+01
143.000      1.08552e+01
144.000      1.07482e+01
145.000      1.06346e+01
146.000      1.04976e+01
147.000      1.03250e+01
148.000      1.01116e+01
149.000      9.85963e+00
150.000      9.57779e+00
151.000      9.27826e+00
152.000      8.97355e+00
153.000      8.67369e+00
154.000      8.38474e+00
155.000      8.10917e+00
156.000      7.84778e+00
157.000      7.60253e+00
158.000      7.37916e+00
159.000      7.18867e+00
160.000      7.04705e+00
161.000      6.97329e+00
162.000      6.98623e+00
163.000      7.10080e+00
164.000      7.32430e+00
165.000      7.65337e+00
166.000      8.07219e+00
167.000      8.55280e+00
168.000      9.05797e+00
169.000      9.54702e+00
170.000      9.98355e+00
171.000      1.03432e+01
172.000      1.06189e+01
173.000      1.08219e+01
174.000      1.09770e+01
175.000      1.11148e+01
176.000      1.12627e+01
177.000      1.14383e+01
178.000      1.16473e+01
179.000      1.18862e+01
180.000      1.21476e+01
181.000      1.24241e+01
182.000      1.27111e+01
183.000      1.30050e+01
184.000      1.33009e+01
185.000      1.35900e+01
186.000      1.38600e+01
187.000      1.40983e+01
188.000      1.42970e+01
189.000      1.44576e+01
190.000      1.45929e+01
191.000      1.47257e+01
192.000      1.48833e+01
193.000      1.50912e+01
194.000      1.53666e+01
195.000      1.57146e+01
196.000      1.61279e+01
197.000      1.65890e+01
198.000      1.70739e+01
199.000      1.75567e+01
200.000      1.80112e+01
201.000      1.84132e+01
202.000      1.87397e+01
203.000      1.89689e+01
204.000      1.90794e+01
205.000      1.90501e+01
206.000      1.88616e+01
207.000      1.84979e+01
208.000      1.79507e+01
209.000      1.72230e+01
210.000      1.63322e+01
211.000      1.53107e+01
212.000      1.42032e+01
213.000      1.30609e+01
214.000      1.19366e+01
215.000      1.08799e+01
216.000      9.93611e+00
217.000      9.14648e+00
218.000      8.54845e+00
219.000      8.17371e+00
220.000      8.04284e+00
221.000      8.15781e+00
222.000      8.49548e+00
223.000      9.00540e+00
224.000      9.61444e+00
225.000      1.02382e+01
226.000      1.07970e+01
227.000      1.12315e+01
228.000      1.15145e+01
229.000      1.16550e+01
230.000      1.16938e+01
231.000      1.16918e+01
232.000      1.17147e+01
233.000      1.18176e+01
234.000      1.20340e+01
235.000      1.23702e+01
236.000      1.28079e+01
237.000      1.33105e+01
238.000      1.38332e+01
239.000      1.43323e+01
240.000      1.47724e+01
241.000      1.51295e+01
242.000      1.53905e+01
243.000      1.55504e+01
244.000      1.56083e+01
245.000      1.55641e+01
246.000      1.54166e+01
247.000      1.51642e+01
248.000      1.48060e+01
249.000      1.43438e+01
250.000      1.37833e+01
251.000      1.31344e+01
252.000      1.24114e+01
253.000      1.16331e+01
254.000      1.08224e+01
255.000      1.00063e+01
256.000      9.21400e+00
257.000      8.47518e+00
258.000      7.81690e+00
259.000      7.26111e+00
260.000      6.82286e+00
261.000      6.50962e+00
262.000      6.32147e+00
263.000      6.25182e+00
264.000      6.28850e+00
265.000      6.41533e+00
266.000      6.61473e+00
267.000      6.87110e+00
268.000      7.17492e+00
269.000      7.52610e+00
270.000      7.93534e+00
271.000      8.42231e+00
272.000      9.01043e+00
273.000      9.71974e+00
274.000      1.05598e+01
275.000      1.15248e+01
276.000      1.25925e+01
277.000      1.37264e+01
278.000      1.48799e+01
279.000      1.60006e+01
280.000      1.70346e+01
281.000      1.79287e+01
282.000      1.86337e+01
283.000      1.91065e+01
284.000      1.93137e+01
285.000      1.92348e+01
286.000      1.88653e+01
287.000      1.82180e+01
288.000      1.73241e+01
289.000      1.62310e+01
290.000      1.49990e+01
291.000      1.36955e+01
292.000      1.23878e+01
293.000      1.11352e+01
294.000      9.98347e+00
295.000      8.96131e+00
296.000      8.08023e+00
297.000      7.33737e+00
298.000      6.71955e+00
299.000      6.20731e+00
300.000      5.77795e+00
301.000      5.40768e+00
302.000      5.07335e+00
303.000      4.75443e+00
304.000      4.43561e+00
305.000      4.10938e+00
306.000      3.77783e+00
307.000      3.45276e+00
308.000      3.15389e+00
309.000      2.90572e+00
310.000      2.73390e+00
311.000      2.66210e+00
312.000      2.70957e+00
313.000      2.88901e+00
314.000      3.20425e+00
315.000      3.64773e+00
316.000      4.19840e+00
317.000      4.82124e+00
318.000      5.46959e+00
319.000      6.09042e+00
320.000      6.63189e+00
321.000      7.05144e+00
322.000      7.32284e+00
323.000      7.44076e+00
324.000      7.42196e+00
325.000      7.30301e+00
326.000      7.13485e+00
327.000      6.97511e+00
328.000      6.87929e+00
329.000      6.89253e+00
330.000      7.04348e+00
331.000      7.34122e+00
332.000      7.77606e+00
333.000      8.32332e+00
334.000      8.94935e+00
335.000      9.61774e+00
336.000      1.02944e+01
337.000      1.09509e+01
338.000      1.15651e+01
339.000      1.21214e+01
340.000      1.26102e+01
341.000      1.30265e+01
342.000      1.33695e+01
343.000      1.36407e+01
344.000      1.38411e+01
345.000      1.39679e+01
346.000      1.40127e+01
347.000      1.39602e+01
348.000      1.37910e+01
349.000      1.34852e+01
350.000      1.30289e+01
351.000      1.24189e+01
352.000      1.16670e+01
353.000      1.08009e+01
354.000      9.86301e+00
355.000      8.90640e+00
356.000      7.98916e+00
357.000      7.16775e+00
358.000      6.49010e+00
359.000      5.98916e+00
360.000      5.67781e+00
361.000      5.54601e+00
362.000      5.56128e+00
363.000      5.67286e+00
364.000      5.81920e+00
365.000      5.93796e+00
366.000      5.97618e+00
367.000      5.89875e+00
368.000      5.69312e+00
369.000      5.36929e+00
370.000      4.95525e+00
371.000      4.48954e+00
372.000      4.01309e+00
373.000      3.56283e+00
374.000      3.16851e+00
375.000      2.85306e+00
376.000      2.63498e+00
377.000      2.53076e+00
378.000      2.55490e+00
379.000      2.71666e+00
380.000      3.01399e+00
381.000      3.42715e+00
382.000      3.91536e+00
383.000      4.41916e+00
384.000      4.86945e+00
385.000      5.20120e+00
386.000      5.36797e+00
387.000      5.35200e+00
388.000      5.16676e+00
389.000      4.85096e+00
390.000      4.45656e+00
391.000      4.03533e+00
392.000      3.62817e+00
393.000      3.26012e+00
394.000      2.94083e+00
395.000      2.66878e+00
396.000      2.43630e+00
397.000      2.23338e+00
398.000      2.04974e+00
399.000      1.87553e+00
400.000      1.70189e+00
401.000      1.52201e+00
402.000      1.33251e+00
403.000      1.13455e+00
404.000      9.33840e-01
405.000      7.39257e-01
406.000      5.60520e-01
407.000      4.05748e-01
408.000      2.79720e-01
409.000      1.83318e-01
410.000      1.14055e-01
411.000      6.73029e-02
412.000      3.76405e-02
413.000      1.99415e-02
414.000      1.00043e-02
415.000      4.75141e-03
416.000      2.13593e-03
417.000      9.08702e-04
418.000      3.65833e-04
419.000      1.39361e-04
420.000      5.02311e-05
421.000      1.71302e-05
422.000      5.52715e-06
423.000      1.68724e-06
424.000      4.87291e-07
425.000      1.33146e-07
426.000      3.44185e-08
427.000      8.41743e-09
428.000      1.94755e-09
429.000      4.26305e-10
430.000      8.82817e-11
431.000      1.72958e-11
432.000      3.20574e-12
433.000      5.62128e-13
434.000      9.32525e-14
435.000      1.46354e-14
436.000      2.17302e-15
437.000      3.05241e-16
438.000      4.05639e-17
439.000      5.09982e-18
440.000      6.06578e-19
441.000      6.82553e-20
442.000      7.26614e-21
443.000      7.31793e-22
444.000      6.97254e-23
445.000      6.28509e-24
446.000      5.35981e-25
447.000      4.32419e-26
448.000      3.30048e-27
449.000      2.38324e-28
450.000      1.62808e-29
451.000      1.05221e-30
452.000      6.43348e-32
453.000      3.72140e-33
454.000      2.03651e-34
455.000      1.05434e-35
456.000      5.16411e-37
457.000      2.39291e-38
458.000      1.04900e-39
459.000      4.35054e-41
460.000      1.70697e-42
461.000      6.33620e-44
462.000      2.22509e-45
463.000      7.39240e-47
464.000      2.32349e-48
465.000      6.90896e-50
466.000      1.94358e-51
467.000      5.17261e-53
468.000      1.30237e-54
469.000      3.10225e-56
470.000      6.99098e-58
471.000      1.49044e-59
472.000      3.00615e-61
473.000      5.73620e-63
474.000      1.03551e-64
475.000      1.76849e-66
476.000      2.85739e-68
477.000      4.36770e-70
478.000      6.31617e-72
479.000      8.64116e-74
480.000      1.11843e-75
481.000      1.36950e-77
482.000      1.58648e-79
483.000      1.73869e-81
484.000      1.80273e-83
485.000      1.76829e-85
486.000      1.64095e-87
487.000      1.44064e-89
488.000      1.19655e-91
489.000      9.40214e-94
490.000      6.98939e-96
491.000      4.91552e-98
492.000     3.27052e-100
493.000     2.05865e-102
494.000     1.22593e-104
495.000     6.90660e-107
496.000     3.68114e-109
497.000     1.85617e-111
498.000     8.85464e-114
499.000     3.99615e-116
500.000     1.70620e-118
