# Gaussian folded, width=10 cm^-1
# [cm^-1] arbitrary
0.000      3.00000e+00
1.000      2.91796e+00
2.000      2.68508e+00
3.000      2.33749e+00
4.000      1.92514e+00
5.000      1.50000e+00
6.000      1.10570e+00
7.000      7.71085e-01
8.000      5.08727e-01
9.000      3.17529e-01
10.000      1.87500e-01
11.000      1.04746e-01
12.000      5.53590e-02
13.000      2.76796e-02
14.000      1.30934e-02
15.000      5.86013e-03
16.000      2.48333e-03
17.000      1.00230e-03
18.000      4.03704e-04
19.000      2.15716e-04
20.000      2.73199e-04
21.000      6.22601e-04
22.000      1.54705e-03
23.000      3.71826e-03
24.000      8.50770e-03
25.000      1.85013e-02
26.000      3.82421e-02
27.000      7.51549e-02
28.000      1.40469e-01
29.000      2.49769e-01
30.000      4.22624e-01
31.000      6.80681e-01
32.000      1.04379e+00
33.000      1.52425e+00
34.000      2.12011e+00
35.000      2.80930e+00
36.000      3.54679e+00
37.000      4.26705e+00
38.000      4.89237e+00
39.000      5.34619e+00
40.000      5.56842e+00
41.000      5.52841e+00
42.000      5.23189e+00
43.000      4.71963e+00
44.000      4.05826e+00
45.000      3.32610e+00
46.000      2.59820e+00
47.000      1.93436e+00
48.000      1.37275e+00
49.000      9.29393e-01
50.000      6.02298e-01
51.000      3.78157e-01
52.000      2.39355e-01
53.000      1.69832e-01
54.000      1.59026e-01
55.000      2.03759e-01
56.000      3.08252e-01
57.000      4.82471e-01
58.000      7.39040e-01
59.000      1.08901e+00
60.000      1.53701e+00
61.000      2.07665e+00
62.000      2.68718e+00
63.000      3.33259e+00
64.000      3.96363e+00
65.000      4.52309e+00
66.000      4.95359e+00
67.000      5.20655e+00
68.000      5.25075e+00
69.000      5.07847e+00
70.000      4.70765e+00
71.000      4.17940e+00
72.000      3.55113e+00
73.000      2.88693e+00
74.000      2.24757e+00
75.000      1.68271e+00
76.000      1.22682e+00
77.000      8.99351e-01
78.000      7.08095e-01
79.000      6.53710e-01
80.000      7.33519e-01
81.000      9.43084e-01
82.000      1.27528e+00
83.000      1.71759e+00
84.000      2.24911e+00
85.000      2.83878e+00
86.000      3.44599e+00
87.000      4.02394e+00
88.000      4.52530e+00
89.000      4.90919e+00
90.000      5.14840e+00
91.000      5.23530e+00
92.000      5.18548e+00
93.000      5.03773e+00
94.000      4.84969e+00
95.000      4.68937e+00
96.000      4.62358e+00
97.000      4.70568e+00
98.000      4.96559e+00
99.000      5.40467e+00
100.000      5.99687e+00
101.000      6.69576e+00
102.000      7.44539e+00
103.000      8.19188e+00
104.000      8.89263e+00
105.000      9.52123e+00
106.000      1.00674e+01
107.000      1.05327e+01
108.000      1.09245e+01
109.000      1.12496e+01
110.000      1.15092e+01
111.000      1.16970e+01
112.000      1.17994e+01
113.000      1.17986e+01
114.000      1.16770e+01
115.000      1.14234e+01
116.000      1.10375e+01
117.000      1.05340e+01
118.000      9.94293e+00
119.000      9.30702e+00
120.000      8.67594e+00
121.000      8.09882e+00
122.000      7.61680e+00
123.000      7.25720e+00
124.000      7.03038e+00
125.000      6.92992e+00
126.000      6.93624e+00
127.000      7.02300e+00
128.000      7.16482e+00
129.000      7.34426e+00
130.000      7.55596e+00
131.000      7.80629e+00
132.000      8.10881e+00
133.000      8.47697e+00
134.000      8.91676e+00
135.000      9.42151e+00
136.000      9.97051e+00
137.000      1.05315e+01
138.000      1.10659e+01
139.000      1.15358e+01
140.000      1.19101e+01
141.000      1.21692e+01
142.000      1.23065e+01
143.000      1.23282e+01
144.000      1.22505e+01
145.000      1.20965e+01
146.000      1.18931e+01
147.000      1.16691e+01
148.000      1.14530e+01
149.000      1.12712e+01
150.000      1.11435e+01
151.000      1.10806e+01
152.000      1.10796e+01
153.000      1.11241e+01
154.000      1.11861e+01
155.000      1.12321e+01
156.000      1.12306e+01
157.000      1.11594e+01
158.000      1.10108e+01
159.000      1.07918e+01
160.000      1.05207e+01
161.000      1.02199e+01
162.000      9.90873e+00
163.000      9.59741e+00
164.000      9.28506e+00
165.000      8.96250e+00
166.000      8.61865e+00
167.000      8.24806e+00
168.000      7.85652e+00
169.000      7.46224e+00
170.000      7.09203e+00
171.000      6.77383e+00
172.000      6.52872e+00
173.000      6.36533e+00
174.000      6.27882e+00
175.000      6.25431e+00
176.000      6.27300e+00
177.000      6.31855e+00
178.000      6.38111e+00
179.000      6.45826e+00
180.000      6.55283e+00
181.000      6.66899e+00
182.000      6.80835e+00
183.000      6.96763e+00
184.000      7.13866e+00
185.000      7.31067e+00
186.000      7.47391e+00
187.000      7.62286e+00
188.000      7.75766e+00
189.000      7.88281e+00
190.000      8.00385e+00
191.000      8.12345e+00
192.000      8.23915e+00
193.000      8.34371e+00
194.000      8.42817e+00
195.000      8.48593e+00
196.000      8.51589e+00
197.000      8.52287e+00
198.000      8.51531e+00
199.000      8.50102e+00
200.000      8.48308e+00
201.000      8.45741e+00
202.000      8.41308e+00
203.000      8.33533e+00
204.000      8.21031e+00
205.000      8.03038e+00
206.000      7.79833e+00
207.000      7.52941e+00
208.000      7.25010e+00
209.000      6.99362e+00
210.000      6.79306e+00
211.000      6.67373e+00
212.000      6.64697e+00
213.000      6.70736e+00
214.000      6.83437e+00
215.000      6.99787e+00
216.000      7.16609e+00
217.000      7.31353e+00
218.000      7.42661e+00
219.000      7.50579e+00
220.000      7.56376e+00
221.000      7.62044e+00
222.000      7.69611e+00
223.000      7.80464e+00
224.000      7.94857e+00
225.000      8.11771e+00
226.000      8.29180e+00
227.000      8.44660e+00
228.000      8.56121e+00
229.000      8.62402e+00
230.000      8.63506e+00
231.000      8.60420e+00
232.000      8.54656e+00
233.000      8.47724e+00
234.000      8.40772e+00
235.000      8.34462e+00
236.000      8.29034e+00
237.000      8.24451e+00
238.000      8.20510e+00
239.000      8.16904e+00
240.000      8.13263e+00
241.000      8.09211e+00
242.000      8.04444e+00
243.000      7.98781e+00
244.000      7.92174e+00
245.000      7.84660e+00
246.000      7.76298e+00
247.000      7.67140e+00
248.000      7.57247e+00
249.000      7.46754e+00
250.000      7.35901e+00
251.000      7.25029e+00
252.000      7.14503e+00
253.000      7.04586e+00
254.000      6.95321e+00
255.000      6.86461e+00
256.000      6.77478e+00
257.000      6.67686e+00
258.000      6.56442e+00
259.000      6.43409e+00
260.000      6.28804e+00
261.000      6.13534e+00
262.000      5.99130e+00
263.000      5.87422e+00
264.000      5.80003e+00
265.000      5.77612e+00
266.000      5.79666e+00
267.000      5.84138e+00
268.000      5.87877e+00
269.000      5.87309e+00
270.000      5.79305e+00
271.000      5.61947e+00
272.000      5.34978e+00
273.000      4.99820e+00
274.000      4.59229e+00
275.000      4.16717e+00
276.000      3.75932e+00
277.000      3.40130e+00
278.000      3.11823e+00
279.000      2.92595e+00
280.000      2.83093e+00
281.000      2.83122e+00
282.000      2.91870e+00
283.000      3.08191e+00
284.000      3.30919e+00
285.000      3.59127e+00
286.000      3.92241e+00
287.000      4.29989e+00
288.000      4.72196e+00
289.000      5.18542e+00
290.000      5.68373e+00
291.000      6.20649e+00
292.000      6.74012e+00
293.000      7.26942e+00
294.000      7.77887e+00
295.000      8.25329e+00
296.000      8.67771e+00
297.000      9.03689e+00
298.000      9.31537e+00
299.000      9.49867e+00
300.000      9.57615e+00
301.000      9.54518e+00
302.000      9.41544e+00
303.000      9.21169e+00
304.000      8.97331e+00
305.000      8.74953e+00
306.000      8.59090e+00
307.000      8.53895e+00
308.000      8.61698e+00
309.000      8.82500e+00
310.000      9.14052e+00
311.000      9.52506e+00
312.000      9.93436e+00
313.000      1.03292e+01
314.000      1.06834e+01
315.000      1.09870e+01
316.000      1.12447e+01
317.000      1.14697e+01
318.000      1.16773e+01
319.000      1.18800e+01
320.000      1.20854e+01
321.000      1.22990e+01
322.000      1.25272e+01
323.000      1.27808e+01
324.000      1.30766e+01
325.000      1.34341e+01
326.000      1.38708e+01
327.000      1.43968e+01
328.000      1.50102e+01
329.000      1.56959e+01
330.000      1.64281e+01
331.000      1.71739e+01
332.000      1.78996e+01
333.000      1.85754e+01
334.000      1.91800e+01
335.000      1.97023e+01
336.000      2.01430e+01
337.000      2.05137e+01
338.000      2.08338e+01
339.000      2.11269e+01
340.000      2.14152e+01
341.000      2.17141e+01
342.000      2.20289e+01
343.000      2.23536e+01
344.000      2.26731e+01
345.000      2.29684e+01
346.000      2.32240e+01
347.000      2.34338e+01
348.000      2.36049e+01
349.000      2.37572e+01
350.000      2.39181e+01
351.000      2.41141e+01
352.000      2.43616e+01
353.000      2.46587e+01
354.000      2.49805e+01
355.000      2.52790e+01
356.000      2.54876e+01
357.000      2.55304e+01
358.000      2.53341e+01
359.000      2.48422e+01
360.000      2.40264e+01
361.000      2.28951e+01
362.000      2.14935e+01
363.000      1.98981e+01
364.000      1.82034e+01
365.000      1.65067e+01
366.000      1.48919e+01
367.000      1.34187e+01
368.000      1.21169e+01
369.000      1.09893e+01
370.000      1.00191e+01
371.000      9.18235e+00
372.000      8.45882e+00
373.000      7.84088e+00
374.000      7.33681e+00
375.000      6.96876e+00
376.000      6.76691e+00
377.000      6.76204e+00
378.000      6.97920e+00
379.000      7.43368e+00
380.000      8.12943e+00
381.000      9.05871e+00
382.000      1.02019e+01
383.000      1.15261e+01
384.000      1.29839e+01
385.000      1.45109e+01
386.000      1.60265e+01
387.000      1.74350e+01
388.000      1.86312e+01
389.000      1.95084e+01
390.000      1.99696e+01
391.000      1.99406e+01
392.000      1.93842e+01
393.000      1.83107e+01
394.000      1.67829e+01
395.000      1.49121e+01
396.000      1.28438e+01
397.000      1.07364e+01
398.000      8.73721e+00
399.000      6.96156e+00
400.000      5.48051e+00
401.000      4.31859e+00
402.000      3.46096e+00
403.000      2.86623e+00
404.000      2.48061e+00
405.000      2.24959e+00
406.000      2.12556e+00
407.000      2.07131e+00
408.000      2.06057e+00
409.000      2.07707e+00
410.000      2.11306e+00
411.000      2.16766e+00
412.000      2.24469e+00
413.000      2.34968e+00
414.000      2.48601e+00
415.000      2.65076e+00
416.000      2.83143e+00
417.000      3.00509e+00
418.000      3.14091e+00
419.000      3.20600e+00
420.000      3.17335e+00
421.000      3.02913e+00
422.000      2.77712e+00
423.000      2.43854e+00
424.000      2.04749e+00
425.000      1.64361e+00
426.000      1.26443e+00
427.000      9.39528e-01
428.000      6.87727e-01
429.000      5.17209e-01
430.000      4.27377e-01
431.000      4.11176e-01
432.000      4.56830e-01
433.000      5.48725e-01
434.000      6.67911e-01
435.000      7.93008e-01
436.000      9.02146e-01
437.000      9.75957e-01
438.000      1.00092e+00
439.000      9.71953e-01
440.000      8.93209e-01
441.000      7.76669e-01
442.000      6.38940e-01
443.000      4.97292e-01
444.000      3.66171e-01
445.000      2.55079e-01
446.000      1.68107e-01
447.000      1.04813e-01
448.000      6.18242e-02
449.000      3.45002e-02
450.000      1.82139e-02
451.000      9.09705e-03
452.000      4.29850e-03
453.000      1.92154e-03
454.000      8.12646e-04
455.000      3.25140e-04
456.000      1.23071e-04
457.000      4.40718e-05
458.000      1.49308e-05
459.000      4.78543e-06
460.000      1.45103e-06
461.000      4.16248e-07
462.000      1.12965e-07
463.000      2.90037e-08
464.000      7.04499e-09
465.000      1.61892e-09
466.000      3.51955e-10
467.000      7.23882e-11
468.000      1.40853e-11
469.000      2.59287e-12
470.000      4.51557e-13
471.000      7.43984e-14
472.000      1.15966e-14
473.000      1.71008e-15
474.000      2.38572e-16
475.000      3.14877e-17
476.000      3.93169e-18
477.000      4.64446e-19
478.000      5.19049e-20
479.000      5.48782e-21
480.000      5.48919e-22
481.000      5.19439e-23
482.000      4.65027e-24
483.000      3.93858e-25
484.000      3.15587e-26
485.000      2.39230e-27
486.000      1.71566e-28
487.000      1.16403e-29
488.000      7.47157e-31
489.000      4.53711e-32
490.000      2.60654e-33
491.000      1.41666e-34
492.000      7.28427e-36
493.000      3.54343e-37
494.000      1.63072e-38
495.000      7.09989e-40
496.000      2.92443e-41
497.000      1.13959e-42
498.000      4.20122e-44
499.000      1.46527e-45
500.000      4.83481e-47
