# Gaussian folded, width=10 cm^-1
# [cm^-1] arbitrary
0.000      3.00000e+00
1.000      2.91796e+00
2.000      2.68508e+00
3.000      2.33749e+00
4.000      1.92514e+00
5.000      1.50000e+00
6.000      1.10570e+00
7.000      7.71085e-01
8.000      5.08727e-01
9.000      3.17529e-01
10.000      1.87500e-01
11.000      1.04746e-01
12.000      5.53590e-02
13.000      2.76796e-02
14.000      1.30934e-02
15.000      5.86002e-03
16.000      2.48296e-03
17.000      1.00115e-03
18.000      4.00407e-04
19.000      2.06788e-04
20.000      2.50442e-04
21.000      5.68010e-04
22.000      1.42390e-03
23.000      3.45725e-03
24.000      7.98844e-03
25.000      1.75330e-02
26.000      3.65532e-02
27.000      7.24069e-02
28.000      1.36315e-01
29.000      2.43976e-01
30.000      4.15256e-01
31.000      6.72318e-01
32.000      1.03572e+00
33.000      1.51855e+00
34.000      2.11953e+00
35.000      2.81681e+00
36.000      3.56499e+00
37.000      4.29729e+00
38.000      4.93404e+00
39.000      5.39628e+00
40.000      5.62164e+00
41.000      5.57799e+00
42.000      5.27096e+00
43.000      4.74273e+00
44.000      4.06263e+00
45.000      3.31226e+00
46.000      2.56966e+00
47.000      1.89653e+00
48.000      1.33151e+00
49.000      8.89714e-01
50.000      5.67356e-01
51.000      3.48996e-01
52.000      2.15056e-01
53.000      1.47990e-01
54.000      1.36372e-01
55.000      1.76881e-01
56.000      2.74421e-01
57.000      4.40617e-01
58.000      6.90764e-01
59.000      1.03934e+00
60.000      1.49450e+00
61.000      2.05231e+00
62.000      2.69227e+00
63.000      3.37543e+00
64.000      4.04650e+00
65.000      4.64024e+00
66.000      5.09138e+00
67.000      5.34597e+00
68.000      5.37171e+00
69.000      5.16454e+00
70.000      4.74976e+00
71.000      4.17730e+00
72.000      3.51242e+00
73.000      2.82438e+00
74.000      2.17577e+00
75.000      1.61526e+00
76.000      1.17482e+00
77.000      8.71177e-01
78.000      7.09967e-01
79.000      6.90288e-01
80.000      8.07732e-01
81.000      1.05481e+00
82.000      1.41900e+00
83.000      1.87987e+00
84.000      2.40709e+00
85.000      2.96111e+00
86.000      3.49704e+00
87.000      3.97101e+00
88.000      4.34731e+00
89.000      4.60418e+00
90.000      4.73702e+00
91.000      4.75841e+00
92.000      4.69584e+00
93.000      4.58778e+00
94.000      4.47908e+00
95.000      4.41604e+00
96.000      4.44107e+00
97.000      4.58743e+00
98.000      4.87470e+00
99.000      5.30610e+00
100.000      5.86856e+00
101.000      6.53599e+00
102.000      7.27488e+00
103.000      8.05065e+00
104.000      8.83254e+00
105.000      9.59565e+00
106.000      1.03197e+01
107.000      1.09858e+01
108.000      1.15732e+01
109.000      1.20587e+01
110.000      1.24188e+01
111.000      1.26342e+01
112.000      1.26947e+01
113.000      1.26010e+01
114.000      1.23636e+01
115.000      1.19983e+01
116.000      1.15217e+01
117.000      1.09492e+01
118.000      1.02962e+01
119.000      9.58302e+00
120.000      8.83934e+00
121.000      8.10608e+00
122.000      7.43170e+00
123.000      6.86391e+00
124.000      6.43935e+00
125.000      6.17535e+00
126.000      6.06710e+00
127.000      6.09148e+00
128.000      6.21626e+00
129.000      6.41113e+00
130.000      6.65676e+00
131.000      6.94870e+00
132.000      7.29528e+00
133.000      7.71061e+00
134.000      8.20569e+00
135.000      8.78051e+00
136.000      9.42001e+00
137.000      1.00944e+01
138.000      1.07636e+01
139.000      1.13837e+01
140.000      1.19139e+01
141.000      1.23228e+01
142.000      1.25923e+01
143.000      1.27203e+01
144.000      1.27206e+01
145.000      1.26214e+01
146.000      1.24602e+01
147.000      1.22776e+01
148.000      1.21091e+01
149.000      1.19792e+01
150.000      1.18965e+01
151.000      1.18546e+01
152.000      1.18350e+01
153.000      1.18139e+01
154.000      1.17681e+01
155.000      1.16796e+01
156.000      1.15374e+01
157.000      1.13362e+01
158.000      1.10749e+01
159.000      1.07541e+01
160.000      1.03756e+01
161.000      9.94277e+00
162.000      9.46137e+00
163.000      8.94053e+00
164.000      8.39329e+00
165.000      7.83693e+00
166.000      7.29318e+00
167.000      6.78814e+00
168.000      6.35134e+00
169.000      6.01331e+00
170.000      5.80163e+00
171.000      5.73606e+00
172.000      5.82420e+00
173.000      6.05896e+00
174.000      6.41862e+00
175.000      6.86929e+00
176.000      7.36909e+00
177.000      7.87308e+00
178.000      8.33824e+00
179.000      8.72790e+00
180.000      9.01551e+00
181.000      9.18698e+00
182.000      9.24153e+00
183.000      9.19058e+00
184.000      9.05512e+00
185.000      8.86199e+00
186.000      8.63956e+00
187.000      8.41374e+00
188.000      8.20451e+00
189.000      8.02383e+00
190.000      7.87506e+00
191.000      7.75442e+00
192.000      7.65400e+00
193.000      7.56556e+00
194.000      7.48405e+00
195.000      7.40966e+00
196.000      7.34783e+00
197.000      7.30748e+00
198.000      7.29810e+00
199.000      7.32683e+00
200.000      7.39627e+00
201.000      7.50367e+00
202.000      7.64119e+00
203.000      7.79700e+00
204.000      7.95656e+00
205.000      8.10374e+00
206.000      8.22177e+00
207.000      8.29415e+00
208.000      8.30595e+00
209.000      8.24589e+00
210.000      8.10919e+00
211.000      7.90072e+00
212.000      7.63729e+00
213.000      7.34778e+00
214.000      7.07005e+00
215.000      6.84461e+00
216.000      6.70626e+00
217.000      6.67613e+00
218.000      6.75664e+00
219.000      6.93123e+00
220.000      7.16893e+00
221.000      7.43250e+00
222.000      7.68733e+00
223.000      7.90852e+00
224.000      8.08432e+00
225.000      8.21540e+00
226.000      8.31093e+00
227.000      8.38318e+00
228.000      8.44287e+00
229.000      8.49638e+00
230.000      8.54571e+00
231.000      8.59037e+00
232.000      8.63016e+00
233.000      8.66711e+00
234.000      8.70569e+00
235.000      8.75090e+00
236.000      8.80526e+00
237.000      8.86594e+00
238.000      8.92344e+00
239.000      8.96243e+00
240.000      8.96445e+00
241.000      8.91164e+00
242.000      8.79047e+00
243.000      8.59474e+00
244.000      8.32740e+00
245.000      8.00096e+00
246.000      7.63638e+00
247.000      7.26037e+00
248.000      6.90153e+00
249.000      6.58615e+00
250.000      6.33433e+00
251.000      6.15738e+00
252.000      6.05654e+00
253.000      6.02294e+00
254.000      6.03865e+00
255.000      6.07861e+00
256.000      6.11386e+00
257.000      6.11612e+00
258.000      6.06335e+00
259.000      5.94547e+00
260.000      5.76874e+00
261.000      5.55684e+00
262.000      5.34751e+00
263.000      5.18454e+00
264.000      5.10663e+00
265.000      5.13600e+00
266.000      5.27039e+00
267.000      5.48131e+00
268.000      5.71931e+00
269.000      5.92481e+00
270.000      6.04089e+00
271.000      6.02434e+00
272.000      5.85237e+00
273.000      5.52407e+00
274.000      5.05795e+00
275.000      4.48714e+00
276.000      3.85401e+00
277.000      3.20525e+00
278.000      2.58751e+00
279.000      2.04395e+00
280.000      1.61164e+00
281.000      1.32003e+00
282.000      1.19032e+00
283.000      1.23520e+00
284.000      1.45839e+00
285.000      1.85359e+00
286.000      2.40306e+00
287.000      3.07690e+00
288.000      3.83412e+00
289.000      4.62631e+00
290.000      5.40380e+00
291.000      6.12292e+00
292.000      6.75253e+00
293.000      7.27785e+00
294.000      7.70071e+00
295.000      8.03619e+00
296.000      8.30692e+00
297.000      8.53651e+00
298.000      8.74384e+00
299.000      8.93935e+00
300.000      9.12406e+00
301.000      9.29129e+00
302.000      9.43032e+00
303.000      9.53086e+00
304.000      9.58657e+00
305.000      9.59674e+00
306.000      9.56573e+00
307.000      9.50103e+00
308.000      9.41129e+00
309.000      9.30557e+00
310.000      9.19416e+00
311.000      9.09048e+00
312.000      9.01270e+00
313.000      8.98400e+00
314.000      9.03074e+00
315.000      9.17888e+00
316.000      9.44956e+00
317.000      9.85494e+00
318.000      1.03952e+01
319.000      1.10575e+01
320.000      1.18170e+01
321.000      1.26407e+01
322.000      1.34925e+01
323.000      1.43401e+01
324.000      1.51607e+01
325.000      1.59449e+01
326.000      1.66957e+01
327.000      1.74236e+01
328.000      1.81383e+01
329.000      1.88405e+01
330.000      1.95167e+01
331.000      2.01395e+01
332.000      2.06738e+01
333.000      2.10870e+01
334.000      2.13591e+01
335.000      2.14890e+01
336.000      2.14959e+01
337.000      2.14142e+01
338.000      2.12859e+01
339.000      2.11528e+01
340.000      2.10503e+01
341.000      2.10046e+01
342.000      2.10325e+01
343.000      2.11424e+01
344.000      2.13354e+01
345.000      2.16058e+01
346.000      2.19425e+01
347.000      2.23295e+01
348.000      2.27489e+01
349.000      2.31835e+01
350.000      2.36189e+01
351.000      2.40448e+01
352.000      2.44534e+01
353.000      2.48359e+01
354.000      2.51774e+01
355.000      2.54529e+01
356.000      2.56247e+01
357.000      2.56444e+01
358.000      2.54593e+01
359.000      2.50216e+01
360.000      2.43000e+01
361.000      2.32887e+01
362.000      2.20132e+01
363.000      2.05289e+01
364.000      1.89131e+01
365.000      1.72524e+01
366.000      1.56279e+01
367.000      1.41030e+01
368.000      1.27162e+01
369.000      1.14818e+01
370.000      1.03965e+01
371.000      9.44853e+00
372.000      8.62749e+00
373.000      7.92994e+00
374.000      7.36135e+00
375.000      6.93504e+00
376.000      6.66996e+00
377.000      6.58884e+00
378.000      6.71659e+00
379.000      7.07797e+00
380.000      7.69360e+00
381.000      8.57390e+00
382.000      9.71226e+00
383.000      1.10792e+01
384.000      1.26191e+01
385.000      1.42509e+01
386.000      1.58719e+01
387.000      1.73644e+01
388.000      1.86052e+01
389.000      1.94764e+01
390.000      1.98778e+01
391.000      1.97405e+01
392.000      1.90394e+01
393.000      1.78012e+01
394.000      1.61062e+01
395.000      1.40807e+01
396.000      1.18807e+01
397.000      9.67090e+00
398.000      7.60214e+00
399.000      5.79302e+00
400.000      4.31924e+00
401.000      3.21159e+00
402.000      2.46128e+00
403.000      2.03005e+00
404.000      1.86167e+00
405.000      1.89242e+00
406.000      2.05899e+00
407.000      2.30371e+00
408.000      2.57740e+00
409.000      2.84105e+00
410.000      3.06661e+00
411.000      3.23741e+00
412.000      3.34778e+00
413.000      3.40135e+00
414.000      3.40800e+00
415.000      3.37958e+00
416.000      3.32563e+00
417.000      3.25024e+00
418.000      3.15113e+00
419.000      3.02129e+00
420.000      2.85255e+00
421.000      2.63993e+00
422.000      2.38529e+00
423.000      2.09922e+00
424.000      1.80039e+00
425.000      1.51270e+00
426.000      1.26082e+00
427.000      1.06525e+00
428.000      9.38066e-01
429.000      8.80283e-01
430.000      8.81444e-01
431.000      9.21623e-01
432.000      9.75465e-01
433.000      1.01744e+00
434.000      1.02708e+00
435.000      9.92874e-01
436.000      9.13817e-01
437.000      7.98305e-01
438.000      6.60895e-01
439.000      5.18075e-01
440.000      3.84385e-01
441.000      2.69872e-01
442.000      1.79275e-01
443.000      1.12675e-01
444.000      6.69984e-02
445.000      3.76901e-02
446.000      2.00591e-02
447.000      1.00999e-02
448.000      4.81102e-03
449.000      2.16809e-03
450.000      9.24350e-04
451.000      3.72831e-04
452.000      1.42268e-04
453.000      5.13591e-05
454.000      1.75407e-05
455.000      5.66753e-06
456.000      1.73244e-06
457.000      5.01002e-07
458.000      1.37069e-07
459.000      3.54778e-08
460.000      8.68743e-09
461.000      2.01253e-09
462.000      4.41076e-10
463.000      9.14536e-11
464.000      1.79393e-11
465.000      3.32911e-12
466.000      5.84479e-13
467.000      9.70794e-14
468.000      1.52547e-14
469.000      2.26775e-15
470.000      3.18938e-16
471.000      4.24360e-17
472.000      5.34171e-18
473.000      6.36127e-19
474.000      7.16680e-20
475.000      7.63878e-21
476.000      7.70265e-22
477.000      7.34808e-23
478.000      6.63171e-24
479.000      5.66232e-25
480.000      4.57385e-26
481.000      3.49531e-27
482.000      2.52701e-28
483.000      1.72841e-29
484.000      1.11842e-30
485.000      6.84667e-32
486.000      3.96526e-33
487.000      2.17261e-34
488.000      1.12618e-35
489.000      5.52273e-37
490.000      2.56222e-38
491.000      1.12460e-39
492.000      4.66976e-41
493.000      1.83447e-42
494.000      6.81779e-44
495.000      2.39715e-45
496.000      7.97375e-47
497.000      2.50928e-48
498.000      7.47054e-50
499.000      2.10413e-51
500.000      5.60676e-53
