# Gaussian folded, width=10 cm^-1
# [cm^-1] arbitrary
0.000      3.00000e+00
1.000      2.91796e+00
2.000      2.68508e+00
3.000      2.33749e+00
4.000      1.92514e+00
5.000      1.50000e+00
6.000      1.10570e+00
7.000      7.71085e-01
8.000      5.08727e-01
9.000      3.17529e-01
10.000      1.87500e-01
11.000      1.04746e-01
12.000      5.53590e-02
13.000      2.76796e-02
14.000      1.30934e-02
15.000      5.86005e-03
16.000      2.48305e-03
17.000      1.00141e-03
18.000      4.01103e-04
19.000      2.08485e-04
20.000      2.54256e-04
21.000      5.75859e-04
22.000      1.43855e-03
23.000      3.48162e-03
24.000      8.02366e-03
25.000      1.75749e-02
26.000      3.65885e-02
27.000      7.24148e-02
28.000      1.36283e-01
29.000      2.43939e-01
30.000      4.15367e-01
31.000      6.72932e-01
32.000      1.03744e+00
33.000      1.52218e+00
34.000      2.12583e+00
35.000      2.82613e+00
36.000      3.57676e+00
37.000      4.30980e+00
38.000      4.94449e+00
39.000      5.40146e+00
40.000      5.61895e+00
41.000      5.56650e+00
42.000      5.25195e+00
43.000      4.71951e+00
44.000      4.03960e+00
45.000      3.29357e+00
46.000      2.55803e+00
47.000      1.89275e+00
48.000      1.33460e+00
49.000      8.97678e-01
50.000      5.78104e-01
51.000      3.61117e-01
52.000      2.28249e-01
53.000      1.63111e-01
54.000      1.55157e-01
55.000      2.01407e-01
56.000      3.06386e-01
57.000      4.80505e-01
58.000      7.37089e-01
59.000      1.08820e+00
60.000      1.53969e+00
61.000      2.08621e+00
62.000      2.70733e+00
63.000      3.36600e+00
64.000      4.01040e+00
65.000      4.57959e+00
66.000      5.01242e+00
67.000      5.25795e+00
68.000      5.28514e+00
69.000      5.08922e+00
70.000      4.69307e+00
71.000      4.14307e+00
72.000      3.50050e+00
73.000      2.83086e+00
74.000      2.19375e+00
75.000      1.63587e+00
76.000      1.18820e+00
77.000      8.67394e-01
78.000      6.79913e-01
79.000      6.26994e-01
80.000      7.08399e-01
81.000      9.23618e-01
82.000      1.27012e+00
83.000      1.73938e+00
84.000      2.31222e+00
85.000      2.95550e+00
86.000      3.62188e+00
87.000      4.25371e+00
88.000      4.79078e+00
89.000      5.18066e+00
90.000      5.38932e+00
91.000      5.40963e+00
92.000      5.26525e+00
93.000      5.00886e+00
94.000      4.71436e+00
95.000      4.46442e+00
96.000      4.33592e+00
97.000      4.38641e+00
98.000      4.64480e+00
99.000      5.10826e+00
100.000      5.74588e+00
101.000      6.50749e+00
102.000      7.33484e+00
103.000      8.17225e+00
104.000      8.97390e+00
105.000      9.70700e+00
106.000      1.03510e+01
107.000      1.08943e+01
108.000      1.13308e+01
109.000      1.16563e+01
110.000      1.18672e+01
111.000      1.19606e+01
112.000      1.19353e+01
113.000      1.17936e+01
114.000      1.15423e+01
115.000      1.11931e+01
116.000      1.07621e+01
117.000      1.02678e+01
118.000      9.73038e+00
119.000      9.17047e+00
120.000      8.61056e+00
121.000      8.07644e+00
122.000      7.59846e+00
123.000      7.21046e+00
124.000      6.94589e+00
125.000      6.83112e+00
126.000      6.87809e+00
127.000      7.07873e+00
128.000      7.40375e+00
129.000      7.80704e+00
130.000      8.23507e+00
131.000      8.63902e+00
132.000      8.98583e+00
133.000      9.26466e+00
134.000      9.48647e+00
135.000      9.67690e+00
136.000      9.86496e+00
137.000      1.00717e+01
138.000      1.03026e+01
139.000      1.05465e+01
140.000      1.07797e+01
141.000      1.09747e+01
142.000      1.11083e+01
143.000      1.11678e+01
144.000      1.11532e+01
145.000      1.10764e+01
146.000      1.09582e+01
147.000      1.08248e+01
148.000      1.07037e+01
149.000      1.06202e+01
150.000      1.05928e+01
151.000      1.06300e+01
152.000      1.07271e+01
153.000      1.08657e+01
154.000      1.10160e+01
155.000      1.11418e+01
156.000      1.12078e+01
157.000      1.11864e+01
158.000      1.10632e+01
159.000      1.08400e+01
160.000      1.05335e+01
161.000      1.01715e+01
162.000      9.78654e+00
163.000      9.40869e+00
164.000      9.06025e+00
165.000      8.75269e+00
166.000      8.48708e+00
167.000      8.25710e+00
168.000      8.05307e+00
169.000      7.86543e+00
170.000      7.68663e+00
171.000      7.51152e+00
172.000      7.33705e+00
173.000      7.16214e+00
174.000      6.98818e+00
175.000      6.81980e+00
176.000      6.66531e+00
177.000      6.53642e+00
178.000      6.44700e+00
179.000      6.41121e+00
180.000      6.44113e+00
181.000      6.54410e+00
182.000      6.71986e+00
183.000      6.95843e+00
184.000      7.23935e+00
185.000      7.53354e+00
186.000      7.80780e+00
187.000      8.03151e+00
188.000      8.18354e+00
189.000      8.25751e+00
190.000      8.26329e+00
191.000      8.22421e+00
192.000      8.17057e+00
193.000      8.13153e+00
194.000      8.12792e+00
195.000      8.16810e+00
196.000      8.24786e+00
197.000      8.35379e+00
198.000      8.46828e+00
199.000      8.57394e+00
200.000      8.65606e+00
201.000      8.70295e+00
202.000      8.70522e+00
203.000      8.65573e+00
204.000      8.55088e+00
205.000      8.39324e+00
206.000      8.19369e+00
207.000      7.97137e+00
208.000      7.75040e+00
209.000      7.55383e+00
210.000      7.39710e+00
211.000      7.28362e+00
212.000      7.20482e+00
213.000      7.14495e+00
214.000      7.08918e+00
215.000      7.03189e+00
216.000      6.98190e+00
217.000      6.96233e+00
218.000      7.00474e+00
219.000      7.13929e+00
220.000      7.38411e+00
221.000      7.73752e+00
222.000      8.17582e+00
223.000      8.65755e+00
224.000      9.13310e+00
225.000      9.55643e+00
226.000      9.89528e+00
227.000      1.01366e+01
228.000      1.02857e+01
229.000      1.03600e+01
230.000      1.03808e+01
231.000      1.03646e+01
232.000      1.03205e+01
233.000      1.02500e+01
234.000      1.01523e+01
235.000      1.00292e+01
236.000      9.88841e+00
237.000      9.74219e+00
238.000      9.60309e+00
239.000      9.47780e+00
240.000      9.36292e+00
241.000      9.24488e+00
242.000      9.10468e+00
243.000      8.92579e+00
244.000      8.70199e+00
245.000      8.44168e+00
246.000      8.16683e+00
247.000      7.90674e+00
248.000      7.68909e+00
249.000      7.53152e+00
250.000      7.43651e+00
251.000      7.39093e+00
252.000      7.36970e+00
253.000      7.34198e+00
254.000      7.27807e+00
255.000      7.15534e+00
256.000      6.96205e+00
257.000      6.69839e+00
258.000      6.37465e+00
259.000      6.00681e+00
260.000      5.61110e+00
261.000      5.19922e+00
262.000      4.77612e+00
263.000      4.34126e+00
264.000      3.89281e+00
265.000      3.43288e+00
266.000      2.97135e+00
267.000      2.52652e+00
268.000      2.12197e+00
269.000      1.78072e+00
270.000      1.51877e+00
271.000      1.34037e+00
272.000      1.23669e+00
273.000      1.18839e+00
274.000      1.17151e+00
275.000      1.16466e+00
276.000      1.15569e+00
277.000      1.14564e+00
278.000      1.14921e+00
279.000      1.19142e+00
280.000      1.30191e+00
281.000      1.50819e+00
282.000      1.82972e+00
283.000      2.27411e+00
284.000      2.83572e+00
285.000      3.49640e+00
286.000      4.22771e+00
287.000      4.99353e+00
288.000      5.75284e+00
289.000      6.46291e+00
290.000      7.08343e+00
291.000      7.58198e+00
292.000      7.94056e+00
293.000      8.16131e+00
294.000      8.26923e+00
295.000      8.30954e+00
296.000      8.33921e+00
297.000      8.41396e+00
298.000      8.57426e+00
299.000      8.83457e+00
300.000      9.17923e+00
301.000      9.56632e+00
302.000      9.93855e+00
303.000      1.02379e+01
304.000      1.04200e+01
305.000      1.04643e+01
306.000      1.03775e+01
307.000      1.01899e+01
308.000      9.94598e+00
309.000      9.69360e+00
310.000      9.47428e+00
311.000      9.31823e+00
312.000      9.24442e+00
313.000      9.26400e+00
314.000      9.38478e+00
315.000      9.61385e+00
316.000      9.95709e+00
317.000      1.04162e+01
318.000      1.09846e+01
319.000      1.16457e+01
320.000      1.23723e+01
321.000      1.31313e+01
322.000      1.38884e+01
323.000      1.46149e+01
324.000      1.52913e+01
325.000      1.59098e+01
326.000      1.64731e+01
327.000      1.69908e+01
328.000      1.74748e+01
329.000      1.79349e+01
330.000      1.83747e+01
331.000      1.87910e+01
332.000      1.91750e+01
333.000      1.95160e+01
334.000      1.98054e+01
335.000      2.00403e+01
336.000      2.02250e+01
337.000      2.03709e+01
338.000      2.04942e+01
339.000      2.06148e+01
340.000      2.07537e+01
341.000      2.09313e+01
342.000      2.11652e+01
343.000      2.14666e+01
344.000      2.18368e+01
345.000      2.22645e+01
346.000      2.27272e+01
347.000      2.31952e+01
348.000      2.36390e+01
349.000      2.40373e+01
350.000      2.43818e+01
351.000      2.46767e+01
352.000      2.49334e+01
353.000      2.51599e+01
354.000      2.53507e+01
355.000      2.54802e+01
356.000      2.55023e+01
357.000      2.53581e+01
358.000      2.49887e+01
359.000      2.43515e+01
360.000      2.34326e+01
361.000      2.22542e+01
362.000      2.08725e+01
363.000      1.93675e+01
364.000      1.78277e+01
365.000      1.63324e+01
366.000      1.49391e+01
367.000      1.36768e+01
368.000      1.25475e+01
369.000      1.15350e+01
370.000      1.06172e+01
371.000      9.77719e+00
372.000      9.01197e+00
373.000      8.33433e+00
374.000      7.77018e+00
375.000      7.35192e+00
376.000      7.11101e+00
377.000      7.07216e+00
378.000      7.25072e+00
379.000      7.65352e+00
380.000      8.28127e+00
381.000      9.13052e+00
382.000      1.01929e+01
383.000      1.14507e+01
384.000      1.28706e+01
385.000      1.43963e+01
386.000      1.59445e+01
387.000      1.74063e+01
388.000      1.86543e+01
389.000      1.95560e+01
390.000      1.99919e+01
391.000      1.98747e+01
392.000      1.91665e+01
393.000      1.78901e+01
394.000      1.61307e+01
395.000      1.40266e+01
396.000      1.17498e+01
397.000      9.47970e+00
398.000      7.37713e+00
399.000      5.56243e+00
400.000      4.10375e+00
401.000      3.01621e+00
402.000      2.27093e+00
403.000      1.81041e+00
404.000      1.56613e+00
405.000      1.47430e+00
406.000      1.48695e+00
407.000      1.57661e+00
408.000      1.73424e+00
409.000      1.96169e+00
410.000      2.26112e+00
411.000      2.62484e+00
412.000      3.02896e+00
413.000      3.43328e+00
414.000      3.78762e+00
415.000      4.04273e+00
416.000      4.16194e+00
417.000      4.12961e+00
418.000      3.95351e+00
419.000      3.66080e+00
420.000      3.28942e+00
421.000      2.87854e+00
422.000      2.46116e+00
423.000      2.06080e+00
424.000      1.69212e+00
425.000      1.36401e+00
426.000      1.08281e+00
427.000      8.54435e-01
428.000      6.84583e-01
429.000      5.77546e-01
430.000      5.34275e-01
431.000      5.50550e-01
432.000      6.15898e-01
433.000      7.13700e-01
434.000      8.22739e-01
435.000      9.20164e-01
436.000      9.85369e-01
437.000      1.00387e+00
438.000      9.70038e-01
439.000      8.87835e-01
440.000      7.69181e-01
441.000      6.30595e-01
442.000      4.89147e-01
443.000      3.58979e-01
444.000      2.49245e-01
445.000      1.63722e-01
446.000      1.01743e-01
447.000      5.98169e-02
448.000      3.32706e-02
449.000      1.75071e-02
450.000      8.71537e-03
451.000      4.10464e-03
452.000      1.82887e-03
453.000      7.70916e-04
454.000      3.07432e-04
455.000      1.15987e-04
456.000      4.13987e-05
457.000      1.39792e-05
458.000      4.46574e-06
459.000      1.34966e-06
460.000      3.85897e-07
461.000      1.04385e-07
462.000      2.67129e-08
463.000      6.46727e-09
464.000      1.48129e-09
465.000      3.20978e-10
466.000      6.58004e-11
467.000      1.27614e-11
468.000      2.34147e-12
469.000      4.06438e-13
470.000      6.67449e-14
471.000      1.03695e-14
472.000      1.52412e-15
473.000      2.11931e-16
474.000      2.78798e-17
475.000      3.46977e-18
476.000      4.08536e-19
477.000      4.55069e-20
478.000      4.79559e-21
479.000      4.78106e-22
480.000      4.50946e-23
481.000      4.02385e-24
482.000      3.39685e-25
483.000      2.71287e-26
484.000      2.04974e-27
485.000      1.46517e-28
486.000      9.90815e-30
487.000      6.33893e-31
488.000      3.83669e-32
489.000      2.19692e-33
490.000      1.19012e-34
491.000      6.09935e-36
492.000      2.95730e-37
493.000      1.35651e-38
494.000      5.88667e-40
495.000      2.41676e-41
496.000      9.38674e-43
497.000      3.44916e-44
498.000      1.19903e-45
499.000      3.94334e-47
500.000      1.22692e-48
