# Gaussian folded, width=10 cm^-1
# [cm^-1] arbitrary
0.000      3.00000e+00
1.000      2.91796e+00
2.000      2.68508e+00
3.000      2.33749e+00
4.000      1.92514e+00
5.000      1.50000e+00
6.000      1.10570e+00
7.000      7.71085e-01
8.000      5.08727e-01
9.000      3.17530e-01
10.000      1.87501e-01
11.000      1.04750e-01
12.000      5.53732e-02
13.000      2.77243e-02
14.000      1.32274e-02
15.000      6.24034e-03
16.000      3.50589e-03
17.000      3.60803e-03
18.000      6.69525e-03
19.000      1.46089e-02
20.000      3.14699e-02
21.000      6.46809e-02
22.000      1.26142e-01
23.000      2.33226e-01
24.000      4.08769e-01
25.000      6.79144e-01
26.000      1.06962e+00
27.000      1.59692e+00
28.000      2.26005e+00
29.000      3.03201e+00
30.000      3.85579e+00
31.000      4.64789e+00
32.000      5.31062e+00
33.000      5.75131e+00
34.000      5.90344e+00
35.000      5.74311e+00
36.000      5.29528e+00
37.000      4.62765e+00
38.000      3.83432e+00
39.000      3.01502e+00
40.000      2.25645e+00
41.000      1.62093e+00
42.000      1.14411e+00
43.000      8.40122e-01
44.000      7.10585e-01
45.000      7.52961e-01
46.000      9.65140e-01
47.000      1.34460e+00
48.000      1.88274e+00
49.000      2.55666e+00
50.000      3.32204e+00
51.000      4.11080e+00
52.000      4.83623e+00
53.000      5.40584e+00
54.000      5.73928e+00
55.000      5.78627e+00
56.000      5.53882e+00
57.000      5.03340e+00
58.000      4.34242e+00
59.000      3.55771e+00
60.000      2.77155e+00
61.000      2.06096e+00
62.000      1.47904e+00
63.000      1.05444e+00
64.000      7.96927e-01
65.000      7.05527e-01
66.000      7.75693e-01
67.000      1.00290e+00
68.000      1.38186e+00
69.000      1.90221e+00
70.000      2.54277e+00
71.000      3.26723e+00
72.000      4.02378e+00
73.000      4.75045e+00
74.000      5.38588e+00
75.000      5.88335e+00
76.000      6.22424e+00
77.000      6.42629e+00
78.000      6.54324e+00
79.000      6.65488e+00
80.000      6.84971e+00
81.000      7.20522e+00
82.000      7.77116e+00
83.000      8.56059e+00
84.000      9.55004e+00
85.000      1.06871e+01
86.000      1.19017e+01
87.000      1.31176e+01
88.000      1.42597e+01
89.000      1.52587e+01
90.000      1.60529e+01
91.000      1.65890e+01
92.000      1.68253e+01
93.000      1.67359e+01
94.000      1.63159e+01
95.000      1.55856e+01
96.000      1.45912e+01
97.000      1.34020e+01
98.000      1.21032e+01
99.000      1.07875e+01
100.000      9.54583e+00
101.000      8.46036e+00
102.000      7.59916e+00
103.000      7.01167e+00
104.000      6.72476e+00
105.000      6.73986e+00
106.000      7.03283e+00
107.000      7.55867e+00
108.000      8.26175e+00
109.000      9.08957e+00
110.000      1.00057e+01
111.000      1.09970e+01
112.000      1.20706e+01
113.000      1.32418e+01
114.000      1.45151e+01
115.000      1.58657e+01
116.000      1.72292e+01
117.000      1.85033e+01
118.000      1.95638e+01
119.000      2.02899e+01
120.000      2.05920e+01
121.000      2.04338e+01
122.000      1.98424e+01
123.000      1.89022e+01
124.000      1.77370e+01
125.000      1.64843e+01
126.000      1.52699e+01
127.000      1.41893e+01
128.000      1.32992e+01
129.000      1.26195e+01
130.000      1.21427e+01
131.000      1.18457e+01
132.000      1.17005e+01
133.000      1.16816e+01
134.000      1.17674e+01
135.000      1.19390e+01
136.000      1.21751e+01
137.000      1.24475e+01
138.000      1.27185e+01
139.000      1.29418e+01
140.000      1.30669e+01
141.000      1.30469e+01
142.000      1.28473e+01
143.000      1.24529e+01
144.000      1.18725e+01
145.000      1.11375e+01
146.000      1.02966e+01
147.000      9.40702e+00
148.000      8.52364e+00
149.000      7.69035e+00
150.000      6.93495e+00
151.000      6.26890e+00
152.000      5.69130e+00
153.000      5.19550e+00
154.000      4.77613e+00
155.000      4.43485e+00
156.000      4.18316e+00
157.000      4.04176e+00
158.000      4.03616e+00
159.000      4.18944e+00
160.000      4.51379e+00
161.000      5.00315e+00
162.000      5.62973e+00
163.000      6.34651e+00
164.000      7.09654e+00
165.000      7.82801e+00
166.000      8.51087e+00
167.000      9.14956e+00
168.000      9.78541e+00
169.000      1.04854e+01
170.000      1.13186e+01
171.000      1.23266e+01
172.000      1.35006e+01
173.000      1.47729e+01
174.000      1.60295e+01
175.000      1.71398e+01
176.000      1.79936e+01
177.000      1.85321e+01
178.000      1.87621e+01
179.000      1.87506e+01
180.000      1.85998e+01
181.000      1.84145e+01
182.000      1.82700e+01
183.000      1.81916e+01
184.000      1.81523e+01
185.000      1.80888e+01
186.000      1.79338e+01
187.000      1.76535e+01
188.000      1.72791e+01
189.000      1.69188e+01
190.000      1.67442e+01
191.000      1.69495e+01
192.000      1.76962e+01
193.000      1.90581e+01
194.000      2.09858e+01
195.000      2.33045e+01
196.000      2.57466e+01
197.000      2.80129e+01
198.000      2.98427e+01
199.000      3.10721e+01
200.000      3.16623e+01
201.000      3.16904e+01
202.000      3.13069e+01
203.000      3.06773e+01
204.000      2.99272e+01
205.000      2.91107e+01
206.000      2.82087e+01
207.000      2.71558e+01
208.000      2.58800e+01
209.000      2.43404e+01
210.000      2.25491e+01
211.000      2.05714e+01
212.000      1.85095e+01
213.000      1.64790e+01
214.000      1.45849e+01
215.000      1.29068e+01
216.000      1.14904e+01
217.000      1.03471e+01
218.000      9.45606e+00
219.000      8.76985e+00
220.000      8.22203e+00
221.000      7.73809e+00
222.000      7.24878e+00
223.000      6.70368e+00
224.000      6.08200e+00
225.000      5.39757e+00
226.000      4.69680e+00
227.000      4.05015e+00
228.000      3.53941e+00
229.000      3.24347e+00
230.000      3.22537e+00
231.000      3.52228e+00
232.000      4.13989e+00
233.000      5.05175e+00
234.000      6.20360e+00
235.000      7.52199e+00
236.000      8.92506e+00
237.000      1.03328e+01
238.000      1.16744e+01
239.000      1.28915e+01
240.000      1.39381e+01
241.000      1.47785e+01
242.000      1.53863e+01
243.000      1.57439e+01
244.000      1.58435e+01
245.000      1.56872e+01
246.000      1.52869e+01
247.000      1.46622e+01
248.000      1.38404e+01
249.000      1.28561e+01
250.000      1.17516e+01
251.000      1.05760e+01
252.000      9.38138e+00
253.000      8.21698e+00
254.000      7.12228e+00
255.000      6.12237e+00
256.000      5.22764e+00
257.000      4.43839e+00
258.000      3.75303e+00
259.000      3.17697e+00
260.000      2.72961e+00
261.000      2.44761e+00
262.000      2.38389e+00
263.000      2.60273e+00
264.000      3.17183e+00
265.000      4.15163e+00
266.000      5.58307e+00
267.000      7.47473e+00
268.000      9.79208e+00
269.000      1.24519e+01
270.000      1.53255e+01
271.000      1.82521e+01
272.000      2.10620e+01
273.000      2.36050e+01
274.000      2.57776e+01
275.000      2.75409e+01
276.000      2.89237e+01
277.000      3.00074e+01
278.000      3.08979e+01
279.000      3.16883e+01
280.000      3.24256e+01
281.000      3.30895e+01
282.000      3.35902e+01
283.000      3.37876e+01
284.000      3.35257e+01
285.000      3.26738e+01
286.000      3.11642e+01
287.000      2.90138e+01
288.000      2.63271e+01
289.000      2.32798e+01
290.000      2.00878e+01
291.000      1.69720e+01
292.000      1.41254e+01
293.000      1.16910e+01
294.000      9.75084e+00
295.000      8.32644e+00
296.000      7.38687e+00
297.000      6.86127e+00
298.000      6.65305e+00
299.000      6.65420e+00
300.000      6.75872e+00
301.000      6.87385e+00
302.000      6.92804e+00
303.000      6.87448e+00
304.000      6.69022e+00
305.000      6.37221e+00
306.000      5.93238e+00
307.000      5.39349e+00
308.000      4.78676e+00
309.000      4.15038e+00
310.000      3.52750e+00
311.000      2.96242e+00
312.000      2.49504e+00
313.000      2.15479e+00
314.000      1.95605e+00
315.000      1.89696e+00
316.000      1.96191e+00
317.000      2.12717e+00
318.000      2.36735e+00
319.000      2.66044e+00
320.000      2.98934e+00
321.000      3.33963e+00
322.000      3.69453e+00
323.000      4.02996e+00
324.000      4.31265e+00
325.000      4.50332e+00
326.000      4.56502e+00
327.000      4.47384e+00
328.000      4.22803e+00
329.000      3.85164e+00
330.000      3.39057e+00
331.000      2.90222e+00
332.000      2.44187e+00
333.000      2.05038e+00
334.000      1.74691e+00
335.000      1.52820e+00
336.000      1.37405e+00
337.000      1.25625e+00
338.000      1.14789e+00
339.000      1.03031e+00
340.000      8.96066e-01
341.000      7.48074e-01
342.000      5.95935e-01
343.000      4.51381e-01
344.000      3.24384e-01
345.000      2.20910e-01
346.000      1.42463e-01
347.000      8.69658e-02
348.000      5.02398e-02
349.000      2.74628e-02
350.000      1.42038e-02
351.000      6.95040e-03
352.000      3.21771e-03
353.000      1.40933e-03
354.000      5.83980e-04
355.000      2.28931e-04
356.000      8.49048e-05
357.000      2.97905e-05
358.000      9.88875e-06
359.000      3.10544e-06
360.000      9.22619e-07
361.000      2.59322e-07
362.000      6.89564e-08
363.000      1.73471e-08
364.000      4.12855e-09
365.000      9.29576e-10
366.000      1.98011e-10
367.000      3.99037e-11
368.000      7.60771e-12
369.000      1.37218e-12
370.000      2.34146e-13
371.000      3.77991e-14
372.000      5.77287e-15
373.000      8.34105e-16
374.000      1.14016e-16
375.000      1.47445e-17
376.000      1.80390e-18
377.000      2.08791e-19
378.000      2.28627e-20
379.000      2.36844e-21
380.000      2.32120e-22
381.000      2.15220e-23
382.000      1.88786e-24
383.000      1.56666e-25
384.000      1.22998e-26
385.000      9.13558e-28
386.000      6.41939e-29
387.000      4.26745e-30
388.000      2.68387e-31
389.000      1.59688e-32
390.000      8.98874e-34
391.000      4.78679e-35
392.000      2.41161e-36
393.000      1.14944e-37
394.000      5.18306e-39
395.000      2.21107e-40
396.000      8.92350e-42
397.000      3.40711e-43
398.000      1.23071e-44
399.000      4.20572e-46
400.000      1.35970e-47
401.000      4.15878e-49
402.000      1.20339e-50
403.000      3.29429e-52
404.000      8.53170e-54
405.000      2.09039e-55
406.000      4.84548e-57
407.000      1.06259e-58
408.000      2.20449e-60
409.000      4.32684e-62
410.000      8.03434e-64
411.000      1.41139e-65
412.000      2.34565e-67
413.000      3.68804e-69
414.000      5.48587e-71
415.000      7.71993e-73
416.000      1.02778e-74
417.000      1.29450e-76
418.000      1.54249e-78
419.000      1.73884e-80
420.000      1.85445e-82
421.000      1.87107e-84
422.000      1.78600e-86
423.000      1.61283e-88
424.000      1.37789e-90
425.000      1.11368e-92
426.000      8.51570e-95
427.000      6.16026e-97
428.000      4.21595e-99
429.000     2.72967e-101
430.000     1.67202e-103
431.000     9.68927e-106
432.000     5.31200e-108
433.000     2.75513e-110
434.000     1.35190e-112
435.000     6.27574e-115
436.000     2.75614e-117
437.000     1.14514e-119
438.000     4.50121e-122
439.000     1.67386e-124
440.000     5.88881e-127
441.000     1.95999e-129
442.000     6.17157e-132
443.000     1.83847e-134
444.000     5.18125e-137
445.000     1.38143e-139
446.000     3.48453e-142
447.000     8.31524e-145
448.000     1.87726e-147
449.000     4.00949e-150
450.000     8.10165e-153
451.000     1.54873e-155
452.000     2.80088e-158
453.000     4.79215e-161
454.000     7.75683e-164
455.000     1.18784e-166
456.000     1.72086e-169
457.000     2.35859e-172
458.000     3.05828e-175
459.000     3.75163e-178
460.000     4.35391e-181
461.000     4.78032e-184
462.000     4.96537e-187
463.000     4.87937e-190
464.000     4.53622e-193
465.000     3.98972e-196
466.000     3.31977e-199
467.000     2.61331e-202
468.000     1.94622e-205
469.000     1.37123e-208
470.000     9.13998e-212
471.000     5.76366e-215
472.000     3.43850e-218
473.000     1.94070e-221
474.000     1.03625e-224
475.000     5.23466e-228
476.000     2.50167e-231
477.000     1.13107e-234
478.000     4.83799e-238
479.000     1.95776e-241
480.000     7.49499e-245
481.000     2.71457e-248
482.000     9.30138e-252
483.000     3.01517e-255
484.000     9.24686e-259
485.000     2.68284e-262
486.000     7.36396e-266
487.000     1.91226e-269
488.000     4.69785e-273
489.000     1.09187e-276
490.000     2.40081e-280
491.000     4.99416e-284
492.000     9.82846e-288
493.000     1.82989e-291
494.000     3.22318e-295
495.000     5.37106e-299
496.000     8.46747e-303
497.000     1.26289e-306
498.000     1.78194e-310
499.000     2.37870e-314
500.000     3.00402e-318
