# Gaussian folded, width=10 cm^-1
# [cm^-1] arbitrary
0.000      3.00000e+00
1.000      2.91796e+00
2.000      2.68508e+00
3.000      2.33749e+00
4.000      1.92514e+00
5.000      1.50000e+00
6.000      1.10570e+00
7.000      7.71085e-01
8.000      5.08727e-01
9.000      3.17529e-01
10.000      1.87500e-01
11.000      1.04746e-01
12.000      5.53590e-02
13.000      2.76795e-02
14.000      1.30932e-02
15.000      5.85941e-03
16.000      2.48082e-03
17.000      9.94061e-04
18.000      3.78112e-04
19.000      1.40345e-04
20.000      6.27983e-05
21.000      6.58105e-05
22.000      1.50001e-04
23.000      3.94151e-04
24.000      1.00620e-03
25.000      2.44354e-03
26.000      5.63430e-03
27.000      1.23381e-02
28.000      2.56730e-02
29.000      5.07908e-02
30.000      9.56039e-02
31.000      1.71346e-01
32.000      2.92638e-01
33.000      4.76668e-01
34.000      7.41143e-01
35.000      1.10092e+00
36.000      1.56360e+00
37.000      2.12473e+00
38.000      2.76397e+00
39.000      3.44330e+00
40.000      4.10868e+00
41.000      4.69564e+00
42.000      5.13858e+00
43.000      5.38216e+00
44.000      5.39235e+00
45.000      5.16419e+00
46.000      4.72380e+00
47.000      4.12380e+00
48.000      3.43299e+00
49.000      2.72321e+00
50.000      2.05687e+00
51.000      1.47831e+00
52.000      1.01044e+00
53.000      6.56537e-01
54.000      4.05569e-01
55.000      2.38692e-01
56.000      1.35224e-01
57.000      7.69444e-02
58.000      5.05586e-02
59.000      4.87188e-02
60.000      7.01928e-02
61.000      1.19610e-01
62.000      2.06897e-01
63.000      3.46206e-01
64.000      5.53964e-01
65.000      8.45759e-01
66.000      1.23216e+00
67.000      1.71407e+00
68.000      2.27873e+00
69.000      2.89771e+00
70.000      3.52802e+00
71.000      4.11667e+00
72.000      4.60804e+00
73.000      4.95253e+00
74.000      5.11458e+00
75.000      5.07826e+00
76.000      4.84940e+00
77.000      4.45407e+00
78.000      3.93409e+00
79.000      3.34053e+00
80.000      2.72659e+00
81.000      2.14112e+00
82.000      1.62392e+00
83.000      1.20335e+00
84.000      8.96456e-01
85.000      7.10899e-01
86.000      6.47564e-01
87.000      7.02687e-01
88.000      8.68719e-01
89.000      1.13391e+00
90.000      1.48138e+00
91.000      1.88870e+00
92.000      2.32890e+00
93.000      2.77280e+00
94.000      3.19213e+00
95.000      3.56229e+00
96.000      3.86392e+00
97.000      4.08344e+00
98.000      4.21301e+00
99.000      4.25086e+00
100.000      4.20232e+00
101.000      4.08117e+00
102.000      3.91038e+00
103.000      3.72152e+00
104.000      3.55230e+00
105.000      3.44278e+00
106.000      3.43070e+00
107.000      3.54696e+00
108.000      3.81178e+00
109.000      4.23209e+00
110.000      4.80034e+00
111.000      5.49479e+00
112.000      6.28120e+00
113.000      7.11560e+00
114.000      7.94798e+00
115.000      8.72680e+00
116.000      9.40430e+00
117.000      9.94226e+00
118.000      1.03174e+01
119.000      1.05255e+01
120.000      1.05822e+01
121.000      1.05201e+01
122.000      1.03833e+01
123.000      1.02177e+01
124.000      1.00623e+01
125.000      9.94168e+00
126.000      9.86148e+00
127.000      9.80892e+00
128.000      9.75734e+00
129.000      9.67391e+00
130.000      9.52869e+00
131.000      9.30245e+00
132.000      8.99150e+00
133.000      8.60804e+00
134.000      8.17633e+00
135.000      7.72614e+00
136.000      7.28581e+00
137.000      6.87733e+00
138.000      6.51486e+00
139.000      6.20651e+00
140.000      5.95767e+00
141.000      5.77356e+00
142.000      5.65940e+00
143.000      5.61783e+00
144.000      5.64553e+00
145.000      5.73134e+00
146.000      5.85797e+00
147.000      6.00751e+00
148.000      6.16876e+00
149.000      6.34310e+00
150.000      6.54601e+00
151.000      6.80299e+00
152.000      7.14112e+00
153.000      7.57967e+00
154.000      8.12308e+00
155.000      8.75907e+00
156.000      9.46159e+00
157.000      1.01970e+01
158.000      1.09301e+01
159.000      1.16288e+01
160.000      1.22646e+01
161.000      1.28131e+01
162.000      1.32528e+01
163.000      1.35669e+01
164.000      1.37459e+01
165.000      1.37912e+01
166.000      1.37168e+01
167.000      1.35484e+01
168.000      1.33187e+01
169.000      1.30603e+01
170.000      1.27977e+01
171.000      1.25411e+01
172.000      1.22829e+01
173.000      1.19986e+01
174.000      1.16528e+01
175.000      1.12082e+01
176.000      1.06378e+01
177.000      9.93391e+00
178.000      9.11440e+00
179.000      8.22120e+00
180.000      7.31245e+00
181.000      6.45004e+00
182.000      5.68658e+00
183.000      5.05563e+00
184.000      4.56787e+00
185.000      4.21345e+00
186.000      3.96876e+00
187.000      3.80499e+00
188.000      3.69588e+00
189.000      3.62314e+00
190.000      3.57896e+00
191.000      3.56564e+00
192.000      3.59251e+00
193.000      3.67099e+00
194.000      3.80888e+00
195.000      4.00579e+00
196.000      4.25159e+00
197.000      4.52864e+00
198.000      4.81737e+00
199.000      5.10274e+00
200.000      5.37892e+00
201.000      5.65024e+00
202.000      5.92791e+00
203.000      6.22413e+00
204.000      6.54572e+00
205.000      6.88938e+00
206.000      7.23977e+00
207.000      7.57037e+00
208.000      7.84674e+00
209.000      8.03164e+00
210.000      8.09147e+00
211.000      8.00363e+00
212.000      7.76328e+00
213.000      7.38788e+00
214.000      6.91700e+00
215.000      6.40626e+00
216.000      5.91587e+00
217.000      5.49659e+00
218.000      5.17742e+00
219.000      4.95933e+00
220.000      4.81704e+00
221.000      4.70830e+00
222.000      4.58703e+00
223.000      4.41577e+00
224.000      4.17365e+00
225.000      3.85811e+00
226.000      3.48142e+00
227.000      3.06436e+00
228.000      2.63006e+00
229.000      2.19965e+00
230.000      1.79035e+00
231.000      1.41520e+00
232.000      1.08347e+00
233.000      8.00934e-01
234.000      5.69869e-01
235.000      3.89080e-01
236.000      2.54223e-01
237.000      1.58596e-01
238.000      9.42826e-02
239.000      5.33282e-02
240.000      2.86633e-02
241.000      1.46256e-02
242.000      7.07923e-03
243.000      3.24852e-03
244.000      1.41257e-03
245.000      5.81843e-04
246.000      2.26961e-04
247.000      8.38207e-05
248.000      2.93048e-05
249.000      9.69874e-06
250.000      3.04410e-06
251.000      9.30377e-07
252.000      3.73556e-07
253.000      5.24902e-07
254.000      1.65456e-06
255.000      5.54567e-06
256.000      1.77419e-05
257.000      5.37362e-05
258.000      1.53997e-04
259.000      4.17578e-04
260.000      1.07143e-03
261.000      2.60147e-03
262.000      5.97798e-03
263.000      1.30028e-02
264.000      2.67771e-02
265.000      5.22242e-02
266.000      9.65068e-02
267.000      1.69084e-01
268.000      2.81128e-01
269.000      4.44137e-01
270.000      6.67898e-01
271.000      9.58349e-01
272.000      1.31622e+00
273.000      1.73718e+00
274.000      2.21375e+00
275.000      2.73785e+00
276.000      3.30244e+00
277.000      3.90033e+00
278.000      4.51975e+00
279.000      5.13830e+00
280.000      5.71913e+00
281.000      6.21346e+00
282.000      6.57153e+00
283.000      6.76040e+00
284.000      6.78289e+00
285.000      6.68991e+00
286.000      6.57965e+00
287.000      6.58114e+00
288.000      6.82529e+00
289.000      7.41120e+00
290.000      8.37759e+00
291.000      9.68782e+00
292.000      1.12332e+01
293.000      1.28537e+01
294.000      1.43694e+01
295.000      1.56146e+01
296.000      1.64652e+01
297.000      1.68551e+01
298.000      1.67800e+01
299.000      1.62924e+01
300.000      1.54917e+01
301.000      1.45116e+01
302.000      1.35052e+01
303.000      1.26259e+01
304.000      1.20035e+01
305.000      1.17192e+01
306.000      1.17856e+01
307.000      1.21391e+01
308.000      1.26510e+01
309.000      1.31556e+01
310.000      1.34907e+01
311.000      1.35392e+01
312.000      1.32604e+01
313.000      1.27031e+01
314.000      1.19961e+01
315.000      1.13197e+01
316.000      1.08649e+01
317.000      1.07902e+01
318.000      1.11879e+01
319.000      1.20652e+01
320.000      1.33471e+01
321.000      1.48972e+01
322.000      1.65514e+01
323.000      1.81548e+01
324.000      1.95916e+01
325.000      2.08005e+01
326.000      2.17752e+01
327.000      2.25503e+01
328.000      2.31804e+01
329.000      2.37191e+01
330.000      2.42030e+01
331.000      2.46453e+01
332.000      2.50372e+01
333.000      2.53558e+01
334.000      2.55740e+01
335.000      2.56690e+01
336.000      2.56259e+01
337.000      2.54380e+01
338.000      2.51047e+01
339.000      2.46308e+01
340.000      2.40280e+01
341.000      2.33192e+01
342.000      2.25430e+01
343.000      2.17537e+01
344.000      2.10174e+01
345.000      2.04012e+01
346.000      1.99614e+01
347.000      1.97323e+01
348.000      1.97218e+01
349.000      1.99129e+01
350.000      2.02734e+01
351.000      2.07679e+01
352.000      2.13689e+01
353.000      2.20624e+01
354.000      2.28463e+01
355.000      2.37199e+01
356.000      2.46706e+01
357.000      2.56618e+01
358.000      2.66273e+01
359.000      2.74758e+01
360.000      2.81047e+01
361.000      2.84193e+01
362.000      2.83498e+01
363.000      2.78641e+01
364.000      2.69704e+01
365.000      2.57130e+01
366.000      2.41618e+01
367.000      2.24001e+01
368.000      2.05133e+01
369.000      1.85811e+01
370.000      1.66727e+01
371.000      1.48471e+01
372.000      1.31554e+01
373.000      1.16440e+01
374.000      1.03563e+01
375.000      9.33171e+00
376.000      8.60086e+00
377.000      8.18100e+00
378.000      8.07277e+00
379.000      8.26192e+00
380.000      8.72584e+00
381.000      9.44225e+00
382.000      1.03954e+01
383.000      1.15759e+01
384.000      1.29728e+01
385.000      1.45619e+01
386.000      1.62979e+01
387.000      1.81143e+01
388.000      1.99349e+01
389.000      2.16900e+01
390.000      2.33288e+01
391.000      2.48189e+01
392.000      2.61302e+01
393.000      2.72121e+01
394.000      2.79755e+01
395.000      2.82935e+01
396.000      2.80252e+01
397.000      2.70569e+01
398.000      2.53455e+01
399.000      2.29459e+01
400.000      2.00128e+01
401.000      1.67744e+01
402.000      1.34874e+01
403.000      1.03892e+01
404.000      7.66009e+00
405.000      5.40436e+00
406.000      3.65111e+00
407.000      2.36995e+00
408.000      1.49373e+00
409.000      9.40828e-01
410.000      6.32069e-01
411.000      5.00266e-01
412.000      4.93030e-01
413.000      5.71049e-01
414.000      7.04476e-01
415.000      8.69647e-01
416.000      1.04738e+00
417.000      1.22306e+00
418.000      1.38771e+00
419.000      1.53897e+00
420.000      1.68097e+00
421.000      1.82281e+00
422.000      1.97585e+00
423.000      2.15067e+00
424.000      2.35421e+00
425.000      2.58765e+00
426.000      2.84498e+00
427.000      3.11237e+00
428.000      3.36860e+00
429.000      3.58675e+00
430.000      3.73746e+00
431.000      3.79367e+00
432.000      3.73585e+00
433.000      3.55675e+00
434.000      3.26403e+00
435.000      2.88002e+00
436.000      2.43838e+00
437.000      1.97827e+00
438.000      1.53785e+00
439.000      1.14865e+00
440.000      8.32214e-01
441.000      5.99406e-01
442.000      4.51861e-01
443.000      3.84439e-01
444.000      3.87456e-01
445.000      4.47957e-01
446.000      5.50072e-01
447.000      6.75084e-01
448.000      8.02105e-01
449.000      9.09950e-01
450.000      9.80129e-01
451.000      1.00017e+00
452.000      9.66083e-01
453.000      8.83009e-01
454.000      7.63605e-01
455.000      6.24747e-01
456.000      4.83573e-01
457.000      3.54111e-01
458.000      2.45321e-01
459.000      1.60786e-01
460.000      9.96967e-02
461.000      5.84830e-02
462.000      3.24561e-02
463.000      1.70405e-02
464.000      8.46415e-03
465.000      3.97743e-03
466.000      1.76824e-03
467.000      7.43696e-04
468.000      2.95915e-04
469.000      1.11393e-04
470.000      3.96703e-05
471.000      1.33657e-05
472.000      4.26023e-06
473.000      1.28468e-06
474.000      3.66498e-07
475.000      9.89163e-08
476.000      2.52570e-08
477.000      6.10115e-09
478.000      1.39431e-09
479.000      3.01458e-10
480.000      6.16609e-11
481.000      1.19319e-11
482.000      2.18439e-12
483.000      3.78327e-13
484.000      6.19899e-14
485.000      9.60932e-15
486.000      1.40923e-15
487.000      1.95519e-16
488.000      2.56633e-17
489.000      3.18680e-18
490.000      3.74382e-19
491.000      4.16095e-20
492.000      4.37509e-21
493.000      4.35211e-22
494.000      4.09571e-23
495.000      3.64651e-24
496.000      3.07144e-25
497.000      2.44752e-26
498.000      1.84513e-27
499.000      1.31596e-28
500.000      8.87932e-30
