4.500000000000000000e+01
4.376940000000000452e+01
4.027619999999999578e+01
3.506234999999999502e+01
2.887709999999999511e+01
2.250000000000000000e+01
1.658550000000000324e+01
1.156627499999999920e+01
7.630905000000002936e+00
4.762935000000000585e+00
2.812500000000000000e+00
1.571190000000000087e+00
8.303850000000002618e-01
4.151935000000000486e-01
1.964007000000000114e-01
8.790021000000000639e-02
3.724427000000000293e-02
1.501706699999999853e-02
6.005841999999999951e-03
3.101936000000000450e-03
3.759543999999999647e-03
8.535126000000000518e-03
2.141474000000000155e-02
5.203682999999999920e-02
1.203265400000000096e-01
2.642661000000000038e-01
5.512555999999999568e-01
1.092447299999999899e+00
2.057323999999999486e+00
3.682841000000000697e+00
6.268501999999999796e+00
1.014769700000000086e+01
1.562832299999999996e+01
2.290401999999999916e+01
3.194983000000000573e+01
4.243049999999999500e+01
5.365621000000001573e+01
6.461878999999998996e+01
7.412121999999999389e+01
8.098396000000001038e+01
8.428244999999999720e+01
8.354980999999999369e+01
7.888479999999999848e+01
7.093016000000001497e+01
6.072853000000000634e+01
4.949930000000000518e+01
3.840287999999999613e+01
2.835374999999999801e+01
1.992203999999999908e+01
1.332938500000000026e+01
8.518476999999998966e+00
5.261146000000000100e+00
3.269931000000000143e+00
2.289490999999999943e+00
2.156939000000000384e+00
2.830278999999999989e+00
4.388181000000000331e+00
7.004017999999999411e+00
1.089617300000000100e+01
1.625750899999999888e+01
2.317221000000000330e+01
3.153548000000000329e+01
4.099693999999998795e+01
5.094937999999999789e+01
6.057536000000000342e+01
6.895121000000001743e+01
7.518961000000000183e+01
7.859040000000000248e+01
7.876524999999998045e+01
7.570716000000000179e+01
6.979021000000000186e+01
6.170100000000000051e+01
5.232017000000000451e+01
4.258212000000000330e+01
3.334436999999999784e+01
2.529328999999999894e+01
1.889995000000000402e+01
1.442558799999999586e+01
1.196225599999999822e+01
1.148718999999999824e+01
1.290982299999999938e+01
1.609777499999999861e+01
2.087875999999999621e+01
2.702462000000000231e+01
3.423002999999999929e+01
4.209807999999999595e+01
5.014371000000000578e+01
5.781985000000000241e+01
6.456744000000000483e+01
6.988581000000000643e+01
7.341558999999999457e+01
7.502031999999998391e+01
7.484896000000000527e+01
7.335809999999999320e+01
7.127723999999999194e+01
6.951185999999999865e+01
6.899602000000001567e+01
7.052455999999999392e+01
7.460565000000001135e+01
8.137082999999998378e+01
9.056628000000000611e+01
1.016217999999999932e+02
1.137751399999999933e+02
1.262123299999999801e+02
1.381889700000000119e+02
1.491081000000000074e+02
1.585491799999999785e+02
1.662590999999999894e+02
1.721211999999999875e+02
1.761196000000000197e+02
1.783082999999999743e+02
1.787846000000000117e+02
1.776698999999999842e+02
1.750899000000000001e+02
1.711637999999999806e+02
1.660037000000000376e+02
1.597266700000000128e+02
1.524819699999999898e+02
1.444802099999999996e+02
1.360147899999999765e+02
1.274649100000000033e+02
1.192732800000000282e+02
1.119028500000000150e+02
1.057811200000000014e+02
1.012455799999999897e+02
9.850238000000000227e+01
9.760782999999999276e+01
9.847674000000000660e+01
1.009155900000000230e+02
1.046714099999999945e+02
1.094839299999999724e+02
1.151252800000000036e+02
1.214167099999999948e+02
1.282175900000000013e+02
1.353935699999999827e+02
1.427777900000000102e+02
1.501440299999999581e+02
1.572049800000000062e+02
1.636419899999999927e+02
1.691577000000000055e+02
1.735334000000000287e+02
1.766731000000000051e+02
1.786158000000000357e+02
1.795144999999999982e+02
1.795906999999999698e+02
1.790809999999999889e+02
1.781916999999999973e+02
1.770782000000000096e+02
1.758409000000000049e+02
1.745411999999999750e+02
1.732120999999999640e+02
1.718715999999999724e+02
1.705199999999999818e+02
1.691370999999999754e+02
1.676778000000000191e+02
1.660737000000000023e+02
1.642435000000000116e+02
1.621034999999999968e+02
1.595784299999999689e+02
1.566125299999999925e+02
1.531732400000000212e+02
1.492546099999999853e+02
1.448826099999999997e+02
1.401163499999999829e+02
1.350556499999999858e+02
1.298446500000000015e+02
1.246711399999999941e+02
1.197577399999999983e+02
1.153407600000000173e+02
1.116377599999999859e+02
1.088094099999999855e+02
1.069256100000000060e+02
1.059477400000000245e+02
1.057348099999999960e+02
1.060749599999999901e+02
1.067341099999999869e+02
1.075080299999999909e+02
1.082634000000000043e+02
1.089559699999999935e+02
1.096229599999999920e+02
1.103546000000000191e+02
1.112543199999999786e+02
1.124005299999999750e+02
1.138208999999999804e+02
1.154839600000000104e+02
1.173078699999999941e+02
1.191801699999999897e+02
1.209797899999999942e+02
1.225942499999999740e+02
1.239282900000000041e+02
1.249055999999999926e+02
1.254688300000000254e+02
1.255826500000000010e+02
1.252414100000000019e+02
1.244798500000000132e+02
1.233806500000000028e+02
1.220728900000000152e+02
1.207181100000000100e+02
1.194852999999999810e+02
1.185199500000000086e+02
1.179153499999999894e+02
1.176938499999999976e+02
1.178024400000000185e+02
1.181244400000000070e+02
1.185034900000000135e+02
1.187741300000000138e+02
1.187921599999999955e+02
1.184581599999999781e+02
1.177300400000000025e+02
1.166242999999999910e+02
1.152091999999999814e+02
1.135934400000000153e+02
1.119153199999999941e+02
1.103326399999999978e+02
1.090132600000000309e+02
1.081233200000000210e+02
1.078120700000000198e+02
1.081950099999999964e+02
1.093377999999999872e+02
1.112452700000000050e+02
1.138582300000000060e+02
1.170577799999999939e+02
1.206764699999999948e+02
1.245125000000000028e+02
1.283465899999999920e+02
1.319590300000000127e+02
1.351474699999999984e+02
1.377438099999999963e+02
1.396303800000000024e+02
1.407507399999999791e+02
1.411125200000000177e+02
1.407785800000000052e+02
1.398510499999999865e+02
1.384469000000000278e+02
1.366764000000000010e+02
1.346285300000000120e+02
1.323675999999999817e+02
1.299379500000000007e+02
1.273746599999999773e+02
1.247130699999999877e+02
1.219933900000000051e+02
1.192618399999999781e+02
1.165697899999999976e+02
1.139733199999999869e+02
1.115341199999999873e+02
1.093180400000000105e+02
1.073889400000000194e+02
1.057955800000000011e+02
1.045541199999999833e+02
1.036323199999999929e+02
1.029411900000000060e+02
1.023402699999999896e+02
1.016566600000000022e+02
1.007134400000000056e+02
9.936167999999999267e+01
9.750751999999999953e+01
9.512966000000000122e+01
9.228439000000000192e+01
8.909929000000001054e+01
8.575643999999999778e+01
8.246868000000000620e+01
7.944901000000001545e+01
7.687731999999999744e+01
7.486757999999998958e+01
7.344215000000001226e+01
7.251962000000000330e+01
7.192058000000000106e+01
7.139146000000000925e+01
7.064171000000001754e+01
6.938630999999999460e+01
6.738682000000000016e+01
6.448593999999999937e+01
6.063391000000000730e+01
5.590505000000000280e+01
5.050359900000000124e+01
4.475430099999999101e+01
3.907658899999999846e+01
3.394269099999999639e+01
2.982599599999999995e+01
2.714876600000000195e+01
2.623898099999999900e+01
2.730130499999999927e+01
3.040413099999999957e+01
3.547867999999999711e+01
4.232693999999999335e+01
5.063580000000000325e+01
5.999822999999999951e+01
6.994315999999999178e+01
7.997557999999999367e+01
8.962494999999999834e+01
9.849523999999999546e+01
1.063067600000000112e+02
1.129202800000000195e+02
1.183358699999999999e+02
1.226670600000000064e+02
1.260964400000000012e+02
1.288264099999999814e+02
1.310358700000000169e+02
1.328540299999999945e+02
1.343528100000000052e+02
1.355552900000000136e+02
1.364545200000000307e+02
1.370354199999999878e+02
1.372972000000000037e+02
1.372731599999999901e+02
1.370447499999999650e+02
1.367466799999999978e+02
1.365596600000000080e+02
1.366867700000000241e+02
1.373199500000000057e+02
1.386028600000000210e+02
1.406048900000000117e+02
1.433151400000000137e+02
1.466614600000000053e+02
1.505474600000000009e+02
1.548937099999999987e+02
1.596680599999999970e+02
1.648920099999999707e+02
1.706256700000000137e+02
1.769399999999999693e+02
1.838846999999999809e+02
1.914767000000000223e+02
1.996937999999999818e+02
2.084864000000000033e+02
2.177873999999999910e+02
2.275123000000000104e+02
2.375534999999999854e+02
2.477655000000000314e+02
2.579549999999999272e+02
2.678803000000000338e+02
2.772661999999999694e+02
2.858338000000000534e+02
2.933374000000000024e+02
2.996017999999999688e+02
3.045547000000000253e+02
3.082411000000000172e+02
3.108262999999999465e+02
3.125798999999999523e+02
3.138410000000000082e+02
3.149825999999999340e+02
3.163611999999999398e+02
3.182741999999999507e+02
3.209256999999999493e+02
3.244069000000000074e+02
3.286924000000000206e+02
3.336556999999999675e+02
3.391020000000000891e+02
3.448059000000000083e+02
3.505518000000000143e+02
3.561662000000000035e+02
3.615209999999999582e+02
3.665192000000000121e+02
3.710532999999999788e+02
3.749485999999999422e+02
3.779135999999999740e+02
3.795135999999999967e+02
3.791867000000000303e+02
3.763058999999999514e+02
3.702850999999999999e+02
3.607056000000000040e+02
3.474334999999999809e+02
3.306956000000000131e+02
3.110910999999999831e+02
2.895246999999999957e+02
2.670736999999999739e+02
2.448156000000000176e+02
2.236609999999999729e+02
2.042319999999999709e+02
1.868210000000000264e+02
1.714345199999999920e+02
1.579018899999999803e+02
1.460095399999999870e+02
1.356172700000000191e+02
1.267237099999999828e+02
1.194757400000000160e+02
1.141330000000000240e+02
1.110144699999999887e+02
1.104495800000000116e+02
1.127441900000000174e+02
1.181575699999999927e+02
1.268769099999999810e+02
1.389776999999999987e+02
1.543665599999999927e+02
1.727139999999999986e+02
1.933959000000000117e+02
2.154561999999999671e+02
2.376151000000000124e+02
2.583229999999999791e+02
2.758691000000000031e+02
2.885338000000000420e+02
2.947848000000000752e+02
2.934878999999999678e+02
2.841093999999999937e+02
2.668649999999999523e+02
2.427696999999999719e+02
2.135575000000000045e+02
1.814661999999999580e+02
1.489262899999999661e+02
1.182169700000000034e+02
9.116594000000000619e+01
6.895842000000000382e+01
5.208198999999999046e+01
4.039799000000000007e+01
3.329954000000000036e+01
2.990507000000000204e+01
2.924190000000000111e+01
3.039043999999999457e+01
3.257755999999999830e+01
3.522046000000000276e+01
3.792943999999999960e+01
4.048080999999999818e+01
4.277163999999999078e+01
4.476702000000000226e+01
4.645174999999999699e+01
4.779472999999999416e+01
4.873205000000000808e+01
4.916898000000000479e+01
4.899648999999999432e+01
4.811514999999999986e+01
4.645867000000001212e+01
4.401209999999998956e+01
4.082285000000000252e+01
3.700468999999998942e+01
3.273559999999999803e+01
2.824903000000000119e+01
2.381685399999999930e+01
1.972385600000000494e+01
1.623438700000000168e+01
1.355604500000000101e+01
1.180709000000000053e+01
1.099425300000000050e+01
1.100685700000000011e+01
1.163006500000000187e+01
1.257640899999999995e+01
1.353144099999999916e+01
1.420567100000000060e+01
1.438278799999999968e+01
1.395300399999999819e+01
1.292414700000000138e+01
1.140768799999999850e+01
9.584306999999999022e+00
7.659066000000000152e+00
5.818605999999999945e+00
4.200622499999999704e+00
2.880779099999999371e+00
1.876184999999999992e+00
1.160083100000000034e+00
6.808335100000000306e-01
3.791657300000000341e-01
2.003374100000000213e-01
1.004051540000000103e-01
4.772373200000000482e-02
2.150940600000000175e-02
9.191274100000000613e-03
3.723232749999999969e-03
1.429588550000000053e-03
5.202378420000001048e-04
1.794126810000000124e-04
5.863069580000000009e-05
1.815450910000000336e-05
5.325970340000000742e-06
1.480270676000000394e-06
3.897470150000000305e-07
9.720732089999998303e-08
2.296503210999999766e-08
5.138837959999999194e-09
1.089108692000000021e-09
2.186085491999999849e-10
4.155600384000000197e-11
7.480866064999999880e-12
1.275277574800000014e-12
2.058622378299999769e-13
3.146662574000000224e-14
4.554190545999999383e-15
6.240841877000000153e-16
8.097173876999999775e-17
9.946402467999998384e-18
1.156719855699999975e-18
1.273521324000000119e-19
1.327358420029999975e-20
1.309666921970000071e-21
1.223243042090000139e-22
1.081513873920000088e-23
9.051231370199998152e-25
7.170169862600000222e-26
5.376326837749999235e-27
3.815647149330000130e-28
2.563100114899999956e-29
1.629555746690000266e-30
9.805523272549998337e-32
5.584201469649999741e-33
3.009760133880000378e-34
1.535236416655999993e-35
7.411130695929999680e-37
3.385721310988000160e-38
1.463760000518000055e-39
5.988708158107000277e-41
2.318644305360000486e-42
8.495105152733000312e-44
2.945299827306999763e-45
9.662996873402001414e-47
