# Gaussian folded, width=10 cm^-1
# [cm^-1] arbitrary
0.000      3.00000e+00
1.000      2.91796e+00
2.000      2.68508e+00
3.000      2.33749e+00
4.000      1.92514e+00
5.000      1.50000e+00
6.000      1.10570e+00
7.000      7.71085e-01
8.000      5.08727e-01
9.000      3.17529e-01
10.000      1.87500e-01
11.000      1.04746e-01
12.000      5.53590e-02
13.000      2.76796e-02
14.000      1.30934e-02
15.000      5.86013e-03
16.000      2.48333e-03
17.000      1.00233e-03
18.000      4.03909e-04
19.000      2.16563e-04
20.000      2.76152e-04
21.000      6.31698e-04
22.000      1.57234e-03
23.000      3.78241e-03
24.000      8.65693e-03
25.000      1.88205e-02
26.000      3.88705e-02
27.000      7.62907e-02
28.000      1.42347e-01
29.000      2.52592e-01
30.000      4.26436e-01
31.000      6.85199e-01
32.000      1.04827e+00
33.000      1.52749e+00
34.000      2.12066e+00
35.000      2.80592e+00
36.000      3.53910e+00
37.000      4.25599e+00
38.000      4.88029e+00
39.000      5.33635e+00
40.000      5.56397e+00
41.000      5.53125e+00
42.000      5.24190e+00
43.000      4.73460e+00
44.000      4.07464e+00
45.000      3.34020e+00
46.000      2.60729e+00
47.000      1.93735e+00
48.000      1.37014e+00
49.000      9.22715e-01
50.000      5.93361e-01
51.000      3.68402e-01
52.000      2.29533e-01
53.000      1.60064e-01
54.000      1.49181e-01
55.000      1.94048e-01
56.000      2.99860e-01
57.000      4.78012e-01
58.000      7.42550e-01
59.000      1.10520e+00
60.000      1.56968e+00
61.000      2.12655e+00
62.000      2.75003e+00
63.000      3.39817e+00
64.000      4.01692e+00
65.000      4.54763e+00
66.000      4.93629e+00
67.000      5.14241e+00
68.000      5.14557e+00
69.000      4.94826e+00
70.000      4.57479e+00
71.000      4.06674e+00
72.000      3.47627e+00
73.000      2.85869e+00
74.000      2.26561e+00
75.000      1.74005e+00
76.000      1.31393e+00
77.000      1.00802e+00
78.000      8.33535e-01
79.000      7.94371e-01
80.000      8.88636e-01
81.000      1.10899e+00
82.000      1.44183e+00
83.000      1.86618e+00
84.000      2.35353e+00
85.000      2.86925e+00
86.000      3.37597e+00
87.000      3.83788e+00
88.000      4.22489e+00
89.000      4.51576e+00
90.000      4.69983e+00
91.000      4.77791e+00
92.000      4.76305e+00
93.000      4.68134e+00
94.000      4.57219e+00
95.000      4.48672e+00
96.000      4.48317e+00
97.000      4.61874e+00
98.000      4.93933e+00
99.000      5.46911e+00
100.000      6.20309e+00
101.000      7.10498e+00
102.000      8.11134e+00
103.000      9.14140e+00
104.000      1.01103e+01
105.000      1.09427e+01
106.000      1.15832e+01
107.000      1.20025e+01
108.000      1.21978e+01
109.000      1.21885e+01
110.000      1.20097e+01
111.000      1.17045e+01
112.000      1.13176e+01
113.000      1.08892e+01
114.000      1.04522e+01
115.000      1.00299e+01
116.000      9.63542e+00
117.000      9.27330e+00
118.000      8.94113e+00
119.000      8.63268e+00
120.000      8.34114e+00
121.000      8.06217e+00
122.000      7.79616e+00
123.000      7.54925e+00
124.000      7.33263e+00
125.000      7.16030e+00
126.000      7.04574e+00
127.000      6.99854e+00
128.000      7.02203e+00
129.000      7.11271e+00
130.000      7.26192e+00
131.000      7.45917e+00
132.000      7.69592e+00
133.000      7.96853e+00
134.000      8.27883e+00
135.000      8.63170e+00
136.000      9.03023e+00
137.000      9.47006e+00
138.000      9.93543e+00
139.000      1.03990e+01
140.000      1.08263e+01
141.000      1.11832e+01
142.000      1.14448e+01
143.000      1.16005e+01
144.000      1.16563e+01
145.000      1.16314e+01
146.000      1.15525e+01
147.000      1.14480e+01
148.000      1.13435e+01
149.000      1.12592e+01
150.000      1.12084e+01
151.000      1.11969e+01
152.000      1.12212e+01
153.000      1.12683e+01
154.000      1.13171e+01
155.000      1.13418e+01
156.000      1.13183e+01
157.000      1.12304e+01
158.000      1.10737e+01
159.000      1.08563e+01
160.000      1.05951e+01
161.000      1.03085e+01
162.000      1.00105e+01
163.000      9.70630e+00
164.000      9.39296e+00
165.000      9.06426e+00
166.000      8.71715e+00
167.000      8.35740e+00
168.000      8.00143e+00
169.000      7.67351e+00
170.000      7.39929e+00
171.000      7.19830e+00
172.000      7.07855e+00
173.000      7.03537e+00
174.000      7.05483e+00
175.000      7.12004e+00
176.000      7.21753e+00
177.000      7.34103e+00
178.000      7.49108e+00
179.000      7.67109e+00
180.000      7.88189e+00
181.000      8.11727e+00
182.000      8.36253e+00
183.000      8.59648e+00
184.000      8.79607e+00
185.000      8.94183e+00
186.000      9.02243e+00
187.000      9.03715e+00
188.000      8.99574e+00
189.000      8.91592e+00
190.000      8.81907e+00
191.000      8.72519e+00
192.000      8.64838e+00
193.000      8.59394e+00
194.000      8.55811e+00
195.000      8.53047e+00
196.000      8.49837e+00
197.000      8.45182e+00
198.000      8.38735e+00
199.000      8.30953e+00
200.000      8.22958e+00
201.000      8.16169e+00
202.000      8.11786e+00
203.000      8.10328e+00
204.000      8.11353e+00
205.000      8.13489e+00
206.000      8.14784e+00
207.000      8.13262e+00
208.000      8.07513e+00
209.000      7.97077e+00
210.000      7.82526e+00
211.000      7.65203e+00
212.000      7.46782e+00
213.000      7.28825e+00
214.000      7.12507e+00
215.000      6.98567e+00
216.000      6.87440e+00
217.000      6.79439e+00
218.000      6.74881e+00
219.000      6.74076e+00
220.000      6.77214e+00
221.000      6.84194e+00
222.000      6.94514e+00
223.000      7.07270e+00
224.000      7.21320e+00
225.000      7.35562e+00
226.000      7.49229e+00
227.000      7.62095e+00
228.000      7.74463e+00
229.000      7.86913e+00
230.000      7.99897e+00
231.000      8.13349e+00
232.000      8.26537e+00
233.000      8.38270e+00
234.000      8.47413e+00
235.000      8.53492e+00
236.000      8.57072e+00
237.000      8.59665e+00
238.000      8.63137e+00
239.000      8.68834e+00
240.000      8.76796e+00
241.000      8.85439e+00
242.000      8.91861e+00
243.000      8.92697e+00
244.000      8.85151e+00
245.000      8.67821e+00
246.000      8.40975e+00
247.000      8.06220e+00
248.000      7.65760e+00
249.000      7.21592e+00
250.000      6.75005e+00
251.000      6.26565e+00
252.000      5.76565e+00
253.000      5.25671e+00
254.000      4.75459e+00
255.000      4.28575e+00
256.000      3.88430e+00
257.000      3.58529e+00
258.000      3.41678e+00
259.000      3.39320e+00
260.000      3.51174e+00
261.000      3.75243e+00
262.000      4.08127e+00
263.000      4.45534e+00
264.000      4.82853e+00
265.000      5.15712e+00
266.000      5.40438e+00
267.000      5.54383e+00
268.000      5.56093e+00
269.000      5.45312e+00
270.000      5.22871e+00
271.000      4.90512e+00
272.000      4.50711e+00
273.000      4.06515e+00
274.000      3.61394e+00
275.000      3.19022e+00
276.000      2.82991e+00
277.000      2.56439e+00
278.000      2.41695e+00
279.000      2.40023e+00
280.000      2.51552e+00
281.000      2.75415e+00
282.000      3.10041e+00
283.000      3.53511e+00
284.000      4.03875e+00
285.000      4.59354e+00
286.000      5.18389e+00
287.000      5.79538e+00
288.000      6.41285e+00
289.000      7.01869e+00
290.000      7.59238e+00
291.000      8.11221e+00
292.000      8.55894e+00
293.000      8.92011e+00
294.000      9.19343e+00
295.000      9.38731e+00
296.000      9.51827e+00
297.000      9.60593e+00
298.000      9.66748e+00
299.000      9.71339e+00
300.000      9.74592e+00
301.000      9.76059e+00
302.000      9.74994e+00
303.000      9.70828e+00
304.000      9.63590e+00
305.000      9.54160e+00
306.000      9.44277e+00
307.000      9.36302e+00
308.000      9.32797e+00
309.000      9.36004e+00
310.000      9.47368e+00
311.000      9.67213e+00
312.000      9.94695e+00
313.000      1.02802e+01
314.000      1.06489e+01
315.000      1.10298e+01
316.000      1.14036e+01
317.000      1.17567e+01
318.000      1.20816e+01
319.000      1.23760e+01
320.000      1.26426e+01
321.000      1.28895e+01
322.000      1.31306e+01
323.000      1.33857e+01
324.000      1.36789e+01
325.000      1.40344e+01
326.000      1.44726e+01
327.000      1.50051e+01
328.000      1.56331e+01
329.000      1.63464e+01
330.000      1.71254e+01
331.000      1.79431e+01
332.000      1.87678e+01
333.000      1.95641e+01
334.000      2.02955e+01
335.000      2.09266e+01
336.000      2.14275e+01
337.000      2.17786e+01
338.000      2.19758e+01
339.000      2.20335e+01
340.000      2.19847e+01
341.000      2.18761e+01
342.000      2.17598e+01
343.000      2.16837e+01
344.000      2.16819e+01
345.000      2.17695e+01
346.000      2.19426e+01
347.000      2.21825e+01
348.000      2.24642e+01
349.000      2.27646e+01
350.000      2.30669e+01
351.000      2.33612e+01
352.000      2.36397e+01
353.000      2.38908e+01
354.000      2.40927e+01
355.000      2.42112e+01
356.000      2.42029e+01
357.000      2.40214e+01
358.000      2.36273e+01
359.000      2.29970e+01
360.000      2.21295e+01
361.000      2.10493e+01
362.000      1.98048e+01
363.000      1.84612e+01
364.000      1.70908e+01
365.000      1.57615e+01
366.000      1.45260e+01
367.000      1.34145e+01
368.000      1.24325e+01
369.000      1.15649e+01
370.000      1.07845e+01
371.000      1.00632e+01
372.000      9.38179e+00
373.000      8.73751e+00
374.000      8.14694e+00
375.000      7.64422e+00
376.000      7.27570e+00
377.000      7.09225e+00
378.000      7.14073e+00
379.000      7.45623e+00
380.000      8.05610e+00
381.000      8.93679e+00
382.000      1.00733e+01
383.000      1.14210e+01
384.000      1.29181e+01
385.000      1.44886e+01
386.000      1.60438e+01
387.000      1.74852e+01
388.000      1.87078e+01
389.000      1.96062e+01
390.000      2.00852e+01
391.000      2.00717e+01
392.000      1.95288e+01
393.000      1.84657e+01
394.000      1.69430e+01
395.000      1.50683e+01
396.000      1.29835e+01
397.000      1.08450e+01
398.000      8.80134e+00
399.000      6.97255e+00
400.000      5.43676e+00
401.000      4.22594e+00
402.000      3.33100e+00
403.000      2.71365e+00
404.000      2.32102e+00
405.000      2.09899e+00
406.000      2.00159e+00
407.000      1.99511e+00
408.000      2.05792e+00
409.000      2.17697e+00
410.000      2.34305e+00
411.000      2.54588e+00
412.000      2.77029e+00
413.000      2.99450e+00
414.000      3.19121e+00
415.000      3.33163e+00
416.000      3.39158e+00
417.000      3.35763e+00
418.000      3.23095e+00
419.000      3.02703e+00
420.000      2.77103e+00
421.000      2.49067e+00
422.000      2.20909e+00
423.000      1.94061e+00
424.000      1.69053e+00
425.000      1.45830e+00
426.000      1.24234e+00
427.000      1.04399e+00
428.000      8.69236e-01
429.000      7.27792e-01
430.000      6.30175e-01
431.000      5.84104e-01
432.000      5.91343e-01
433.000      6.45869e-01
434.000      7.33790e-01
435.000      8.35149e-01
436.000      9.27321e-01
437.000      9.89348e-01
438.000      1.00618e+00
439.000      9.71619e-01
440.000      8.89179e-01
441.000      7.70475e-01
442.000      6.31853e-01
443.000      4.90311e-01
444.000      3.59984e-01
445.000      2.50052e-01
446.000      1.64325e-01
447.000      1.02164e-01
448.000      6.00915e-02
449.000      3.34384e-02
450.000      1.76034e-02
451.000      8.76730e-03
452.000      4.13097e-03
453.000      1.84144e-03
454.000      7.76567e-04
455.000      3.09826e-04
456.000      1.16943e-04
457.000      4.17590e-05
458.000      1.41072e-05
459.000      4.50871e-06
460.000      1.36326e-06
461.000      3.89964e-07
462.000      1.05533e-07
463.000      2.70189e-08
464.000      6.54434e-09
465.000      1.49962e-09
466.000      3.25098e-10
467.000      6.66753e-11
468.000      1.29370e-11
469.000      2.37476e-12
470.000      4.12404e-13
471.000      6.77554e-14
472.000      1.05313e-14
473.000      1.54860e-15
474.000      2.15433e-16
475.000      2.83534e-17
476.000      3.53032e-18
477.000      4.15854e-19
478.000      4.63431e-20
479.000      4.88593e-21
480.000      4.87334e-22
481.000      4.59858e-23
482.000      4.10524e-24
483.000      3.46713e-25
484.000      2.77026e-26
485.000      2.09405e-27
486.000      1.49752e-28
487.000      1.01315e-29
488.000      6.48479e-31
489.000      3.92676e-32
490.000      2.24952e-33
491.000      1.21917e-34
492.000      6.25106e-36
493.000      3.03223e-37
494.000      1.39151e-38
495.000      6.04131e-40
496.000      2.48138e-41
497.000      9.64209e-43
498.000      3.54460e-44
499.000      1.23277e-45
500.000      4.05614e-47
