# Gaussian folded, width=10 cm^-1
# [cm^-1] arbitrary
0.000      3.00000e+00
1.000      2.91796e+00
2.000      2.68508e+00
3.000      2.33749e+00
4.000      1.92514e+00
5.000      1.50000e+00
6.000      1.10570e+00
7.000      7.71085e-01
8.000      5.08727e-01
9.000      3.17530e-01
10.000      1.87501e-01
11.000      1.04750e-01
12.000      5.53724e-02
13.000      2.77220e-02
14.000      1.32213e-02
15.000      6.22532e-03
16.000      3.47125e-03
17.000      3.53350e-03
18.000      6.54608e-03
19.000      1.43324e-02
20.000      3.09981e-02
21.000      6.39468e-02
22.000      1.25118e-01
23.000      2.31985e-01
24.000      4.07561e-01
25.000      6.78457e-01
26.000      1.07018e+00
27.000      1.59957e+00
28.000      2.26554e+00
29.000      3.04067e+00
30.000      3.86723e+00
31.000      4.66091e+00
32.000      5.32334e+00
33.000      5.76160e+00
34.000      5.90948e+00
35.000      5.74392e+00
36.000      5.29095e+00
37.000      4.61924e+00
38.000      3.82346e+00
39.000      3.00337e+00
40.000      2.24528e+00
41.000      1.61089e+00
42.000      1.13530e+00
43.000      8.32418e-01
44.000      7.03992e-01
45.000      7.47992e-01
46.000      9.62945e-01
47.000      1.34679e+00
48.000      1.89084e+00
49.000      2.57138e+00
50.000      3.34260e+00
51.000      4.13460e+00
52.000      4.85922e+00
53.000      5.42349e+00
54.000      5.74793e+00
55.000      5.78429e+00
56.000      5.52705e+00
57.000      5.01482e+00
58.000      4.32103e+00
59.000      3.53730e+00
60.000      2.75467e+00
61.000      2.04847e+00
62.000      1.47041e+00
63.000      1.04839e+00
64.000      7.92308e-01
65.000      7.02070e-01
66.000      7.74490e-01
67.000      1.00643e+00
68.000      1.39348e+00
69.000      1.92515e+00
70.000      2.57888e+00
71.000      3.31584e+00
72.000      4.08131e+00
73.000      4.81114e+00
74.000      5.44361e+00
75.000      5.93407e+00
76.000      6.26789e+00
77.000      6.46724e+00
78.000      6.58861e+00
79.000      6.71107e+00
80.000      6.91827e+00
81.000      7.27955e+00
82.000      7.83581e+00
83.000      8.59377e+00
84.000      9.52904e+00
85.000      1.05953e+01
86.000      1.17348e+01
87.000      1.28873e+01
88.000      1.39931e+01
89.000      1.49940e+01
90.000      1.58311e+01
91.000      1.64459e+01
92.000      1.67833e+01
93.000      1.67993e+01
94.000      1.64697e+01
95.000      1.57989e+01
96.000      1.48227e+01
97.000      1.36078e+01
98.000      1.22435e+01
99.000      1.08317e+01
100.000      9.47516e+00
101.000      8.26857e+00
102.000      7.29150e+00
103.000      6.60438e+00
104.000      6.24567e+00
105.000      6.22994e+00
106.000      6.54771e+00
107.000      7.16774e+00
108.000      8.04251e+00
109.000      9.11583e+00
110.000      1.03303e+01
111.000      1.16325e+01
112.000      1.29742e+01
113.000      1.43108e+01
114.000      1.55979e+01
115.000      1.67897e+01
116.000      1.78379e+01
117.000      1.86940e+01
118.000      1.93127e+01
119.000      1.96573e+01
120.000      1.97054e+01
121.000      1.94552e+01
122.000      1.89299e+01
123.000      1.81781e+01
124.000      1.72694e+01
125.000      1.62839e+01
126.000      1.53000e+01
127.000      1.43824e+01
128.000      1.35760e+01
129.000      1.29050e+01
130.000      1.23781e+01
131.000      1.19959e+01
132.000      1.17570e+01
133.000      1.16607e+01
134.000      1.17043e+01
135.000      1.18784e+01
136.000      1.21604e+01
137.000      1.25105e+01
138.000      1.28731e+01
139.000      1.31815e+01
140.000      1.33684e+01
141.000      1.33769e+01
142.000      1.31710e+01
143.000      1.27415e+01
144.000      1.21071e+01
145.000      1.13100e+01
146.000      1.04068e+01
147.000      9.45838e+00
148.000      8.51981e+00
149.000      7.63400e+00
150.000      6.82898e+00
151.000      6.11894e+00
152.000      5.50781e+00
153.000      4.99393e+00
154.000      4.57487e+00
155.000      4.25161e+00
156.000      4.03132e+00
157.000      3.92805e+00
158.000      3.96038e+00
159.000      4.14602e+00
160.000      4.49432e+00
161.000      4.99894e+00
162.000      5.63361e+00
163.000      6.35354e+00
164.000      7.10393e+00
165.000      7.83440e+00
166.000      8.51567e+00
167.000      9.15240e+00
168.000      9.78605e+00
169.000      1.04838e+01
170.000      1.13150e+01
171.000      1.23218e+01
172.000      1.34957e+01
173.000      1.47691e+01
174.000      1.60277e+01
175.000      1.71405e+01
176.000      1.79968e+01
177.000      1.85378e+01
178.000      1.87704e+01
179.000      1.87612e+01
180.000      1.86118e+01
181.000      1.84260e+01
182.000      1.82778e+01
183.000      1.81918e+01
184.000      1.81410e+01
185.000      1.80634e+01
186.000      1.78937e+01
187.000      1.76006e+01
188.000      1.72169e+01
189.000      1.68524e+01
190.000      1.66793e+01
191.000      1.68929e+01
192.000      1.76558e+01
193.000      1.90431e+01
194.000      2.10054e+01
195.000      2.33656e+01
196.000      2.58514e+01
197.000      2.81565e+01
198.000      3.00130e+01
199.000      3.12513e+01
200.000      3.18307e+01
201.000      3.18303e+01
202.000      3.14058e+01
203.000      3.07298e+01
204.000      2.99346e+01
205.000      2.90796e+01
206.000      2.81491e+01
207.000      2.70791e+01
208.000      2.57972e+01
209.000      2.42611e+01
210.000      2.24795e+01
211.000      2.05138e+01
212.000      1.84621e+01
213.000      1.64359e+01
214.000      1.45384e+01
215.000      1.28495e+01
216.000      1.14177e+01
217.000      1.02590e+01
218.000      9.35828e+00
219.000      8.67251e+00
220.000      8.13760e+00
221.000      7.67833e+00
222.000      7.22168e+00
223.000      6.71142e+00
224.000      6.12021e+00
225.000      5.45609e+00
226.000      4.76127e+00
227.000      4.10385e+00
228.000      3.56486e+00
229.000      3.22381e+00
230.000      3.14604e+00
231.000      3.37352e+00
232.000      3.92026e+00
233.000      4.77197e+00
234.000      5.88942e+00
235.000      7.21422e+00
236.000      8.67583e+00
237.000      1.01982e+01
238.000      1.17049e+01
239.000      1.31232e+01
240.000      1.43858e+01
241.000      1.54327e+01
242.000      1.62130e+01
243.000      1.66873e+01
244.000      1.68302e+01
245.000      1.66329e+01
246.000      1.61060e+01
247.000      1.52801e+01
248.000      1.42063e+01
249.000      1.29527e+01
250.000      1.15983e+01
251.000      1.02233e+01
252.000      8.89816e+00
253.000      7.67436e+00
254.000      6.57973e+00
255.000      5.61955e+00
256.000      4.78347e+00
257.000      4.05571e+00
258.000      3.42544e+00
259.000      2.89496e+00
260.000      2.48408e+00
261.000      2.23062e+00
262.000      2.18794e+00
263.000      2.41994e+00
264.000      2.99390e+00
265.000      3.97102e+00
266.000      5.39467e+00
267.000      7.27748e+00
268.000      9.58964e+00
269.000      1.22521e+01
270.000      1.51386e+01
271.000      1.80886e+01
272.000      2.09312e+01
273.000      2.35138e+01
274.000      2.57303e+01
275.000      2.75395e+01
276.000      2.89673e+01
277.000      3.00921e+01
278.000      3.10156e+01
279.000      3.18271e+01
280.000      3.25717e+01
281.000      3.32292e+01
282.000      3.37126e+01
283.000      3.38850e+01
284.000      3.35922e+01
285.000      3.27032e+01
286.000      3.11479e+01
287.000      2.89429e+01
288.000      2.61972e+01
289.000      2.30970e+01
290.000      1.98736e+01
291.000      1.67622e+01
292.000      1.39636e+01
293.000      1.16166e+01
294.000      9.78681e+00
295.000      8.47113e+00
296.000      7.61397e+00
297.000      7.12778e+00
298.000      6.91237e+00
299.000      6.86926e+00
300.000      6.91034e+00
301.000      6.96211e+00
302.000      6.96718e+00
303.000      6.88460e+00
304.000      6.68953e+00
305.000      6.37235e+00
306.000      5.93748e+00
307.000      5.40198e+00
308.000      4.79399e+00
309.000      4.15075e+00
310.000      3.51558e+00
311.000      2.93357e+00
312.000      2.44621e+00
313.000      2.08592e+00
314.000      1.87195e+00
315.000      1.80871e+00
316.000      1.88699e+00
317.000      2.08719e+00
318.000      2.38348e+00
319.000      2.74712e+00
320.000      3.14827e+00
321.000      3.55610e+00
322.000      3.93831e+00
323.000      4.26125e+00
324.000      4.49199e+00
325.000      4.60238e+00
326.000      4.57448e+00
327.000      4.40549e+00
328.000      4.11040e+00
329.000      3.72080e+00
330.000      3.27974e+00
331.000      2.83356e+00
332.000      2.42292e+00
333.000      2.07519e+00
334.000      1.80057e+00
335.000      1.59260e+00
336.000      1.43287e+00
337.000      1.29820e+00
338.000      1.16780e+00
339.000      1.02858e+00
340.000      8.77061e-01
341.000      7.18116e-01
342.000      5.61497e-01
343.000      4.17785e-01
344.000      2.95151e-01
345.000      1.97708e-01
346.000      1.25464e-01
347.000      7.53881e-02
348.000      4.28780e-02
349.000      2.30795e-02
350.000      1.17551e-02
351.000      5.66497e-03
352.000      2.58299e-03
353.000      1.11426e-03
354.000      4.54760e-04
355.000      1.75592e-04
356.000      6.41430e-05
357.000      2.21674e-05
358.000      7.24771e-06
359.000      2.24184e-06
360.000      6.56038e-07
361.000      1.81623e-07
362.000      4.75696e-08
363.000      1.17871e-08
364.000      2.76313e-09
365.000      6.12793e-10
366.000      1.28571e-10
367.000      2.55207e-11
368.000      4.79245e-12
369.000      8.51413e-13
370.000      1.43100e-13
371.000      2.27541e-14
372.000      3.42291e-15
373.000      4.87134e-16
374.000      6.55873e-17
375.000      8.35427e-18
376.000      1.00673e-18
377.000      1.14773e-19
378.000      1.23788e-20
379.000      1.26310e-21
380.000      1.21931e-22
381.000      1.11355e-23
382.000      9.62104e-25
383.000      7.86415e-26
384.000      6.08133e-27
385.000      4.44901e-28
386.000      3.07925e-29
387.000      2.01626e-30
388.000      1.24900e-31
389.000      7.31978e-33
390.000      4.05836e-34
391.000      2.12873e-35
392.000      1.05635e-36
393.000      4.95923e-38
394.000      2.20261e-39
395.000      9.25504e-41
396.000      3.67906e-42
397.000      1.38361e-43
398.000      4.92273e-45
399.000      1.65698e-46
400.000      5.27650e-48
401.000      1.58962e-49
402.000      4.53060e-51
403.000      1.22162e-52
404.000      3.11628e-54
405.000      7.52061e-56
406.000      1.71707e-57
407.000      3.70885e-59
408.000      7.57895e-61
409.000      1.46520e-62
410.000      2.67979e-64
411.000      4.63685e-66
412.000      7.59037e-68
413.000      1.17549e-69
414.000      1.72225e-71
415.000      2.38720e-73
416.000      3.13039e-75
417.000      3.88353e-77
418.000      4.55798e-79
419.000      5.06099e-81
420.000      5.31638e-83
421.000      5.28341e-85
422.000      4.96741e-87
423.000      4.41839e-89
424.000      3.71805e-91
425.000      2.95994e-93
426.000      2.22931e-95
427.000      1.58845e-97
428.000      1.07077e-99
429.000     6.82864e-102
430.000     4.11994e-104
431.000     2.35161e-106
432.000     1.26986e-108
433.000     6.48734e-111
434.000     3.13541e-113
435.000     1.43363e-115
436.000     6.20156e-118
437.000     2.53794e-120
438.000     9.82603e-123
439.000     3.59910e-125
440.000     1.24717e-127
441.000     4.08862e-130
442.000     1.26807e-132
443.000     3.72074e-135
444.000     1.03284e-137
445.000     2.71240e-140
446.000     6.73895e-143
447.000     1.58397e-145
448.000     3.52226e-148
449.000     7.40990e-151
450.000     1.47476e-153
451.000     2.77682e-156
452.000     4.94643e-159
453.000     8.33591e-162
454.000     1.32902e-164
455.000     2.00461e-167
456.000     2.86051e-170
457.000     3.86167e-173
458.000     4.93202e-176
459.000     5.95925e-179
460.000     6.81203e-182
461.000     7.36680e-185
462.000     7.53700e-188
463.000     7.29518e-191
464.000     6.68023e-194
465.000     5.78714e-197
466.000     4.74301e-200
467.000     3.67758e-203
468.000     2.69766e-206
469.000     1.87211e-209
470.000     1.22911e-212
471.000     7.63431e-216
472.000     4.48607e-219
473.000     2.49390e-222
474.000     1.31163e-225
475.000     6.52618e-229
476.000     3.07203e-232
477.000     1.36807e-235
478.000     5.76383e-239
479.000     2.29737e-242
480.000     8.66297e-246
481.000     3.09045e-249
482.000     1.04302e-252
483.000     3.33029e-256
484.000     1.00598e-259
485.000     2.87485e-263
486.000     7.77243e-267
487.000     1.98800e-270
488.000     4.81055e-274
489.000     1.10126e-277
490.000     2.38508e-281
491.000     4.88689e-285
492.000     9.47285e-289
493.000     1.73718e-292
494.000     3.01390e-296
495.000     4.94686e-300
496.000     7.68154e-304
497.000     1.12845e-307
498.000     1.56833e-311
499.000     2.06210e-315
500.000     2.56504e-319
