# Gaussian folded, width=10 cm^-1
# [cm^-1] arbitrary
0.000      3.00000e+00
1.000      2.91796e+00
2.000      2.68508e+00
3.000      2.33749e+00
4.000      1.92514e+00
5.000      1.50000e+00
6.000      1.10570e+00
7.000      7.71085e-01
8.000      5.08727e-01
9.000      3.17529e-01
10.000      1.87500e-01
11.000      1.04746e-01
12.000      5.53590e-02
13.000      2.76795e-02
14.000      1.30932e-02
15.000      5.85938e-03
16.000      2.48073e-03
17.000      9.93749e-04
18.000      3.77048e-04
19.000      1.36922e-04
20.000      5.24225e-05
21.000      3.61580e-05
22.000      7.01612e-05
23.000      1.91762e-04
24.000      5.23602e-04
25.000      1.36224e-03
26.000      3.36104e-03
27.000      7.86197e-03
28.000      1.74380e-02
29.000      3.66836e-02
30.000      7.32089e-02
31.000      1.38642e-01
32.000      2.49227e-01
33.000      4.25407e-01
34.000      6.89716e-01
35.000      1.06255e+00
36.000      1.55598e+00
37.000      2.16670e+00
38.000      2.87011e+00
39.000      3.61797e+00
40.000      4.34164e+00
41.000      4.96140e+00
42.000      5.40059e+00
43.000      5.60103e+00
44.000      5.53553e+00
45.000      5.21391e+00
46.000      4.68054e+00
47.000      4.00443e+00
48.000      3.26476e+00
49.000      2.53601e+00
50.000      1.87646e+00
51.000      1.32219e+00
52.000      8.86913e-01
53.000      5.66208e-01
54.000      3.43999e-01
55.000      1.99117e-01
56.000      1.10523e-01
57.000      6.06401e-02
58.000      3.69614e-02
59.000      3.25535e-02
60.000      4.60842e-02
61.000      8.18246e-02
62.000      1.49707e-01
63.000      2.65144e-01
64.000      4.48010e-01
65.000      7.20122e-01
66.000      1.10078e+00
67.000      1.60056e+00
68.000      2.21453e+00
69.000      2.91670e+00
70.000      3.65814e+00
71.000      4.37049e+00
72.000      4.97539e+00
73.000      5.39824e+00
74.000      5.58316e+00
75.000      5.50498e+00
76.000      5.17484e+00
77.000      4.63768e+00
78.000      3.96250e+00
79.000      3.22833e+00
80.000      2.50996e+00
81.000      1.86715e+00
82.000      1.33943e+00
83.000      9.46607e-01
84.000      6.93545e-01
85.000      5.76448e-01
86.000      5.88277e-01
87.000      7.21456e-01
88.000      9.67356e-01
89.000      1.31335e+00
90.000      1.73914e+00
91.000      2.21457e+00
92.000      2.70050e+00
93.000      3.15336e+00
94.000      3.53253e+00
95.000      3.80824e+00
96.000      3.96747e+00
97.000      4.01580e+00
98.000      3.97474e+00
99.000      3.87556e+00
100.000      3.75214e+00
101.000      3.63517e+00
102.000      3.54928e+00
103.000      3.51333e+00
104.000      3.54255e+00
105.000      3.65039e+00
106.000      3.84872e+00
107.000      4.14551e+00
108.000      4.54121e+00
109.000      5.02545e+00
110.000      5.57621e+00
111.000      6.16261e+00
112.000      6.75080e+00
113.000      7.31115e+00
114.000      7.82413e+00
115.000      8.28276e+00
116.000      8.69088e+00
117.000      9.05817e+00
118.000      9.39402e+00
119.000      9.70237e+00
120.000      9.97902e+00
121.000      1.02119e+01
122.000      1.03832e+01
123.000      1.04737e+01
124.000      1.04669e+01
125.000      1.03533e+01
126.000      1.01336e+01
127.000      9.81903e+00
128.000      9.42937e+00
129.000      8.98803e+00
130.000      8.51666e+00
131.000      8.03136e+00
132.000      7.54236e+00
133.000      7.05736e+00
134.000      6.58704e+00
135.000      6.14977e+00
136.000      5.77306e+00
137.000      5.49050e+00
138.000      5.33480e+00
139.000      5.32945e+00
140.000      5.48161e+00
141.000      5.77862e+00
142.000      6.18913e+00
143.000      6.66806e+00
144.000      7.16388e+00
145.000      7.62625e+00
146.000      8.01259e+00
147.000      8.29295e+00
148.000      8.45347e+00
149.000      8.49838e+00
150.000      8.45060e+00
151.000      8.35009e+00
152.000      8.24913e+00
153.000      8.20454e+00
154.000      8.26781e+00
155.000      8.47533e+00
156.000      8.84138e+00
157.000      9.35563e+00
158.000      9.98583e+00
159.000      1.06844e+01
160.000      1.13967e+01
161.000      1.20695e+01
162.000      1.26564e+01
163.000      1.31217e+01
164.000      1.34411e+01
165.000      1.36015e+01
166.000      1.36000e+01
167.000      1.34438e+01
168.000      1.31491e+01
169.000      1.27415e+01
170.000      1.22540e+01
171.000      1.17240e+01
172.000      1.11875e+01
173.000      1.06728e+01
174.000      1.01946e+01
175.000      9.75118e+00
176.000      9.32543e+00
177.000      8.89073e+00
178.000      8.41922e+00
179.000      7.89075e+00
180.000      7.29963e+00
181.000      6.65761e+00
182.000      5.99252e+00
183.000      5.34345e+00
184.000      4.75390e+00
185.000      4.26474e+00
186.000      3.90827e+00
187.000      3.70389e+00
188.000      3.65573e+00
189.000      3.75220e+00
190.000      3.96751e+00
191.000      4.26520e+00
192.000      4.60338e+00
193.000      4.94116e+00
194.000      5.24497e+00
195.000      5.49381e+00
196.000      5.68211e+00
197.000      5.81965e+00
198.000      5.92833e+00
199.000      6.03644e+00
200.000      6.17152e+00
201.000      6.35354e+00
202.000      6.59019e+00
203.000      6.87551e+00
204.000      7.19225e+00
205.000      7.51681e+00
206.000      7.82477e+00
207.000      8.09474e+00
208.000      8.30930e+00
209.000      8.45315e+00
210.000      8.51046e+00
211.000      8.46382e+00
212.000      8.29632e+00
213.000      7.99680e+00
214.000      7.56627e+00
215.000      7.02243e+00
216.000      6.40000e+00
217.000      5.74598e+00
218.000      5.11091e+00
219.000      4.53899e+00
220.000      4.05973e+00
221.000      3.68338e+00
222.000      3.40084e+00
223.000      3.18775e+00
224.000      3.01117e+00
225.000      2.83740e+00
226.000      2.63909e+00
227.000      2.40038e+00
228.000      2.11900e+00
229.000      1.80510e+00
230.000      1.47751e+00
231.000      1.15831e+00
232.000      8.67676e-01
233.000      6.19930e-01
234.000      4.21874e-01
235.000      2.73157e-01
236.000      1.68136e-01
237.000      9.83181e-02
238.000      5.45868e-02
239.000      2.87623e-02
240.000      1.43772e-02
241.000      6.81545e-03
242.000      3.06313e-03
243.000      1.30490e-03
244.000      5.26796e-04
245.000      2.01501e-04
246.000      7.30143e-05
247.000      2.50596e-05
248.000      8.14568e-06
249.000      2.50823e-06
250.000      7.35477e-07
251.000      2.22128e-07
252.000      1.35889e-07
253.000      3.32510e-07
254.000      1.16340e-06
255.000      3.98777e-06
256.000      1.29618e-05
257.000      3.98667e-05
258.000      1.16015e-04
259.000      3.19443e-04
260.000      8.32273e-04
261.000      2.05195e-03
262.000      4.78788e-03
263.000      1.05745e-02
264.000      2.21114e-02
265.000      4.37870e-02
266.000      8.21563e-02
267.000      1.46142e-01
268.000      2.46682e-01
269.000      3.95602e-01
270.000      6.03780e-01
271.000      8.79002e-01
272.000      1.22431e+00
273.000      1.63762e+00
274.000      2.11294e+00
275.000      2.64254e+00
276.000      3.21852e+00
277.000      3.83206e+00
278.000      4.46966e+00
279.000      5.10761e+00
280.000      5.70821e+00
281.000      6.22178e+00
282.000      6.59688e+00
283.000      6.79764e+00
284.000      6.82297e+00
285.000      6.71998e+00
286.000      6.58473e+00
287.000      6.54742e+00
288.000      6.74431e+00
289.000      7.28371e+00
290.000      8.21586e+00
291.000      9.51540e+00
292.000      1.10816e+01
293.000      1.27564e+01
294.000      1.43544e+01
295.000      1.56973e+01
296.000      1.66439e+01
297.000      1.71097e+01
298.000      1.70750e+01
299.000      1.65835e+01
300.000      1.57342e+01
301.000      1.46690e+01
302.000      1.35556e+01
303.000      1.25657e+01
304.000      1.18471e+01
305.000      1.14959e+01
306.000      1.15334e+01
307.000      1.18978e+01
308.000      1.24540e+01
309.000      1.30233e+01
310.000      1.34256e+01
311.000      1.35241e+01
312.000      1.32599e+01
313.000      1.26690e+01
314.000      1.18760e+01
315.000      1.10684e+01
316.000      1.04561e+01
317.000      1.02270e+01
318.000      1.05081e+01
319.000      1.13409e+01
320.000      1.26750e+01
321.000      1.43828e+01
322.000      1.62892e+01
323.000      1.82099e+01
324.000      1.99873e+01
325.000      2.15164e+01
326.000      2.27538e+01
327.000      2.37101e+01
328.000      2.44303e+01
329.000      2.49703e+01
330.000      2.53755e+01
331.000      2.56700e+01
332.000      2.58548e+01
333.000      2.59155e+01
334.000      2.58334e+01
335.000      2.55964e+01
336.000      2.52061e+01
337.000      2.46795e+01
338.000      2.40478e+01
339.000      2.33523e+01
340.000      2.26417e+01
341.000      2.19677e+01
342.000      2.13823e+01
343.000      2.09333e+01
344.000      2.06592e+01
345.000      2.05835e+01
346.000      2.07102e+01
347.000      2.10227e+01
348.000      2.14851e+01
349.000      2.20491e+01
350.000      2.26625e+01
351.000      2.32788e+01
352.000      2.38647e+01
353.000      2.44030e+01
354.000      2.48903e+01
355.000      2.53298e+01
356.000      2.57210e+01
357.000      2.60515e+01
358.000      2.62932e+01
359.000      2.64057e+01
360.000      2.63462e+01
361.000      2.60815e+01
362.000      2.55979e+01
363.000      2.49045e+01
364.000      2.40292e+01
365.000      2.30086e+01
366.000      2.18769e+01
367.000      2.06577e+01
368.000      1.93627e+01
369.000      1.79962e+01
370.000      1.65642e+01
371.000      1.50840e+01
372.000      1.35914e+01
373.000      1.21422e+01
374.000      1.08076e+01
375.000      9.66425e+00
376.000      8.78124e+00
377.000      8.20813e+00
378.000      7.96828e+00
379.000      8.05959e+00
380.000      8.46228e+00
381.000      9.15001e+00
382.000      1.00990e+01
383.000      1.12903e+01
384.000      1.27052e+01
385.000      1.43147e+01
386.000      1.60727e+01
387.000      1.79146e+01
388.000      1.97669e+01
389.000      2.15606e+01
390.000      2.32427e+01
391.000      2.47766e+01
392.000      2.61293e+01
393.000      2.72522e+01
394.000      2.80638e+01
395.000      2.84481e+01
396.000      2.82728e+01
397.000      2.74246e+01
398.000      2.58490e+01
399.000      2.35798e+01
400.000      2.07468e+01
401.000      1.75578e+01
402.000      1.42603e+01
403.000      1.10956e+01
404.000      8.25890e+00
405.000      5.87409e+00
406.000      3.98842e+00
407.000      2.58348e+00
408.000      1.59621e+00
409.000      9.42160e-01
410.000      5.35452e-01
411.000      3.02029e-01
412.000      1.86191e-01
413.000      1.51694e-01
414.000      1.79433e-01
415.000      2.63353e-01
416.000      4.05615e-01
417.000      6.11536e-01
418.000      8.84706e-01
419.000      1.22284e+00
420.000      1.61513e+00
421.000      2.04186e+00
422.000      2.47664e+00
423.000      2.89071e+00
424.000      3.25809e+00
425.000      3.55993e+00
426.000      3.78645e+00
427.000      3.93604e+00
428.000      4.01198e+00
429.000      4.01833e+00
430.000      3.95684e+00
431.000      3.82613e+00
432.000      3.62356e+00
433.000      3.34891e+00
434.000      3.00818e+00
435.000      2.61591e+00
436.000      2.19486e+00
437.000      1.77300e+00
438.000      1.37901e+00
439.000      1.03771e+00
440.000      7.66830e-01
441.000      5.75752e-01
442.000      4.65904e-01
443.000      4.32065e-01
444.000      4.63648e-01
445.000      5.45584e-01
446.000      6.58986e-01
447.000      7.82206e-01
448.000      8.92821e-01
449.000      9.70637e-01
450.000      1.00107e+00
451.000      9.77855e-01
452.000      9.04068e-01
453.000      7.90907e-01
454.000      6.54636e-01
455.000      5.12632e-01
456.000      3.79782e-01
457.000      2.66185e-01
458.000      1.76502e-01
459.000      1.10722e-01
460.000      6.57110e-02
461.000      3.68943e-02
462.000      1.95973e-02
463.000      9.84810e-03
464.000      4.68194e-03
465.000      2.10580e-03
466.000      8.96036e-04
467.000      3.60705e-04
468.000      1.37371e-04
469.000      4.94945e-05
470.000      1.68708e-05
471.000      5.44042e-06
472.000      1.65976e-06
473.000      4.79047e-07
474.000      1.30806e-07
475.000      3.37905e-08
476.000      8.25808e-09
477.000      1.90933e-09
478.000      4.17639e-10
479.000      8.64247e-11
480.000      1.69197e-11
481.000      3.13376e-12
482.000      5.49105e-13
483.000      9.10256e-14
484.000      1.42754e-14
485.000      2.11803e-15
486.000      2.97298e-16
487.000      3.94794e-17
488.000      4.95982e-18
489.000      5.89494e-19
490.000      6.62843e-20
491.000      7.05114e-21
492.000      7.09619e-22
493.000      6.75630e-23
494.000      6.08570e-24
495.000      5.18596e-25
496.000      4.18086e-26
497.000      3.18875e-27
498.000      2.30087e-28
499.000      1.57066e-29
500.000      1.01435e-30
