# Gaussian folded, width=10 cm^-1
# [cm^-1] arbitrary
0.000      3.00000e+00
1.000      2.91796e+00
2.000      2.68508e+00
3.000      2.33749e+00
4.000      1.92514e+00
5.000      1.50000e+00
6.000      1.10570e+00
7.000      7.71085e-01
8.000      5.08727e-01
9.000      3.17529e-01
10.000      1.87500e-01
11.000      1.04746e-01
12.000      5.53593e-02
13.000      2.76805e-02
14.000      1.30966e-02
15.000      5.87047e-03
16.000      2.51554e-03
17.000      1.09735e-03
18.000      6.69372e-04
19.000      9.18983e-04
20.000      2.03636e-03
21.000      4.80884e-03
22.000      1.09587e-02
23.000      2.37515e-02
24.000      4.88700e-02
25.000      9.54505e-02
26.000      1.76997e-01
27.000      3.11667e-01
28.000      5.21251e-01
29.000      8.28196e-01
30.000      1.25042e+00
31.000      1.79446e+00
32.000      2.44843e+00
33.000      3.17726e+00
34.000      3.92263e+00
35.000      4.60908e+00
36.000      5.15621e+00
37.000      5.49412e+00
38.000      5.57823e+00
39.000      5.39888e+00
40.000      4.98305e+00
41.000      4.38773e+00
42.000      3.68721e+00
43.000      2.95827e+00
44.000      2.26731e+00
45.000      1.66216e+00
46.000      1.16976e+00
47.000      7.98811e-01
48.000      5.45596e-01
49.000      4.00856e-01
50.000      3.55768e-01
51.000      4.05868e-01
52.000      5.52287e-01
53.000      8.00316e-01
54.000      1.15571e+00
55.000      1.61957e+00
56.000      2.18286e+00
57.000      2.82206e+00
58.000      3.49715e+00
59.000      4.15315e+00
60.000      4.72579e+00
61.000      5.15066e+00
62.000      5.37448e+00
63.000      5.36574e+00
64.000      5.12209e+00
65.000      4.67192e+00
66.000      4.06958e+00
67.000      3.38523e+00
68.000      2.69229e+00
69.000      2.05584e+00
70.000      1.52495e+00
71.000      1.13009e+00
72.000      8.85008e-01
73.000      7.91170e-01
74.000      8.42451e-01
75.000      1.02828e+00
76.000      1.33471e+00
77.000      1.74383e+00
78.000      2.23273e+00
79.000      2.77299e+00
80.000      3.33154e+00
81.000      3.87291e+00
82.000      4.36285e+00
83.000      4.77265e+00
84.000      5.08399e+00
85.000      5.29346e+00
86.000      5.41564e+00
87.000      5.48333e+00
88.000      5.54364e+00
89.000      5.64978e+00
90.000      5.85006e+00
91.000      6.17735e+00
92.000      6.64240e+00
93.000      7.23347e+00
94.000      7.92217e+00
95.000      8.67278e+00
96.000      9.45103e+00
97.000      1.02291e+01
98.000      1.09852e+01
99.000      1.17002e+01
100.000      1.23524e+01
101.000      1.29150e+01
102.000      1.33562e+01
103.000      1.36426e+01
104.000      1.37437e+01
105.000      1.36372e+01
106.000      1.33133e+01
107.000      1.27784e+01
108.000      1.20571e+01
109.000      1.11933e+01
110.000      1.02477e+01
111.000      9.29241e+00
112.000      8.40238e+00
113.000      7.64503e+00
114.000      7.07066e+00
115.000      6.70607e+00
116.000      6.55301e+00
117.000      6.59198e+00
118.000      6.79004e+00
119.000      7.11026e+00
120.000      7.52031e+00
121.000      7.99783e+00
122.000      8.53147e+00
123.000      9.11800e+00
124.000      9.75673e+00
125.000      1.04433e+01
126.000      1.11650e+01
127.000      1.18986e+01
128.000      1.26118e+01
129.000      1.32670e+01
130.000      1.38263e+01
131.000      1.42576e+01
132.000      1.45397e+01
133.000      1.46654e+01
134.000      1.46430e+01
135.000      1.44947e+01
136.000      1.42520e+01
137.000      1.39499e+01
138.000      1.36193e+01
139.000      1.32818e+01
140.000      1.29474e+01
141.000      1.26152e+01
142.000      1.22782e+01
143.000      1.19296e+01
144.000      1.15680e+01
145.000      1.12005e+01
146.000      1.08424e+01
147.000      1.05144e+01
148.000      1.02370e+01
149.000      1.00251e+01
150.000      9.88341e+00
151.000      9.80418e+00
152.000      9.76813e+00
153.000      9.74814e+00
154.000      9.71531e+00
155.000      9.64586e+00
156.000      9.52674e+00
157.000      9.35840e+00
158.000      9.15374e+00
159.000      8.93353e+00
160.000      8.71978e+00
161.000      8.52907e+00
162.000      8.36793e+00
163.000      8.23184e+00
164.000      8.10823e+00
165.000      7.98291e+00
166.000      7.84802e+00
167.000      7.70879e+00
168.000      7.58630e+00
169.000      7.51458e+00
170.000      7.53204e+00
171.000      7.66970e+00
172.000      7.93981e+00
173.000      8.32909e+00
174.000      8.79893e+00
175.000      9.29267e+00
176.000      9.74767e+00
177.000      1.01084e+01
178.000      1.03369e+01
179.000      1.04184e+01
180.000      1.03618e+01
181.000      1.01956e+01
182.000      9.96155e+00
183.000      9.70738e+00
184.000      9.48003e+00
185.000      9.31954e+00
186.000      9.25447e+00
187.000      9.29924e+00
188.000      9.45368e+00
189.000      9.70501e+00
190.000      1.00317e+01
191.000      1.04083e+01
192.000      1.08088e+01
193.000      1.12093e+01
194.000      1.15876e+01
195.000      1.19225e+01
196.000      1.21935e+01
197.000      1.23819e+01
198.000      1.24752e+01
199.000      1.24712e+01
200.000      1.23809e+01
201.000      1.22285e+01
202.000      1.20454e+01
203.000      1.18613e+01
204.000      1.16943e+01
205.000      1.15435e+01
206.000      1.13869e+01
207.000      1.11870e+01
208.000      1.09013e+01
209.000      1.04967e+01
210.000      9.96217e+00
211.000      9.31722e+00
212.000      8.61201e+00
213.000      7.91994e+00
214.000      7.32368e+00
215.000      6.89885e+00
216.000      6.69946e+00
217.000      6.74886e+00
218.000      7.03769e+00
219.000      7.52804e+00
220.000      8.16162e+00
221.000      8.86938e+00
222.000      9.58073e+00
223.000      1.02317e+01
224.000      1.07719e+01
225.000      1.11702e+01
226.000      1.14183e+01
227.000      1.15312e+01
228.000      1.15426e+01
229.000      1.14969e+01
230.000      1.14387e+01
231.000      1.14033e+01
232.000      1.14102e+01
233.000      1.14635e+01
234.000      1.15557e+01
235.000      1.16753e+01
236.000      1.18134e+01
237.000      1.19674e+01
238.000      1.21406e+01
239.000      1.23388e+01
240.000      1.25647e+01
241.000      1.28134e+01
242.000      1.30695e+01
243.000      1.33085e+01
244.000      1.35011e+01
245.000      1.36189e+01
246.000      1.36415e+01
247.000      1.35609e+01
248.000      1.33831e+01
249.000      1.31251e+01
250.000      1.28089e+01
251.000      1.24545e+01
252.000      1.20731e+01
253.000      1.16658e+01
254.000      1.12248e+01
255.000      1.07393e+01
256.000      1.02028e+01
257.000      9.61924e+00
258.000      9.00618e+00
259.000      8.39499e+00
260.000      7.82733e+00
261.000      7.34930e+00
262.000      7.00383e+00
263.000      6.82226e+00
264.000      6.81622e+00
265.000      6.97163e+00
266.000      7.24689e+00
267.000      7.57676e+00
268.000      7.88248e+00
269.000      8.08644e+00
270.000      8.12843e+00
271.000      7.97922e+00
272.000      7.64783e+00
273.000      7.18018e+00
274.000      6.64921e+00
275.000      6.13908e+00
276.000      5.72753e+00
277.000      5.47110e+00
278.000      5.39683e+00
279.000      5.50201e+00
280.000      5.76095e+00
281.000      6.13550e+00
282.000      6.58552e+00
283.000      7.07589e+00
284.000      7.57860e+00
285.000      8.07092e+00
286.000      8.53211e+00
287.000      8.94148e+00
288.000      9.27937e+00
289.000      9.53079e+00
290.000      9.68957e+00
291.000      9.76052e+00
292.000      9.75790e+00
293.000      9.70022e+00
294.000      9.60357e+00
295.000      9.47624e+00
296.000      9.31709e+00
297.000      9.11821e+00
298.000      8.87053e+00
299.000      8.56977e+00
300.000      8.22008e+00
301.000      7.83414e+00
302.000      7.42989e+00
303.000      7.02575e+00
304.000      6.63624e+00
305.000      6.26983e+00
306.000      5.92940e+00
307.000      5.61515e+00
308.000      5.32841e+00
309.000      5.07509e+00
310.000      4.86717e+00
311.000      4.72175e+00
312.000      4.65767e+00
313.000      4.69113e+00
314.000      4.83166e+00
315.000      5.08003e+00
316.000      5.42849e+00
317.000      5.86281e+00
318.000      6.36501e+00
319.000      6.91564e+00
320.000      7.49532e+00
321.000      8.08571e+00
322.000      8.67067e+00
323.000      9.23789e+00
324.000      9.78061e+00
325.000      1.02985e+01
326.000      1.07973e+01
327.000      1.12860e+01
328.000      1.17740e+01
329.000      1.22677e+01
330.000      1.27689e+01
331.000      1.32755e+01
332.000      1.37823e+01
333.000      1.42836e+01
334.000      1.47737e+01
335.000      1.52472e+01
336.000      1.56989e+01
337.000      1.61236e+01
338.000      1.65180e+01
339.000      1.68829e+01
340.000      1.72260e+01
341.000      1.75625e+01
342.000      1.79133e+01
343.000      1.83001e+01
344.000      1.87386e+01
345.000      1.92324e+01
346.000      1.97690e+01
347.000      2.03207e+01
348.000      2.08495e+01
349.000      2.13134e+01
350.000      2.16733e+01
351.000      2.18970e+01
352.000      2.19591e+01
353.000      2.18401e+01
354.000      2.15240e+01
355.000      2.09991e+01
356.000      2.02601e+01
357.000      1.93121e+01
358.000      1.81745e+01
359.000      1.68820e+01
360.000      1.54836e+01
361.000      1.40380e+01
362.000      1.26071e+01
363.000      1.12499e+01
364.000      1.00159e+01
365.000      8.94202e+00
366.000      8.04975e+00
367.000      7.34557e+00
368.000      6.82178e+00
369.000      6.45850e+00
370.000      6.22634e+00
371.000      6.09007e+00
372.000      6.01346e+00
373.000      5.96526e+00
374.000      5.92507e+00
375.000      5.88785e+00
376.000      5.86531e+00
377.000      5.88351e+00
378.000      5.97699e+00
379.000      6.18066e+00
380.000      6.52145e+00
381.000      7.01105e+00
382.000      7.64110e+00
383.000      8.38115e+00
384.000      9.17976e+00
385.000      9.96874e+00
386.000      1.06705e+01
387.000      1.12075e+01
388.000      1.15135e+01
389.000      1.15428e+01
390.000      1.12778e+01
391.000      1.07320e+01
392.000      9.94760e+00
393.000      8.98945e+00
394.000      7.93563e+00
395.000      6.86659e+00
396.000      5.85489e+00
397.000      4.95686e+00
398.000      4.20748e+00
399.000      3.61907e+00
400.000      3.18369e+00
401.000      2.87835e+00
402.000      2.67176e+00
403.000      2.53100e+00
404.000      2.42663e+00
405.000      2.33556e+00
406.000      2.24161e+00
407.000      2.13437e+00
408.000      2.00756e+00
409.000      1.85788e+00
410.000      1.68467e+00
411.000      1.49049e+00
412.000      1.28172e+00
413.000      1.06862e+00
414.000      8.64362e-01
415.000      6.83265e-01
416.000      5.38646e-01
417.000      4.40909e-01
418.000      3.96164e-01
419.000      4.05365e-01
420.000      4.63830e-01
421.000      5.61109e-01
422.000      6.81426e-01
423.000      8.05095e-01
424.000      9.11117e-01
425.000      9.80711e-01
426.000      1.00096e+00
427.000      9.67452e-01
428.000      8.84992e-01
429.000      7.66025e-01
430.000      6.27330e-01
431.000      4.86049e-01
432.000      3.56277e-01
433.000      2.47068e-01
434.000      1.62092e-01
435.000      1.00607e-01
436.000      5.90757e-02
437.000      3.28178e-02
438.000      1.72475e-02
439.000      8.57555e-03
440.000      4.03380e-03
441.000      1.79508e-03
442.000      7.55741e-04
443.000      3.01008e-04
444.000      1.13423e-04
445.000      4.04336e-05
446.000      1.36364e-05
447.000      4.35088e-06
448.000      1.31332e-06
449.000      3.75044e-07
450.000      1.01324e-07
451.000      2.58975e-08
452.000      6.26211e-09
453.000      1.43253e-09
454.000      3.10029e-10
455.000      6.34773e-11
456.000      1.22957e-11
457.000      2.25323e-12
458.000      3.90638e-13
459.000      6.40711e-14
460.000      9.94184e-15
461.000      1.45945e-15
462.000      2.02689e-16
463.000      2.66310e-17
464.000      3.31026e-18
465.000      3.89273e-19
466.000      4.33077e-20
467.000      4.55820e-21
468.000      4.53878e-22
469.000      4.27565e-23
470.000      3.81051e-24
471.000      3.21278e-25
472.000      2.56270e-26
473.000      1.93389e-27
474.000      1.38065e-28
475.000      9.32504e-30
476.000      5.95851e-31
477.000      3.60198e-32
478.000      2.05998e-33
479.000      1.11456e-34
480.000      5.70504e-36
481.000      2.76270e-37
482.000      1.26568e-38
483.000      5.48574e-40
484.000      2.24938e-41
485.000      8.72584e-43
486.000      3.20236e-44
487.000      1.11186e-45
488.000      3.65214e-47
489.000      1.13491e-48
490.000      3.33653e-50
491.000      9.27995e-52
492.000      2.44182e-53
493.000      6.07854e-55
494.000      1.43154e-56
495.000      3.18951e-58
496.000      6.72298e-60
497.000      1.34066e-61
498.000      2.52925e-63
499.000      4.51422e-65
500.000      7.62240e-67
