4.500000000000000000e+01
4.376940000000000452e+01
4.027619999999999578e+01
3.506234999999999502e+01
2.887709999999999511e+01
2.250000000000000000e+01
1.658550000000000324e+01
1.156627499999999920e+01
7.630905000000002936e+00
4.762935000000000585e+00
2.812500000000000000e+00
1.571190000000000087e+00
8.303887999999999270e-01
4.152043999999999180e-01
1.964387999999999967e-01
8.802667999999999604e-02
3.764274999999999566e-02
1.620595999999999842e-02
9.365314999999999057e-03
1.209210600000000004e-02
2.654294000000000098e-02
6.321110000000000617e-02
1.456539199999999923e-01
3.193029000000000006e-01
6.645318000000000058e-01
1.312823599999999757e+00
2.462263999999999786e+00
4.385056000000000509e+00
7.416585000000000427e+00
1.191503599999999885e+01
1.818533999999999651e+01
2.637235000000000085e+01
3.634468000000000387e+01
4.760510999999999626e+01
5.927013000000000176e+01
7.015010999999999797e+01
7.893384000000000356e+01
8.444273999999998637e+01
8.588931999999998368e+01
8.306092999999999904e+01
7.637122999999999706e+01
6.676161999999999352e+01
5.548508999999999958e+01
4.384177999999999997e+01
3.294277000000000299e+01
2.356112999999999857e+01
1.609211399999999870e+01
1.060904399999999903e+01
6.977683000000000746e+00
4.985478999999999772e+00
4.450880000000000614e+00
5.290949999999999598e+00
7.539244000000000057e+00
1.131540999999999997e+01
1.675478100000000126e+01
2.391254999999999953e+01
3.266367999999999938e+01
4.262527999999999651e+01
5.312856000000000734e+01
6.325997999999999166e+01
7.197511000000000081e+01
7.826708999999998184e+01
8.135344999999999516e+01
8.083302999999997951e+01
7.677177000000000362e+01
6.969204999999999472e+01
6.046922999999999604e+01
5.016497999999999280e+01
3.984318000000000382e+01
3.041583999999999577e+01
2.255204000000000164e+01
1.665909399999999962e+01
1.292318200000000061e+01
1.137935000000000052e+01
1.197984799999999872e+01
1.463515899999999803e+01
1.921865999999999985e+01
2.554010999999999854e+01
3.330525000000000091e+01
4.208319000000000187e+01
5.130162999999999585e+01
6.028229999999999933e+01
6.831911000000000911e+01
7.478884999999999650e+01
7.927474999999998317e+01
8.167462000000000444e+01
8.226309999999999434e+01
8.168294999999999106e+01
8.085606999999998834e+01
8.082452999999999577e+01
8.255545000000002176e+01
8.675625999999998328e+01
9.374663999999998509e+01
1.034169499999999999e+02
1.152779999999999916e+02
1.285793300000000272e+02
1.424583999999999833e+02
1.560794899999999927e+02
1.687322999999999809e+02
1.798773000000000195e+02
1.891410000000000196e+02
1.962783999999999764e+02
2.011246999999999616e+02
2.035533000000000072e+02
2.034586999999999932e+02
2.007683999999999855e+02
1.954796999999999798e+02
1.877127999999999588e+02
1.777528000000000077e+02
1.660765000000000100e+02
1.533386099999999885e+02
1.403219799999999964e+02
1.278595400000000240e+02
1.167408300000000025e+02
1.076291300000000035e+02
1.010030700000000081e+02
9.713427999999997553e+01
9.609782000000001290e+01
9.780483999999999867e+01
1.020421199999999970e+02
1.085068599999999890e+02
1.168323100000000068e+02
1.266062999999999761e+02
1.373885800000000188e+02
1.487307899999999847e+02
1.601990299999999934e+02
1.713949999999999818e+02
1.819731999999999914e+02
1.916492000000000075e+02
2.002004999999999768e+02
2.074661999999999864e+02
2.133389000000000237e+02
2.177600999999999942e+02
2.207152000000000100e+02
2.222258999999999673e+02
2.223467999999999734e+02
2.211600999999999999e+02
2.187747000000000526e+02
2.153217999999999961e+02
2.109558000000000106e+02
2.058475000000000534e+02
2.001772000000000276e+02
1.941218999999999539e+02
1.878439999999999941e+02
1.814842999999999620e+02
1.751593000000000302e+02
1.689654999999999632e+02
1.629908999999999821e+02
1.573176100000000019e+02
1.520265499999999861e+02
1.471882099999999980e+02
1.428519500000000164e+02
1.390351400000000126e+02
1.357206600000000094e+02
1.328615199999999845e+02
1.303949999999999818e+02
1.282587800000000016e+02
1.264035300000000035e+02
1.247978799999999779e+02
1.234249799999999908e+02
1.222741600000000091e+02
1.213310800000000000e+02
1.205713699999999875e+02
1.199598400000000140e+02
1.194566100000000120e+02
1.190295600000000036e+02
1.186710199999999986e+02
1.184142200000000003e+02
1.183433399999999978e+02
1.185906900000000093e+02
1.193171800000000076e+02
1.206767299999999921e+02
1.227712199999999996e+02
1.256082700000000045e+02
1.290747199999999850e+02
1.329375599999999906e+02
1.368751599999999939e+02
1.405355499999999722e+02
1.436056299999999908e+02
1.458753100000000131e+02
1.472790300000000343e+02
1.479044100000000128e+02
1.479671400000000290e+02
1.477639900000000068e+02
1.476153599999999813e+02
1.478125800000000254e+02
1.485776299999999708e+02
1.500398299999999949e+02
1.522288800000000037e+02
1.550791000000000111e+02
1.584436300000000131e+02
1.621159799999999791e+02
1.658551099999999963e+02
1.694145899999999756e+02
1.725702900000000284e+02
1.751476500000000556e+02
1.770443999999999676e+02
1.782430999999999983e+02
1.788154999999999859e+02
1.789093999999999767e+02
1.787188999999999623e+02
1.784450999999999965e+02
1.782483000000000288e+02
1.782042000000000144e+02
1.782803000000000111e+02
1.783333999999999833e+02
1.781319999999999766e+02
1.774035000000000082e+02
1.758878000000000270e+02
1.733930000000000007e+02
1.698351299999999924e+02
1.652640100000000132e+02
1.598645099999999957e+02
1.539419000000000040e+02
1.478917499999999734e+02
1.421616300000000024e+02
1.372062200000000018e+02
1.334393200000000093e+02
1.311880500000000040e+02
1.306506799999999942e+02
1.318666800000000023e+02
1.347055600000000197e+02
1.388807999999999936e+02
1.439884899999999845e+02
1.495665400000000034e+02
1.551619299999999839e+02
1.603923099999999806e+02
1.649886700000000133e+02
1.688101499999999930e+02
1.718351999999999862e+02
1.741325099999999964e+02
1.758234899999999925e+02
1.770483200000000181e+02
1.779423400000000299e+02
1.786191700000000253e+02
1.791678999999999746e+02
1.796499999999999773e+02
1.801011000000000024e+02
1.805311999999999841e+02
1.809227999999999952e+02
1.812344000000000221e+02
1.814018999999999551e+02
1.813449999999999989e+02
1.809778999999999769e+02
1.802240999999999929e+02
1.790271999999999935e+02
1.773638699999999915e+02
1.752456299999999771e+02
1.727162899999999865e+02
1.698379300000000001e+02
1.666780100000000289e+02
1.632979800000000239e+02
1.597502800000000036e+02
1.560846200000000010e+02
1.523606100000000083e+02
1.486613200000000177e+02
1.450989599999999768e+02
1.418104900000000157e+02
1.389406100000000208e+02
1.366124100000000112e+02
1.348941799999999773e+02
1.337687800000000209e+02
1.331166300000000149e+02
1.327182400000000086e+02
1.322795299999999941e+02
1.314758999999999673e+02
1.300047800000000109e+02
1.276343800000000073e+02
1.242364699999999971e+02
1.198018299999999954e+02
1.144392300000000091e+02
1.083665699999999958e+02
1.018990900000000011e+02
9.543467000000001121e+01
8.943025000000000091e+01
8.436177000000000703e+01
8.066588000000001557e+01
7.867187000000001262e+01
7.854098000000000468e+01
8.023430000000000462e+01
8.352223999999998227e+01
8.803452000000000055e+01
9.333438999999999908e+01
9.899123999999999057e+01
1.046296999999999997e+02
1.099453100000000063e+02
1.146935300000000097e+02
1.186708000000000141e+02
1.217054000000000116e+02
1.236681900000000098e+02
1.244968900000000076e+02
1.242195400000000092e+02
1.229600099999999827e+02
1.209168200000000013e+02
1.183215599999999910e+02
1.153902500000000089e+02
1.122852200000000096e+02
1.090985900000000157e+02
1.058590800000000200e+02
1.025555500000000109e+02
9.916589999999999350e+01
9.568196999999999264e+01
9.212475000000002012e+01
8.855007999999997992e+01
8.504689000000000476e+01
8.173254999999998915e+01
7.874742999999999427e+01
7.624952999999999292e+01
7.440643000000000029e+01
7.338328999999998814e+01
7.332572000000000401e+01
7.433991000000000327e+01
7.647541999999999973e+01
7.971679000000000315e+01
8.398847999999998137e+01
8.917239999999999611e+01
9.513255999999999801e+01
1.017379500000000121e+02
1.088746399999999852e+02
1.164440400000000153e+02
1.243499099999999942e+02
1.324823900000000094e+02
1.407111800000000130e+02
1.488934399999999698e+02
1.568955200000000048e+02
1.646243599999999958e+02
1.720502999999999929e+02
1.792151999999999532e+02
1.862211000000000070e+02
1.932004999999999768e+02
2.002825000000000273e+02
2.075622999999999649e+02
2.150855000000000246e+02
2.228470999999999833e+02
2.308019999999999925e+02
2.388812999999999533e+02
2.470069999999999766e+02
2.551019000000000005e+02
2.630951000000000022e+02
2.709209999999999923e+02
2.785185999999999922e+02
2.858247999999999251e+02
2.927696999999999434e+02
2.992685999999999353e+02
3.052162000000000717e+02
3.104850000000000136e+02
3.149284000000000106e+02
3.183906999999999812e+02
3.207206999999999084e+02
3.217819999999999823e+02
3.214549999999999272e+02
3.196311999999999784e+02
3.162019000000000233e+02
3.110529000000000224e+02
3.040724000000000160e+02
2.951819000000000415e+02
2.843810000000000286e+02
2.717893000000000256e+02
2.576725999999999885e+02
2.424326000000000079e+02
2.265685000000000286e+02
2.106108999999999867e+02
1.950543000000000120e+02
1.803066999999999780e+02
1.666625000000000227e+02
1.543062299999999993e+02
1.433265000000000100e+02
1.337424600000000225e+02
1.255208299999999895e+02
1.185889400000000222e+02
1.128418399999999906e+02
1.081505100000000112e+02
1.043758100000000013e+02
1.013903700000000043e+02
9.910588999999998805e+01
9.749956000000000245e+01
9.663267999999997926e+01
9.665280999999998812e+01
9.777469000000000676e+01
1.002379200000000026e+02
1.042431099999999873e+02
1.098739300000000014e+02
1.170172400000000010e+02
1.252998399999999890e+02
1.340634399999999857e+02
1.423973199999999792e+02
1.492386900000000196e+02
1.535313800000000128e+02
1.544201800000000162e+02
1.514264599999999916e+02
1.445673099999999920e+02
1.343743000000000336e+02
1.218033399999999915e+02
1.080588899999999910e+02
9.437512999999999863e+01
8.181187000000001319e+01
7.111075999999999908e+01
6.263616999999999280e+01
5.639826999999999657e+01
5.213485000000000724e+01
4.941904999999999859e+01
4.776171999999999684e+01
4.668994999999999607e+01
4.579475999999998947e+01
4.475380999999999432e+01
4.333865000000000833e+01
4.141600999999999999e+01
3.894776999999999845e+01
3.598848999999999876e+01
3.267667000000000144e+01
2.921509000000000000e+01
2.583951000000000064e+01
2.277875000000000227e+01
2.021320499999999853e+01
1.824154300000000362e+01
1.686330599999999791e+01
1.598278100000000101e+01
1.543257600000000096e+01
1.501206900000000033e+01
1.453048499999999876e+01
1.384395100000000234e+01
1.287835499999999911e+01
1.163400700000000043e+01
1.017329999999999934e+01
8.596830000000000638e+00
7.016360700000000783e+00
5.531346600000000890e+00
4.214032699999999743e+00
3.104219300000000015e+00
2.211892240000000065e+00
1.524586059999999854e+00
1.016086730000000049e+00
6.541726759999999530e-01
4.062801149999999417e-01
2.429729233999999849e-01
1.396456327000000219e-01
7.697164488000000915e-02
4.060669868999999821e-02
2.046501144499998995e-02
9.836681785999995889e-03
4.502700763900000652e-03
1.960419509599999489e-03
8.110190015599999134e-04
3.185275313150000612e-04
1.186856962719999960e-04
4.193169024100000595e-05
1.404046236650999911e-05
4.454128574319998827e-06
1.338311361051999761e-06
3.807735520011999892e-07
1.025680369860400079e-07
2.615329405431399961e-08
6.311913043751000486e-09
1.441711222243100030e-09
3.116314927421699646e-10
6.374209930306498648e-11
1.233712280384759775e-11
2.259364000412839931e-12
3.914978281574129251e-13
6.418518407107909218e-14
9.956167465478580500e-15
1.461153059953117927e-15
2.028805992109584167e-16
2.665140097998578925e-17
3.312315844792170003e-18
3.894690649977023008e-19
4.332539595736870785e-20
4.559711486904247813e-21
4.540001748081765736e-22
4.276584543950805259e-23
3.811186476938856514e-24
3.213243376733142963e-25
2.563000358349064991e-26
1.934074231968264626e-27
1.380756930907928237e-28
9.325627288878650552e-30
5.958815214952229203e-31
3.602130094003430418e-32
2.060049842450480947e-33
1.114590751802232615e-34
5.705168119440208220e-36
2.762750506794505697e-37
1.265698839552684295e-38
5.485806493183434503e-40
2.249402205745108740e-41
8.725910167386968182e-43
3.202380978908789882e-44
1.111865934805762826e-45
3.652155885656480903e-47
1.134914023243399172e-48
3.336539640909275199e-50
9.279971858960020062e-52
2.441824689315315534e-53
6.078549518207504387e-55
1.431541827961654452e-56
3.189513321545628446e-58
6.722985710551825637e-60
1.340660928917089742e-61
2.529251429671611555e-63
4.514222081873341115e-65
7.622402868336147693e-67
