# Gaussian folded, width=10 cm^-1
# [cm^-1] arbitrary
0.000      3.00000e+00
1.000      2.91796e+00
2.000      2.68508e+00
3.000      2.33749e+00
4.000      1.92514e+00
5.000      1.50000e+00
6.000      1.10570e+00
7.000      7.71085e-01
8.000      5.08727e-01
9.000      3.17530e-01
10.000      1.87501e-01
11.000      1.04749e-01
12.000      5.53715e-02
13.000      2.77194e-02
14.000      1.32144e-02
15.000      6.20790e-03
16.000      3.43008e-03
17.000      3.44244e-03
18.000      6.35781e-03
19.000      1.39695e-02
20.000      3.03481e-02
21.000      6.28708e-02
22.000      1.23483e-01
23.000      2.29735e-01
24.000      4.04817e-01
25.000      6.75627e-01
26.000      1.06803e+00
27.000      1.59920e+00
28.000      2.26818e+00
29.000      3.04733e+00
30.000      3.87832e+00
31.000      4.67583e+00
32.000      5.34044e+00
33.000      5.77844e+00
34.000      5.92338e+00
35.000      5.75266e+00
36.000      5.29337e+00
37.000      4.61546e+00
38.000      3.81477e+00
39.000      2.99176e+00
40.000      2.23289e+00
41.000      1.59958e+00
42.000      1.12638e+00
43.000      8.26663e-01
44.000      7.01755e-01
45.000      7.49342e-01
46.000      9.67714e-01
47.000      1.35449e+00
48.000      1.90053e+00
49.000      2.58153e+00
50.000      3.35116e+00
51.000      4.13934e+00
52.000      4.85829e+00
53.000      5.41602e+00
54.000      5.73446e+00
55.000      5.76681e+00
56.000      5.50862e+00
57.000      4.99888e+00
58.000      4.31076e+00
59.000      3.53517e+00
60.000      2.76253e+00
61.000      2.06787e+00
62.000      1.50291e+00
63.000      1.09551e+00
64.000      8.54627e-01
65.000      7.77694e-01
66.000      8.57170e-01
67.000      1.08424e+00
68.000      1.44908e+00
69.000      1.93830e+00
70.000      2.53114e+00
71.000      3.19649e+00
72.000      3.89233e+00
73.000      4.56928e+00
74.000      5.17816e+00
75.000      5.68060e+00
76.000      6.05999e+00
77.000      6.32902e+00
78.000      6.53071e+00
79.000      6.73142e+00
80.000      7.00691e+00
81.000      7.42527e+00
82.000      8.03171e+00
83.000      8.83927e+00
84.000      9.82747e+00
85.000      1.09477e+01
86.000      1.21329e+01
87.000      1.33072e+01
88.000      1.43953e+01
89.000      1.53279e+01
90.000      1.60465e+01
91.000      1.65057e+01
92.000      1.66753e+01
93.000      1.65413e+01
94.000      1.61065e+01
95.000      1.53904e+01
96.000      1.44289e+01
97.000      1.32731e+01
98.000      1.19875e+01
99.000      1.06469e+01
100.000      9.33236e+00
101.000      8.12723e+00
102.000      7.11202e+00
103.000      6.35951e+00
104.000      5.92951e+00
105.000      5.86335e+00
106.000      6.17867e+00
107.000      6.86522e+00
108.000      7.88324e+00
109.000      9.16526e+00
110.000      1.06222e+01
111.000      1.21537e+01
112.000      1.36603e+01
113.000      1.50572e+01
114.000      1.62834e+01
115.000      1.73067e+01
116.000      1.81197e+01
117.000      1.87299e+01
118.000      1.91469e+01
119.000      1.93706e+01
120.000      1.93874e+01
121.000      1.91757e+01
122.000      1.87180e+01
123.000      1.80172e+01
124.000      1.71073e+01
125.000      1.60556e+01
126.000      1.49549e+01
127.000      1.39069e+01
128.000      1.30044e+01
129.000      1.23156e+01
130.000      1.18758e+01
131.000      1.16867e+01
132.000      1.17212e+01
133.000      1.19326e+01
134.000      1.22631e+01
135.000      1.26523e+01
136.000      1.30425e+01
137.000      1.33824e+01
138.000      1.36290e+01
139.000      1.37482e+01
140.000      1.37155e+01
141.000      1.35160e+01
142.000      1.31454e+01
143.000      1.26102e+01
144.000      1.19281e+01
145.000      1.11269e+01
146.000      1.02427e+01
147.000      9.31665e+00
148.000      8.39153e+00
149.000      7.50701e+00
150.000      6.69574e+00
151.000      5.98022e+00
152.000      5.37163e+00
153.000      4.87131e+00
154.000      4.47489e+00
155.000      4.17810e+00
156.000      3.98229e+00
157.000      3.89745e+00
158.000      3.94087e+00
159.000      4.13144e+00
160.000      4.48095e+00
161.000      4.98549e+00
162.000      5.62027e+00
163.000      6.34085e+00
164.000      7.09180e+00
165.000      7.82167e+00
166.000      8.50013e+00
167.000      9.13131e+00
168.000      9.75681e+00
169.000      1.04449e+01
170.000      1.12666e+01
171.000      1.22668e+01
172.000      1.34393e+01
173.000      1.47184e+01
174.000      1.59906e+01
175.000      1.71238e+01
176.000      1.80040e+01
177.000      1.85676e+01
178.000      1.88162e+01
179.000      1.88120e+01
180.000      1.86550e+01
181.000      1.84503e+01
182.000      1.82768e+01
183.000      1.81655e+01
184.000      1.80959e+01
185.000      1.80102e+01
186.000      1.78437e+01
187.000      1.75622e+01
188.000      1.71937e+01
189.000      1.68430e+01
190.000      1.66798e+01
191.000      1.69002e+01
192.000      1.76707e+01
193.000      1.90717e+01
194.000      2.10579e+01
195.000      2.34526e+01
196.000      2.59791e+01
197.000      2.83229e+01
198.000      3.02058e+01
199.000      3.14496e+01
200.000      3.20091e+01
201.000      3.19643e+01
202.000      3.14771e+01
203.000      3.07290e+01
204.000      2.98624e+01
205.000      2.89459e+01
206.000      2.79715e+01
207.000      2.68807e+01
208.000      2.56044e+01
209.000      2.40993e+01
210.000      2.23684e+01
211.000      2.04629e+01
212.000      1.84679e+01
213.000      1.64825e+01
214.000      1.46019e+01
215.000      1.29045e+01
216.000      1.14441e+01
217.000      1.02464e+01
218.000      9.30697e+00
219.000      8.59224e+00
220.000      8.04388e+00
221.000      7.58844e+00
222.000      7.15106e+00
223.000      6.67088e+00
224.000      6.11431e+00
225.000      5.48275e+00
226.000      4.81273e+00
227.000      4.16875e+00
228.000      3.63086e+00
229.000      3.28011e+00
230.000      3.18504e+00
231.000      3.39150e+00
232.000      3.91710e+00
233.000      4.75044e+00
234.000      5.85460e+00
235.000      7.17349e+00
236.000      8.63941e+00
237.000      1.01800e+01
238.000      1.17230e+01
239.000      1.31988e+01
240.000      1.45410e+01
241.000      1.56856e+01
242.000      1.65723e+01
243.000      1.71466e+01
244.000      1.73655e+01
245.000      1.72040e+01
246.000      1.66621e+01
247.000      1.57702e+01
248.000      1.45889e+01
249.000      1.32039e+01
250.000      1.17142e+01
251.000      1.02168e+01
252.000      8.79227e+00
253.000      7.49383e+00
254.000      6.34498e+00
255.000      5.34429e+00
256.000      4.47590e+00
257.000      3.72172e+00
258.000      3.07179e+00
259.000      2.53068e+00
260.000      2.11965e+00
261.000      1.87564e+00
262.000      1.84859e+00
263.000      2.09764e+00
264.000      2.68600e+00
265.000      3.67346e+00
266.000      5.10575e+00
267.000      7.00119e+00
268.000      9.33715e+00
269.000      1.20404e+01
270.000      1.49859e+01
271.000      1.80084e+01
272.000      2.09250e+01
273.000      2.35679e+01
274.000      2.58161e+01
275.000      2.76188e+01
276.000      2.90021e+01
277.000      3.00545e+01
278.000      3.08955e+01
279.000      3.16347e+01
280.000      3.23330e+01
281.000      3.29790e+01
282.000      3.34850e+01
283.000      3.37075e+01
284.000      3.34834e+01
285.000      3.26743e+01
286.000      3.12060e+01
287.000      2.90922e+01
288.000      2.64384e+01
289.000      2.34247e+01
290.000      2.02730e+01
291.000      1.72082e+01
292.000      1.44224e+01
293.000      1.20504e+01
294.000      1.01592e+01
295.000      8.75276e+00
296.000      7.78559e+00
297.000      7.18153e+00
298.000      6.85122e+00
299.000      6.70562e+00
300.000      6.66444e+00
301.000      6.66027e+00
302.000      6.63985e+00
303.000      6.56385e+00
304.000      6.40573e+00
305.000      6.15041e+00
306.000      5.79322e+00
307.000      5.33937e+00
308.000      4.80411e+00
309.000      4.21305e+00
310.000      3.60158e+00
311.000      3.01252e+00
312.000      2.49195e+00
313.000      2.08347e+00
314.000      1.82233e+00
315.000      1.73040e+00
316.000      1.81296e+00
317.000      2.05759e+00
318.000      2.43524e+00
319.000      2.90310e+00
320.000      3.40930e+00
321.000      3.89873e+00
322.000      4.31943e+00
323.000      4.62855e+00
324.000      4.79693e+00
325.000      4.81165e+00
326.000      4.67647e+00
327.000      4.41021e+00
328.000      4.04367e+00
329.000      3.61541e+00
330.000      3.16661e+00
331.000      2.73548e+00
332.000      2.35179e+00
333.000      2.03271e+00
334.000      1.78103e+00
335.000      1.58659e+00
336.000      1.43066e+00
337.000      1.29216e+00
338.000      1.15366e+00
339.000      1.00553e+00
340.000      8.47019e-01
341.000      6.84530e-01
342.000      5.28108e-01
343.000      3.87667e-01
344.000      2.70200e-01
345.000      1.78575e-01
346.000      1.11815e-01
347.000      6.62962e-02
348.000      3.72087e-02
349.000      1.97641e-02
350.000      9.93404e-03
351.000      4.72450e-03
352.000      2.12591e-03
353.000      9.05056e-04
354.000      3.64536e-04
355.000      1.38910e-04
356.000      5.00786e-05
357.000      1.70802e-05
358.000      5.51127e-06
359.000      1.68241e-06
360.000      4.85880e-07
361.000      1.32753e-07
362.000      3.43147e-08
363.000      8.39137e-09
364.000      1.94135e-09
365.000      4.24904e-10
366.000      8.79826e-11
367.000      1.72353e-11
368.000      3.19419e-12
369.000      5.60040e-13
370.000      9.28957e-14
371.000      1.45777e-14
372.000      2.16422e-15
373.000      3.03969e-16
374.000      4.03902e-17
375.000      5.07739e-18
376.000      6.03840e-19
377.000      6.79393e-20
378.000      7.23166e-21
379.000      7.28237e-22
380.000      6.93785e-23
381.000      6.25309e-24
382.000      5.33190e-25
383.000      4.30117e-26
384.000      3.28254e-27
385.000      2.37001e-28
386.000      1.61885e-29
387.000      1.04612e-30
388.000      6.39552e-32
389.000      3.69902e-33
390.000      2.02402e-34
391.000      1.04776e-35
392.000      5.13126e-37
393.000      2.37741e-38
394.000      1.04209e-39
395.000      4.32135e-41
396.000      1.69533e-42
397.000      6.29223e-44
398.000      2.20940e-45
399.000      7.33939e-47
400.000      2.30656e-48
401.000      6.85782e-50
402.000      1.92897e-51
403.000      5.13313e-53
404.000      1.29228e-54
405.000      3.07786e-56
406.000      6.93520e-58
407.000      1.47838e-59
408.000      2.98148e-61
409.000      5.68845e-63
410.000      1.02677e-64
411.000      1.75336e-66
412.000      2.83261e-68
413.000      4.32933e-70
414.000      6.25995e-72
415.000      8.56326e-74
416.000      1.10822e-75
417.000      1.35684e-77
418.000      1.57163e-79
419.000      1.72222e-81
420.000      1.78543e-83
421.000      1.75113e-85
422.000      1.62483e-87
423.000      1.42632e-89
424.000      1.18453e-91
425.000      9.30655e-94
426.000      6.91752e-96
427.000      4.86441e-98
428.000     3.23614e-100
429.000     2.03677e-102
430.000     1.21276e-104
431.000     6.83162e-107
432.000     3.64075e-109
433.000     1.83559e-111
434.000     8.75545e-114
435.000     3.95092e-116
436.000     1.68669e-118
437.000     6.81227e-121
438.000     2.60294e-123
439.000     9.40926e-126
440.000     3.21783e-128
441.000     1.04109e-130
442.000     3.18664e-133
443.000     9.22771e-136
444.000     2.52797e-138
445.000     6.55192e-141
446.000     1.60651e-143
447.000     3.72661e-146
448.000     8.17829e-149
449.000     1.69797e-151
450.000     3.33514e-154
451.000     6.19748e-157
452.000     1.08952e-159
453.000     1.81206e-162
454.000     2.85119e-165
455.000     4.24423e-168
456.000     5.97707e-171
457.000     7.96335e-174
458.000     1.00374e-176
459.000     1.19691e-179
460.000     1.35028e-182
461.000     1.44112e-185
462.000     1.45511e-188
463.000     1.38998e-191
464.000     1.25615e-194
465.000     1.07396e-197
466.000     8.68669e-201
467.000     6.64718e-204
468.000     4.81214e-207
469.000     3.29577e-210
470.000     2.13547e-213
471.000     1.30902e-216
472.000     7.59134e-220
473.000     4.16493e-223
474.000     2.16179e-226
475.000     1.06154e-229
476.000     4.93151e-233
477.000     2.16740e-236
478.000     9.01190e-240
479.000     3.54496e-243
480.000     1.31924e-246
481.000     4.64465e-250
482.000     1.54704e-253
483.000     4.87490e-257
484.000     1.45328e-260
485.000     4.09872e-264
486.000     1.09362e-267
487.000     2.76059e-271
488.000     6.59257e-275
489.000     1.48945e-278
490.000     3.18356e-282
491.000     6.43753e-286
492.000     1.23152e-289
493.000     2.22886e-293
494.000     3.81630e-297
495.000     6.18185e-301
496.000     9.47354e-305
497.000     1.37348e-308
498.000     1.88388e-312
499.000     2.44455e-316
500.000     3.00095e-320
