# Gaussian folded, width=10 cm^-1
# [cm^-1] arbitrary
0.000      3.00000e+00
1.000      2.91796e+00
2.000      2.68508e+00
3.000      2.33749e+00
4.000      1.92514e+00
5.000      1.50000e+00
6.000      1.10570e+00
7.000      7.71085e-01
8.000      5.08727e-01
9.000      3.17529e-01
10.000      1.87500e-01
11.000      1.04746e-01
12.000      5.53590e-02
13.000      2.76795e-02
14.000      1.30933e-02
15.000      5.85981e-03
16.000      2.48228e-03
17.000      9.99062e-04
18.000      3.94317e-04
19.000      1.90068e-04
20.000      2.07263e-04
21.000      4.63240e-04
22.000      1.18533e-03
23.000      2.94821e-03
24.000      6.97283e-03
25.000      1.56436e-02
26.000      3.32883e-02
27.000      6.71970e-02
28.000      1.28707e-01
29.000      2.33963e-01
30.000      4.03729e-01
31.000      6.61507e-01
32.000      1.02941e+00
33.000      1.52182e+00
34.000      2.13777e+00
35.000      2.85423e+00
36.000      3.62279e+00
37.000      4.37232e+00
38.000      5.01850e+00
39.000      5.47892e+00
40.000      5.69016e+00
41.000      5.62207e+00
42.000      5.28478e+00
43.000      4.72621e+00
44.000      4.02100e+00
45.000      3.25427e+00
46.000      2.50509e+00
47.000      1.83398e+00
48.000      1.27693e+00
49.000      8.46019e-01
50.000      5.34780e-01
51.000      3.25948e-01
52.000      1.99038e-01
53.000      1.36366e-01
54.000      1.26923e-01
55.000      1.68177e-01
56.000      2.66083e-01
57.000      4.33428e-01
58.000      6.86534e-01
59.000      1.04037e+00
60.000      1.50254e+00
61.000      2.06732e+00
62.000      2.71130e+00
63.000      3.39236e+00
64.000      4.05311e+00
65.000      4.62856e+00
66.000      5.05667e+00
67.000      5.28912e+00
68.000      5.30001e+00
69.000      5.09013e+00
70.000      4.68632e+00
71.000      4.13611e+00
72.000      3.49937e+00
73.000      2.83870e+00
74.000      2.21086e+00
75.000      1.66083e+00
76.000      1.21935e+00
77.000      9.03811e-01
78.000      7.21635e-01
79.000      6.74323e-01
80.000      7.60649e-01
81.000      9.77753e-01
82.000      1.31982e+00
83.000      1.77495e+00
84.000      2.32165e+00
85.000      2.92654e+00
86.000      3.54479e+00
87.000      4.12388e+00
88.000      4.61048e+00
89.000      4.95910e+00
90.000      5.14074e+00
91.000      5.14955e+00
92.000      5.00611e+00
93.000      4.75632e+00
94.000      4.46611e+00
95.000      4.21249e+00
96.000      4.07224e+00
97.000      4.11003e+00
98.000      4.36788e+00
99.000      4.85819e+00
100.000      5.56191e+00
101.000      6.43236e+00
102.000      7.40417e+00
103.000      8.40492e+00
104.000      9.36668e+00
105.000      1.02346e+01
106.000      1.09709e+01
107.000      1.15548e+01
108.000      1.19786e+01
109.000      1.22439e+01
110.000      1.23584e+01
111.000      1.23337e+01
112.000      1.21849e+01
113.000      1.19294e+01
114.000      1.15858e+01
115.000      1.11715e+01
116.000      1.07005e+01
117.000      1.01829e+01
118.000      9.62585e+00
119.000      9.03590e+00
120.000      8.42282e+00
121.000      7.80251e+00
122.000      7.19863e+00
123.000      6.64198e+00
124.000      6.16762e+00
125.000      5.81016e+00
126.000      5.59837e+00
127.000      5.55036e+00
128.000      5.67095e+00
129.000      5.95201e+00
130.000      6.37562e+00
131.000      6.91873e+00
132.000      7.55724e+00
133.000      8.26771e+00
134.000      9.02599e+00
135.000      9.80391e+00
136.000      1.05664e+01
137.000      1.12719e+01
138.000      1.18765e+01
139.000      1.23431e+01
140.000      1.26502e+01
141.000      1.27991e+01
142.000      1.28136e+01
143.000      1.27347e+01
144.000      1.26087e+01
145.000      1.24753e+01
146.000      1.23584e+01
147.000      1.22621e+01
148.000      1.21743e+01
149.000      1.20738e+01
150.000      1.19391e+01
151.000      1.17561e+01
152.000      1.15227e+01
153.000      1.12487e+01
154.000      1.09528e+01
155.000      1.06575e+01
156.000      1.03835e+01
157.000      1.01455e+01
158.000      9.94943e+00
159.000      9.79247e+00
160.000      9.66388e+00
161.000      9.54719e+00
162.000      9.42298e+00
163.000      9.27239e+00
164.000      9.08134e+00
165.000      8.84482e+00
166.000      8.56997e+00
167.000      8.27624e+00
168.000      7.99193e+00
169.000      7.74761e+00
170.000      7.56845e+00
171.000      7.46829e+00
172.000      7.44736e+00
173.000      7.49407e+00
174.000      7.58979e+00
175.000      7.71416e+00
176.000      7.84886e+00
177.000      7.97912e+00
178.000      8.09302e+00
179.000      8.18017e+00
180.000      8.23098e+00
181.000      8.23756e+00
182.000      8.19595e+00
183.000      8.10896e+00
184.000      7.98796e+00
185.000      7.85254e+00
186.000      7.72742e+00
187.000      7.63728e+00
188.000      7.60116e+00
189.000      7.62843e+00
190.000      7.71769e+00
191.000      7.85903e+00
192.000      8.03818e+00
193.000      8.24065e+00
194.000      8.45413e+00
195.000      8.66850e+00
196.000      8.87400e+00
197.000      9.05916e+00
198.000      9.21006e+00
199.000      9.31192e+00
200.000      9.35255e+00
201.000      9.32664e+00
202.000      9.23894e+00
203.000      9.10460e+00
204.000      8.94631e+00
205.000      8.78856e+00
206.000      8.65125e+00
207.000      8.54466e+00
208.000      8.46749e+00
209.000      8.40843e+00
210.000      8.35051e+00
211.000      8.27647e+00
212.000      8.17386e+00
213.000      8.03846e+00
214.000      7.87577e+00
215.000      7.70028e+00
216.000      7.53274e+00
217.000      7.39589e+00
218.000      7.30953e+00
219.000      7.28593e+00
220.000      7.32713e+00
221.000      7.42469e+00
222.000      7.56208e+00
223.000      7.71887e+00
224.000      7.87539e+00
225.000      8.01671e+00
226.000      8.13489e+00
227.000      8.22920e+00
228.000      8.30438e+00
229.000      8.36737e+00
230.000      8.42328e+00
231.000      8.47155e+00
232.000      8.50339e+00
233.000      8.50130e+00
234.000      8.44104e+00
235.000      8.29588e+00
236.000      8.04248e+00
237.000      7.66740e+00
238.000      7.17293e+00
239.000      6.58109e+00
240.000      5.93424e+00
241.000      5.29158e+00
242.000      4.72103e+00
243.000      4.28757e+00
244.000      4.04043e+00
245.000      4.00214e+00
246.000      4.16271e+00
247.000      4.48093e+00
248.000      4.89270e+00
249.000      5.32435e+00
250.000      5.70739e+00
251.000      5.99073e+00
252.000      6.14784e+00
253.000      6.17759e+00
254.000      6.10000e+00
255.000      5.94853e+00
256.000      5.76159e+00
257.000      5.57488e+00
258.000      5.41576e+00
259.000      5.30007e+00
260.000      5.23136e+00
261.000      5.20227e+00
262.000      5.19770e+00
263.000      5.19895e+00
264.000      5.18796e+00
265.000      5.15066e+00
266.000      5.07861e+00
267.000      4.96858e+00
268.000      4.82072e+00
269.000      4.63630e+00
270.000      4.41640e+00
271.000      4.16227e+00
272.000      3.87712e+00
273.000      3.56833e+00
274.000      3.24870e+00
275.000      2.93586e+00
276.000      2.65002e+00
277.000      2.41132e+00
278.000      2.23797e+00
279.000      2.14634e+00
280.000      2.15242e+00
281.000      2.27331e+00
282.000      2.52703e+00
283.000      2.92948e+00
284.000      3.48904e+00
285.000      4.20045e+00
286.000      5.04065e+00
287.000      5.96832e+00
288.000      6.92771e+00
289.000      7.85569e+00
290.000      8.69019e+00
291.000      9.37778e+00
292.000      9.87947e+00
293.000      1.01742e+01
294.000      1.02606e+01
295.000      1.01566e+01
296.000      9.89805e+00
297.000      9.53432e+00
298.000      9.12241e+00
299.000      8.71908e+00
300.000      8.37277e+00
301.000      8.11704e+00
302.000      7.96695e+00
303.000      7.91963e+00
304.000      7.95854e+00
305.000      8.06064e+00
306.000      8.20423e+00
307.000      8.37538e+00
308.000      8.57096e+00
309.000      8.79734e+00
310.000      9.06504e+00
311.000      9.38114e+00
312.000      9.74224e+00
313.000      1.01306e+01
314.000      1.05158e+01
315.000      1.08613e+01
316.000      1.11361e+01
317.000      1.13254e+01
318.000      1.14396e+01
319.000      1.15167e+01
320.000      1.16169e+01
321.000      1.18107e+01
322.000      1.21628e+01
323.000      1.27164e+01
324.000      1.34828e+01
325.000      1.44368e+01
326.000      1.55226e+01
327.000      1.66645e+01
328.000      1.77833e+01
329.000      1.88107e+01
330.000      1.97006e+01
331.000      2.04339e+01
332.000      2.10155e+01
333.000      2.14666e+01
334.000      2.18142e+01
335.000      2.20813e+01
336.000      2.22814e+01
337.000      2.24186e+01
338.000      2.24912e+01
339.000      2.24988e+01
340.000      2.24475e+01
341.000      2.23536e+01
342.000      2.22432e+01
343.000      2.21490e+01
344.000      2.21053e+01
345.000      2.21422e+01
346.000      2.22807e+01
347.000      2.25289e+01
348.000      2.28800e+01
349.000      2.33131e+01
350.000      2.37956e+01
351.000      2.42872e+01
352.000      2.47441e+01
353.000      2.51224e+01
354.000      2.53803e+01
355.000      2.54799e+01
356.000      2.53881e+01
357.000      2.50788e+01
358.000      2.45355e+01
359.000      2.37549e+01
360.000      2.27496e+01
361.000      2.15488e+01
362.000      2.01970e+01
363.000      1.87499e+01
364.000      1.72687e+01
365.000      1.58133e+01
366.000      1.44362e+01
367.000      1.31772e+01
368.000      1.20610e+01
369.000      1.10971e+01
370.000      1.02823e+01
371.000      9.60524e+00
372.000      9.05127e+00
373.000      8.60633e+00
374.000      8.26004e+00
375.000      8.00774e+00
376.000      7.85224e+00
377.000      7.80545e+00
378.000      7.88914e+00
379.000      8.13338e+00
380.000      8.57139e+00
381.000      9.23096e+00
382.000      1.01239e+01
383.000      1.12362e+01
384.000      1.25231e+01
385.000      1.39089e+01
386.000      1.52941e+01
387.000      1.65673e+01
388.000      1.76180e+01
389.000      1.83496e+01
390.000      1.86886e+01
391.000      1.85905e+01
392.000      1.80424e+01
393.000      1.70632e+01
394.000      1.57034e+01
395.000      1.40419e+01
396.000      1.21814e+01
397.000      1.02401e+01
398.000      8.33973e+00
399.000      6.59295e+00
400.000      5.09049e+00
401.000      3.89225e+00
402.000      3.02333e+00
403.000      2.47547e+00
404.000      2.21283e+00
405.000      2.18032e+00
406.000      2.31259e+00
407.000      2.54256e+00
408.000      2.80846e+00
409.000      3.05933e+00
410.000      3.25852e+00
411.000      3.38514e+00
412.000      3.43336e+00
413.000      3.40971e+00
414.000      3.32899e+00
415.000      3.20953e+00
416.000      3.06885e+00
417.000      2.92041e+00
418.000      2.77191e+00
419.000      2.62507e+00
420.000      2.47676e+00
421.000      2.32090e+00
422.000      2.15092e+00
423.000      1.96232e+00
424.000      1.75478e+00
425.000      1.53359e+00
426.000      1.30974e+00
427.000      1.09861e+00
428.000      9.17381e-01
429.000      7.81644e-01
430.000      7.02003e-01
431.000      6.81350e-01
432.000      7.13510e-01
433.000      7.83646e-01
434.000      8.70529e-01
435.000      9.50380e-01
436.000      1.00152e+00
437.000      1.00872e+00
438.000      9.66055e-01
439.000      8.77486e-01
440.000      7.54973e-01
441.000      6.14897e-01
442.000      4.73937e-01
443.000      3.45636e-01
444.000      2.38488e-01
445.000      1.55685e-01
446.000      9.61508e-02
447.000      5.61798e-02
448.000      3.10546e-02
449.000      1.62402e-02
450.000      8.03478e-03
451.000      3.76075e-03
452.000      1.66530e-03
453.000      6.97637e-04
454.000      2.76492e-04
455.000      1.03670e-04
456.000      3.67742e-05
457.000      1.23410e-05
458.000      3.91809e-06
459.000      1.17684e-06
460.000      3.34407e-07
461.000      8.98984e-08
462.000      2.28637e-08
463.000      5.50122e-09
464.000      1.25224e-09
465.000      2.69672e-10
466.000      5.49415e-11
467.000      1.05897e-11
468.000      1.93101e-12
469.000      3.33120e-13
470.000      5.43672e-14
471.000      8.39440e-15
472.000      1.22620e-15
473.000      1.69453e-16
474.000      2.21541e-17
475.000      2.74017e-18
476.000      3.20640e-19
477.000      3.54958e-20
478.000      3.71752e-21
479.000      3.68338e-22
480.000      3.45269e-23
481.000      3.06187e-24
482.000      2.56882e-25
483.000      2.03891e-26
484.000      1.53102e-27
485.000      1.08762e-28
486.000      7.30964e-30
487.000      4.64762e-31
488.000      2.79565e-32
489.000      1.59093e-33
490.000      8.56524e-35
491.000      4.36259e-36
492.000      2.10217e-37
493.000      9.58313e-39
494.000      4.13300e-40
495.000      1.68632e-41
496.000      6.50929e-43
497.000      2.37708e-44
498.000      8.21244e-46
499.000      2.68422e-47
500.000      8.30006e-49
