# Gaussian folded, width=10 cm^-1
# [cm^-1] arbitrary
0.000      3.00000e+00
1.000      2.91796e+00
2.000      2.68508e+00
3.000      2.33749e+00
4.000      1.92514e+00
5.000      1.50000e+00
6.000      1.10570e+00
7.000      7.71085e-01
8.000      5.08727e-01
9.000      3.17529e-01
10.000      1.87500e-01
11.000      1.04746e-01
12.000      5.53593e-02
13.000      2.76804e-02
14.000      1.30964e-02
15.000      5.87007e-03
16.000      2.51443e-03
17.000      1.09437e-03
18.000      6.61753e-04
19.000      9.00351e-04
20.000      1.99266e-03
21.000      4.71044e-03
22.000      1.07460e-02
23.000      2.33106e-02
24.000      4.79971e-02
25.000      9.38068e-02
26.000      1.74071e-01
27.000      3.06779e-01
28.000      5.13654e-01
29.000      8.17343e-01
30.000      1.23642e+00
31.000      1.77866e+00
32.000      2.43395e+00
33.000      3.16912e+00
34.000      3.92711e+00
35.000      4.63224e+00
36.000      5.20177e+00
37.000      5.56137e+00
38.000      5.66094e+00
39.000      5.48589e+00
40.000      5.06071e+00
41.000      4.44339e+00
42.000      3.71262e+00
43.000      2.95164e+00
44.000      2.23323e+00
45.000      1.60985e+00
46.000      1.11032e+00
47.000      7.42725e-01
48.000      5.01281e-01
49.000      3.74392e-01
50.000      3.51534e-01
51.000      4.27306e-01
52.000      6.02056e-01
53.000      8.79322e-01
54.000      1.26099e+00
55.000      1.74162e+00
56.000      2.30358e+00
57.000      2.91476e+00
58.000      3.52979e+00
59.000      4.09509e+00
60.000      4.55675e+00
61.000      4.86920e+00
62.000      5.00279e+00
63.000      4.94805e+00
64.000      4.71622e+00
65.000      4.33606e+00
66.000      3.84824e+00
67.000      3.29895e+00
68.000      2.73412e+00
69.000      2.19509e+00
70.000      1.71634e+00
71.000      1.32480e+00
72.000      1.04068e+00
73.000      8.78760e-01
74.000      8.49725e-01
75.000      9.60424e-01
76.000      1.21283e+00
77.000      1.60162e+00
78.000      2.11118e+00
79.000      2.71339e+00
80.000      3.36753e+00
81.000      4.02355e+00
82.000      4.62865e+00
83.000      5.13618e+00
84.000      5.51490e+00
85.000      5.75616e+00
86.000      5.87703e+00
87.000      5.91803e+00
88.000      5.93588e+00
89.000      5.99246e+00
90.000      6.14257e+00
91.000      6.42330e+00
92.000      6.84736e+00
93.000      7.40165e+00
94.000      8.05125e+00
95.000      8.74734e+00
96.000      9.43725e+00
97.000      1.00742e+01
98.000      1.06248e+01
99.000      1.10736e+01
100.000      1.14226e+01
101.000      1.16870e+01
102.000      1.18884e+01
103.000      1.20452e+01
104.000      1.21648e+01
105.000      1.22380e+01
106.000      1.22393e+01
107.000      1.21327e+01
108.000      1.18819e+01
109.000      1.14635e+01
110.000      1.08778e+01
111.000      1.01535e+01
112.000      9.34691e+00
113.000      8.53191e+00
114.000      7.78741e+00
115.000      7.18348e+00
116.000      6.77090e+00
117.000      6.57610e+00
118.000      6.60163e+00
119.000      6.83103e+00
120.000      7.23564e+00
121.000      7.78134e+00
122.000      8.43355e+00
123.000      9.15976e+00
124.000      9.92995e+00
125.000      1.07157e+01
126.000      1.14894e+01
127.000      1.22244e+01
128.000      1.28968e+01
129.000      1.34884e+01
130.000      1.39889e+01
131.000      1.43972e+01
132.000      1.47198e+01
133.000      1.49676e+01
134.000      1.51506e+01
135.000      1.52751e+01
136.000      1.53408e+01
137.000      1.53420e+01
138.000      1.52698e+01
139.000      1.51150e+01
140.000      1.48712e+01
141.000      1.45357e+01
142.000      1.41091e+01
143.000      1.35950e+01
144.000      1.29996e+01
145.000      1.23322e+01
146.000      1.16065e+01
147.000      1.08430e+01
148.000      1.00687e+01
149.000      9.31593e+00
150.000      8.61953e+00
151.000      8.01180e+00
152.000      7.51785e+00
153.000      7.15178e+00
154.000      6.91450e+00
155.000      6.79390e+00
156.000      6.76721e+00
157.000      6.80539e+00
158.000      6.87860e+00
159.000      6.96196e+00
160.000      7.04002e+00
161.000      7.10882e+00
162.000      7.17461e+00
163.000      7.24960e+00
164.000      7.34583e+00
165.000      7.46933e+00
166.000      7.61663e+00
167.000      7.77495e+00
168.000      7.92605e+00
169.000      8.05268e+00
170.000      8.14530e+00
171.000      8.20687e+00
172.000      8.25391e+00
173.000      8.31295e+00
174.000      8.41327e+00
175.000      8.57787e+00
176.000      8.81583e+00
177.000      9.11862e+00
178.000      9.46197e+00
179.000      9.81262e+00
180.000      1.01379e+01
181.000      1.04146e+01
182.000      1.06345e+01
183.000      1.08049e+01
184.000      1.09440e+01
185.000      1.10738e+01
186.000      1.12116e+01
187.000      1.13646e+01
188.000      1.15279e+01
189.000      1.16867e+01
190.000      1.18213e+01
191.000      1.19134e+01
192.000      1.19514e+01
193.000      1.19328e+01
194.000      1.18644e+01
195.000      1.17604e+01
196.000      1.16384e+01
197.000      1.15164e+01
198.000      1.14085e+01
199.000      1.13227e+01
200.000      1.12593e+01
201.000      1.12115e+01
202.000      1.11667e+01
203.000      1.11095e+01
204.000      1.10249e+01
205.000      1.09015e+01
206.000      1.07332e+01
207.000      1.05216e+01
208.000      1.02762e+01
209.000      1.00136e+01
210.000      9.75638e+00
211.000      9.52950e+00
212.000      9.35688e+00
213.000      9.25737e+00
214.000      9.24176e+00
215.000      9.31131e+00
216.000      9.45835e+00
217.000      9.66836e+00
218.000      9.92298e+00
219.000      1.02026e+01
220.000      1.04884e+01
221.000      1.07633e+01
222.000      1.10129e+01
223.000      1.12264e+01
224.000      1.13981e+01
225.000      1.15281e+01
226.000      1.16229e+01
227.000      1.16930e+01
228.000      1.17500e+01
229.000      1.18026e+01
230.000      1.18533e+01
231.000      1.18970e+01
232.000      1.19227e+01
233.000      1.19175e+01
234.000      1.18708e+01
235.000      1.17788e+01
236.000      1.16456e+01
237.000      1.14834e+01
238.000      1.13090e+01
239.000      1.11415e+01
240.000      1.09998e+01
241.000      1.09010e+01
242.000      1.08595e+01
243.000      1.08858e+01
244.000      1.09856e+01
245.000      1.11567e+01
246.000      1.13882e+01
247.000      1.16589e+01
248.000      1.19391e+01
249.000      1.21935e+01
250.000      1.23865e+01
251.000      1.24869e+01
252.000      1.24737e+01
253.000      1.23384e+01
254.000      1.20864e+01
255.000      1.17360e+01
256.000      1.13159e+01
257.000      1.08614e+01
258.000      1.04109e+01
259.000      1.00002e+01
260.000      9.65783e+00
261.000      9.39934e+00
262.000      9.22376e+00
263.000      9.11227e+00
264.000      9.03045e+00
265.000      8.93392e+00
266.000      8.77661e+00
267.000      8.51982e+00
268.000      8.14059e+00
269.000      7.63751e+00
270.000      7.03293e+00
271.000      6.37098e+00
272.000      5.71132e+00
273.000      5.11937e+00
274.000      4.65478e+00
275.000      4.36036e+00
276.000      4.25445e+00
277.000      4.32873e+00
278.000      4.55239e+00
279.000      4.88150e+00
280.000      5.27072e+00
281.000      5.68361e+00
282.000      6.09817e+00
283.000      6.50638e+00
284.000      6.90828e+00
285.000      7.30372e+00
286.000      7.68531e+00
287.000      8.03578e+00
288.000      8.33078e+00
289.000      8.54608e+00
290.000      8.66615e+00
291.000      8.69058e+00
292.000      8.63577e+00
293.000      8.53152e+00
294.000      8.41377e+00
295.000      8.31654e+00
296.000      8.26534e+00
297.000      8.27365e+00
298.000      8.34191e+00
299.000      8.45828e+00
300.000      8.59996e+00
301.000      8.73516e+00
302.000      8.82624e+00
303.000      8.83483e+00
304.000      8.72856e+00
305.000      8.48819e+00
306.000      8.11295e+00
307.000      7.62235e+00
308.000      7.05372e+00
309.000      6.45601e+00
310.000      5.88180e+00
311.000      5.37917e+00
312.000      4.98562e+00
313.000      4.72453e+00
314.000      4.60504e+00
315.000      4.62446e+00
316.000      4.77278e+00
317.000      5.03760e+00
318.000      5.40811e+00
319.000      5.87664e+00
320.000      6.43718e+00
321.000      7.08137e+00
322.000      7.79372e+00
323.000      8.54850e+00
324.000      9.31025e+00
325.000      1.00389e+01
326.000      1.06983e+01
327.000      1.12659e+01
328.000      1.17395e+01
329.000      1.21392e+01
330.000      1.25026e+01
331.000      1.28738e+01
332.000      1.32909e+01
333.000      1.37748e+01
334.000      1.43231e+01
335.000      1.49127e+01
336.000      1.55084e+01
337.000      1.60755e+01
338.000      1.65913e+01
339.000      1.70520e+01
340.000      1.74721e+01
341.000      1.78783e+01
342.000      1.82987e+01
343.000      1.87530e+01
344.000      1.92453e+01
345.000      1.97624e+01
346.000      2.02774e+01
347.000      2.07565e+01
348.000      2.11660e+01
349.000      2.14788e+01
350.000      2.16762e+01
351.000      2.17465e+01
352.000      2.16810e+01
353.000      2.14702e+01
354.000      2.11009e+01
355.000      2.05574e+01
356.000      1.98268e+01
357.000      1.89054e+01
358.000      1.78063e+01
359.000      1.65626e+01
360.000      1.52270e+01
361.000      1.38649e+01
362.000      1.25450e+01
363.000      1.13286e+01
364.000      1.02603e+01
365.000      9.36388e+00
366.000      8.64130e+00
367.000      8.07663e+00
368.000      7.64173e+00
369.000      7.30313e+00
370.000      7.02849e+00
371.000      6.79189e+00
372.000      6.57720e+00
373.000      6.37937e+00
374.000      6.20383e+00
375.000      6.06465e+00
376.000      5.98240e+00
377.000      5.98209e+00
378.000      6.09115e+00
379.000      6.33642e+00
380.000      6.73930e+00
381.000      7.30881e+00
382.000      8.03377e+00
383.000      8.87635e+00
384.000      9.76990e+00
385.000      1.06230e+01
386.000      1.13304e+01
387.000      1.17888e+01
388.000      1.19157e+01
389.000      1.16654e+01
390.000      1.10398e+01
391.000      1.00908e+01
392.000      8.91224e+00
393.000      7.62449e+00
394.000      6.35342e+00
395.000      5.20959e+00
396.000      4.27187e+00
397.000      3.57884e+00
398.000      3.12884e+00
399.000      2.88747e+00
400.000      2.79969e+00
401.000      2.80312e+00
402.000      2.83990e+00
403.000      2.86509e+00
404.000      2.85092e+00
405.000      2.78713e+00
406.000      2.67794e+00
407.000      2.53697e+00
408.000      2.38158e+00
409.000      2.22785e+00
410.000      2.08739e+00
411.000      1.96609e+00
412.000      1.86447e+00
413.000      1.77877e+00
414.000      1.70222e+00
415.000      1.62608e+00
416.000      1.54099e+00
417.000      1.43857e+00
418.000      1.31340e+00
419.000      1.16480e+00
420.000      9.97425e-01
421.000      8.20575e-01
422.000      6.46002e-01
423.000      4.85168e-01
424.000      3.46810e-01
425.000      2.35554e-01
426.000      1.51828e-01
427.000      9.27867e-02
428.000      5.37298e-02
429.000      2.94674e-02
430.000      1.53012e-02
431.000      7.52081e-03
432.000      3.49857e-03
433.000      1.54012e-03
434.000      6.41532e-04
435.000      2.52848e-04
436.000      9.42886e-05
437.000      3.32665e-05
438.000      1.11043e-05
439.000      3.50679e-06
440.000      1.04774e-06
441.000      2.96159e-07
442.000      7.91988e-08
443.000      2.00370e-08
444.000      4.79587e-09
445.000      1.08598e-09
446.000      2.32645e-10
447.000      4.71503e-11
448.000      9.04053e-12
449.000      1.63991e-12
450.000      2.81427e-13
451.000      4.56909e-14
452.000      7.01795e-15
453.000      1.01978e-15
454.000      1.40192e-16
455.000      1.82330e-17
456.000      2.24342e-18
457.000      2.61143e-19
458.000      2.87585e-20
459.000      2.99620e-21
460.000      2.95320e-22
461.000      2.75380e-23
462.000      2.42934e-24
463.000      2.02751e-25
464.000      1.60087e-26
465.000      1.19582e-27
466.000      8.45072e-29
467.000      5.64987e-30
468.000      3.57356e-31
469.000      2.13837e-32
470.000      1.21054e-33
471.000      6.48329e-35
472.000      3.28495e-36
473.000      1.57463e-37
474.000      7.14081e-39
475.000      3.06361e-40
476.000      1.24348e-41
477.000      4.77484e-43
478.000      1.73459e-44
479.000      5.96147e-46
480.000      1.93833e-47
481.000      5.96237e-49
482.000      1.73512e-50
483.000      4.77700e-52
484.000      1.24423e-53
485.000      3.06592e-55
486.000      7.14728e-57
487.000      1.57630e-58
488.000      3.28892e-60
489.000      6.49210e-62
490.000      1.21237e-63
491.000      2.14192e-65
492.000      3.58004e-67
493.000      5.66097e-69
494.000      8.46859e-71
495.000      1.19853e-72
496.000      1.60474e-74
497.000      2.03272e-76
498.000      2.43595e-78
499.000      2.76170e-80
500.000      2.96212e-82
