# Gaussian folded, width=10 cm^-1
# [cm^-1] arbitrary
0.000      3.00000e+00
1.000      2.91796e+00
2.000      2.68508e+00
3.000      2.33749e+00
4.000      1.92514e+00
5.000      1.50000e+00
6.000      1.10570e+00
7.000      7.71085e-01
8.000      5.08727e-01
9.000      3.17530e-01
10.000      1.87501e-01
11.000      1.04750e-01
12.000      5.53722e-02
13.000      2.77216e-02
14.000      1.32204e-02
15.000      6.22352e-03
16.000      3.46772e-03
17.000      3.52742e-03
18.000      6.53727e-03
19.000      1.43232e-02
20.000      3.09969e-02
21.000      6.39729e-02
22.000      1.25206e-01
23.000      2.32186e-01
24.000      4.07935e-01
25.000      6.79045e-01
26.000      1.07096e+00
27.000      1.60043e+00
28.000      2.26623e+00
29.000      3.04081e+00
30.000      3.86643e+00
31.000      4.65883e+00
32.000      5.31991e+00
33.000      5.75708e+00
34.000      5.90447e+00
35.000      5.73923e+00
36.000      5.28736e+00
37.000      4.61725e+00
38.000      3.82313e+00
39.000      3.00425e+00
40.000      2.24650e+00
41.000      1.61129e+00
42.000      1.13367e+00
43.000      8.27748e-01
44.000      6.95804e-01
45.000      7.36695e-01
46.000      9.50174e-01
47.000      1.33555e+00
48.000      1.88524e+00
49.000      2.57583e+00
50.000      3.36049e+00
51.000      4.16694e+00
52.000      4.90362e+00
53.000      5.47422e+00
54.000      5.79704e+00
55.000      5.82367e+00
56.000      5.55066e+00
57.000      5.02025e+00
58.000      4.30998e+00
59.000      3.51474e+00
60.000      2.72737e+00
61.000      2.02339e+00
62.000      1.45348e+00
63.000      1.04395e+00
64.000      8.02888e-01
65.000      7.28277e-01
66.000      8.14629e-01
67.000      1.05593e+00
68.000      1.44441e+00
69.000      1.96633e+00
70.000      2.59701e+00
71.000      3.29772e+00
72.000      4.01679e+00
73.000      4.69578e+00
74.000      5.28027e+00
75.000      5.73264e+00
76.000      6.04330e+00
77.000      6.23655e+00
78.000      6.36837e+00
79.000      6.51585e+00
80.000      6.76066e+00
81.000      7.17107e+00
82.000      7.78764e+00
83.000      8.61653e+00
84.000      9.63137e+00
85.000      1.07818e+01
86.000      1.20042e+01
87.000      1.32309e+01
88.000      1.43948e+01
89.000      1.54297e+01
90.000      1.62700e+01
91.000      1.68520e+01
92.000      1.71187e+01
93.000      1.70300e+01
94.000      1.65720e+01
95.000      1.57650e+01
96.000      1.46642e+01
97.000      1.33535e+01
98.000      1.19337e+01
99.000      1.05085e+01
100.000      9.17346e+00
101.000      8.00938e+00
102.000      7.08056e+00
103.000      6.43580e+00
104.000      6.10920e+00
105.000      6.11919e+00
106.000      6.46580e+00
107.000      7.12797e+00
108.000      8.06302e+00
109.000      9.20968e+00
110.000      1.04947e+01
111.000      1.18420e+01
112.000      1.31817e+01
113.000      1.44577e+01
114.000      1.56314e+01
115.000      1.66801e+01
116.000      1.75916e+01
117.000      1.83554e+01
118.000      1.89542e+01
119.000      1.93599e+01
120.000      1.95367e+01
121.000      1.94501e+01
122.000      1.90817e+01
123.000      1.84408e+01
124.000      1.75718e+01
125.000      1.65515e+01
126.000      1.54770e+01
127.000      1.44486e+01
128.000      1.35521e+01
129.000      1.28443e+01
130.000      1.23475e+01
131.000      1.20518e+01
132.000      1.19245e+01
133.000      1.19229e+01
134.000      1.20067e+01
135.000      1.21448e+01
136.000      1.23163e+01
137.000      1.25058e+01
138.000      1.26959e+01
139.000      1.28616e+01
140.000      1.29679e+01
141.000      1.29740e+01
142.000      1.28402e+01
143.000      1.25373e+01
144.000      1.20534e+01
145.000      1.13981e+01
146.000      1.06007e+01
147.000      9.70561e+00
148.000      8.76541e+00
149.000      7.83274e+00
150.000      6.95374e+00
151.000      6.16335e+00
152.000      5.48331e+00
153.000      4.92309e+00
154.000      4.48348e+00
155.000      4.16201e+00
156.000      3.95846e+00
157.000      3.87858e+00
158.000      3.93402e+00
159.000      4.13816e+00
160.000      4.49871e+00
161.000      5.00971e+00
162.000      5.64639e+00
163.000      6.36577e+00
164.000      7.11462e+00
165.000      7.84370e+00
166.000      8.52436e+00
167.000      9.16150e+00
168.000      9.79642e+00
169.000      1.04958e+01
170.000      1.13280e+01
171.000      1.23341e+01
172.000      1.35045e+01
173.000      1.47707e+01
174.000      1.60186e+01
175.000      1.71184e+01
176.000      1.79614e+01
177.000      1.84912e+01
178.000      1.87171e+01
179.000      1.87074e+01
180.000      1.85647e+01
181.000      1.83926e+01
182.000      1.82641e+01
183.000      1.82018e+01
184.000      1.81757e+01
185.000      1.81200e+01
186.000      1.79655e+01
187.000      1.76774e+01
188.000      1.72874e+01
189.000      1.69057e+01
190.000      1.67078e+01
191.000      1.68935e+01
192.000      1.76303e+01
193.000      1.89971e+01
194.000      2.09474e+01
195.000      2.33049e+01
196.000      2.57969e+01
197.000      2.81159e+01
198.000      2.99916e+01
199.000      3.12514e+01
200.000      3.18509e+01
201.000      3.18656e+01
202.000      3.14487e+01
203.000      3.07713e+01
204.000      2.99669e+01
205.000      2.90973e+01
206.000      2.81508e+01
207.000      2.70672e+01
208.000      2.57768e+01
209.000      2.42377e+01
210.000      2.24575e+01
211.000      2.04949e+01
212.000      1.84453e+01
213.000      1.64192e+01
214.000      1.45204e+01
215.000      1.28302e+01
216.000      1.13996e+01
217.000      1.02455e+01
218.000      9.35226e+00
219.000      8.67521e+00
220.000      8.14819e+00
221.000      7.69441e+00
222.000      7.24024e+00
223.000      6.72955e+00
224.000      6.13545e+00
225.000      5.46632e+00
226.000      4.76468e+00
227.000      4.09926e+00
228.000      3.55245e+00
229.000      3.20611e+00
230.000      3.12854e+00
231.000      3.36447e+00
232.000      3.92900e+00
233.000      4.80600e+00
234.000      5.95061e+00
235.000      7.29578e+00
236.000      8.76143e+00
237.000      1.02648e+01
238.000      1.17293e+01
239.000      1.30899e+01
240.000      1.42944e+01
241.000      1.52998e+01
242.000      1.60677e+01
243.000      1.65615e+01
244.000      1.67466e+01
245.000      1.65970e+01
246.000      1.61045e+01
247.000      1.52888e+01
248.000      1.42010e+01
249.000      1.29210e+01
250.000      1.15447e+01
251.000      1.01666e+01
252.000      8.86301e+00
253.000      7.68067e+00
254.000      6.63484e+00
255.000      5.71633e+00
256.000      4.90409e+00
257.000      4.17860e+00
258.000      3.53235e+00
259.000      2.97533e+00
260.000      2.53603e+00
261.000      2.25914e+00
262.000      2.20159e+00
263.000      2.42759e+00
264.000      3.00234e+00
265.000      3.98380e+00
266.000      5.41209e+00
267.000      7.29732e+00
268.000      9.60841e+00
269.000      1.22665e+01
270.000      1.51465e+01
271.000      1.80900e+01
272.000      2.09275e+01
273.000      2.35077e+01
274.000      2.57245e+01
275.000      2.75366e+01
276.000      2.89696e+01
277.000      3.01026e+01
278.000      3.10384e+01
279.000      3.18664e+01
280.000      3.26296e+01
281.000      3.33023e+01
282.000      3.37892e+01
283.000      3.39450e+01
284.000      3.36107e+01
285.000      3.26581e+01
286.000      3.10289e+01
287.000      2.87585e+01
288.000      2.59779e+01
289.000      2.28915e+01
290.000      1.97389e+01
291.000      1.67505e+01
292.000      1.41080e+01
293.000      1.19205e+01
294.000      1.02189e+01
295.000      8.96784e+00
296.000      8.08912e+00
297.000      7.48815e+00
298.000      7.07641e+00
299.000      6.78503e+00
300.000      6.56832e+00
301.000      6.39903e+00
302.000      6.25928e+00
303.000      6.13156e+00
304.000      5.99314e+00
305.000      5.81596e+00
306.000      5.57152e+00
307.000      5.23873e+00
308.000      4.81165e+00
309.000      4.30422e+00
310.000      3.75004e+00
311.000      3.19739e+00
312.000      2.70060e+00
313.000      2.31023e+00
314.000      2.06446e+00
315.000      1.98316e+00
316.000      2.06567e+00
317.000      2.29206e+00
318.000      2.62727e+00
319.000      3.02694e+00
320.000      3.44386e+00
321.000      3.83369e+00
322.000      4.15916e+00
323.000      4.39240e+00
324.000      4.51559e+00
325.000      4.52066e+00
326.000      4.40871e+00
327.000      4.18972e+00
328.000      3.88231e+00
329.000      3.51288e+00
330.000      3.11333e+00
331.000      2.71709e+00
332.000      2.35375e+00
333.000      2.04373e+00
334.000      1.79474e+00
335.000      1.60138e+00
336.000      1.44813e+00
337.000      1.31502e+00
338.000      1.18383e+00
339.000      1.04303e+00
340.000      8.89825e-01
341.000      7.29250e-01
342.000      5.71006e-01
343.000      4.25631e-01
344.000      3.01336e-01
345.000      2.02329e-01
346.000      1.28722e-01
347.000      7.75509e-02
348.000      4.42285e-02
349.000      2.38727e-02
350.000      1.21934e-02
351.000      5.89292e-03
352.000      2.69461e-03
353.000      1.16575e-03
354.000      4.77143e-04
355.000      1.84765e-04
356.000      6.76887e-05
357.000      2.34603e-05
358.000      7.69259e-06
359.000      2.38633e-06
360.000      7.00337e-07
361.000      1.94447e-07
362.000      5.10757e-08
363.000      1.26924e-08
364.000      2.98396e-09
365.000      6.63682e-10
366.000      1.39651e-10
367.000      2.78000e-11
368.000      5.23557e-12
369.000      9.32827e-13
370.000      1.57237e-13
371.000      2.50742e-14
372.000      3.78283e-15
373.000      5.39914e-16
374.000      7.29036e-17
375.000      9.31304e-18
376.000      1.12552e-18
377.000      1.28685e-19
378.000      1.39195e-20
379.000      1.42442e-21
380.000      1.37901e-22
381.000      1.26304e-23
382.000      1.09441e-24
383.000      8.97149e-26
384.000      6.95769e-27
385.000      5.10486e-28
386.000      3.54340e-29
387.000      2.32688e-30
388.000      1.44559e-31
389.000      8.49637e-33
390.000      4.72432e-34
391.000      2.48521e-35
392.000      1.23682e-36
393.000      5.82324e-38
394.000      2.59383e-39
395.000      1.09304e-40
396.000      4.35760e-42
397.000      1.64353e-43
398.000      5.86441e-45
399.000      1.97965e-46
400.000      6.32225e-48
401.000      1.91017e-49
402.000      5.45996e-51
403.000      1.47647e-52
404.000      3.77727e-54
405.000      9.14214e-56
406.000      2.09332e-57
407.000      4.53463e-59
408.000      9.29319e-61
409.000      1.80180e-62
410.000      3.30494e-64
411.000      5.73509e-66
412.000      9.41529e-68
413.000      1.46233e-69
414.000      2.14869e-71
415.000      2.98690e-73
416.000      3.92812e-75
417.000      4.88727e-77
418.000      5.75261e-79
419.000      6.40593e-81
420.000      6.74864e-83
421.000      6.72618e-85
422.000      6.34217e-87
423.000      5.65751e-89
424.000      4.77452e-91
425.000      3.81200e-93
426.000      2.87934e-95
427.000      2.05755e-97
428.000      1.39099e-99
429.000     8.89648e-102
430.000     5.38305e-104
431.000     3.08146e-106
432.000     1.66879e-108
433.000     8.54999e-111
434.000     4.14426e-113
435.000     1.90040e-115
436.000     8.24444e-118
437.000     3.38372e-120
438.000     1.31385e-122
439.000     4.82630e-125
440.000     1.67726e-127
441.000     5.51449e-130
442.000     1.71525e-132
443.000     5.04738e-135
444.000     1.40515e-137
445.000     3.70081e-140
446.000     9.22124e-143
447.000     2.17370e-145
448.000     4.84759e-148
449.000     1.02275e-150
450.000     2.04143e-153
451.000     3.85490e-156
452.000     6.88670e-159
453.000     1.16393e-161
454.000     1.86106e-164
455.000     2.81520e-167
456.000     4.02882e-170
457.000     5.45461e-173
458.000     6.98661e-176
459.000     8.46618e-179
460.000     9.70568e-182
461.000     1.05264e-184
462.000     1.08008e-187
463.000     1.04845e-190
464.000     9.62843e-194
465.000     8.36531e-197
466.000     6.87585e-200
467.000     5.34672e-203
468.000     3.93339e-206
469.000     2.73756e-209
470.000     1.80251e-212
471.000     1.12282e-215
472.000     6.61698e-219
473.000     3.68916e-222
474.000     1.94586e-225
475.000     9.70990e-229
476.000     4.58389e-232
477.000     2.04726e-235
478.000     8.65023e-239
479.000     3.45780e-242
480.000     1.30765e-245
481.000     4.67842e-249
482.000     1.58352e-252
483.000     5.07070e-256
484.000     1.53613e-259
485.000     4.40258e-263
486.000     1.19372e-266
487.000     3.06208e-270
488.000     7.43101e-274
489.000     1.70607e-277
490.000     3.70564e-281
491.000     7.61461e-285
492.000     1.48030e-288
493.000     2.72250e-292
494.000     4.73702e-296
495.000     7.79758e-300
496.000     1.21432e-303
497.000     1.78905e-307
498.000     2.49361e-311
499.000     3.28816e-315
500.000     4.10198e-319
