# Gaussian folded, width=10 cm^-1
# [cm^-1] arbitrary
0.000      3.00000e+00
1.000      2.91796e+00
2.000      2.68508e+00
3.000      2.33749e+00
4.000      1.92514e+00
5.000      1.50000e+00
6.000      1.10570e+00
7.000      7.71085e-01
8.000      5.08727e-01
9.000      3.17530e-01
10.000      1.87500e-01
11.000      1.04746e-01
12.000      5.53612e-02
13.000      2.76868e-02
14.000      1.31168e-02
15.000      5.93180e-03
16.000      2.69100e-03
17.000      1.57250e-03
18.000      1.88726e-03
19.000      3.87328e-03
20.000      8.81749e-03
21.000      1.95342e-02
22.000      4.12022e-02
23.000      8.24806e-02
24.000      1.56649e-01
25.000      2.82268e-01
26.000      4.82600e-01
27.000      7.82967e-01
28.000      1.20549e+00
29.000      1.76146e+00
30.000      2.44287e+00
31.000      3.21564e+00
32.000      4.01778e+00
33.000      4.76504e+00
34.000      5.36431e+00
35.000      5.73226e+00
36.000      5.81428e+00
37.000      5.59775e+00
38.000      5.11523e+00
39.000      4.43654e+00
40.000      3.65239e+00
41.000      2.85492e+00
42.000      2.12119e+00
43.000      1.50351e+00
44.000      1.02823e+00
45.000      7.01221e-01
46.000      5.16948e-01
47.000      4.67683e-01
48.000      5.49882e-01
49.000      7.66148e-01
50.000      1.12239e+00
51.000      1.62095e+00
52.000      2.25175e+00
53.000      2.98423e+00
54.000      3.76337e+00
55.000      4.51242e+00
56.000      5.14318e+00
57.000      5.57217e+00
58.000      5.73839e+00
59.000      5.61746e+00
60.000      5.22753e+00
61.000      4.62492e+00
62.000      3.89115e+00
63.000      3.11561e+00
64.000      2.37913e+00
65.000      1.74302e+00
66.000      1.24535e+00
67.000      9.03861e-01
68.000      7.22745e-01
69.000      6.99854e-01
70.000      8.31503e-01
71.000      1.11328e+00
72.000      1.53704e+00
73.000      2.08572e+00
74.000      2.72867e+00
75.000      3.42011e+00
76.000      4.10253e+00
77.000      4.71526e+00
78.000      5.20623e+00
79.000      5.54409e+00
80.000      5.72680e+00
81.000      5.78442e+00
82.000      5.77472e+00
83.000      5.77286e+00
84.000      5.85738e+00
85.000      6.09603e+00
86.000      6.53454e+00
87.000      7.19068e+00
88.000      8.05394e+00
89.000      9.08980e+00
90.000      1.02461e+01
91.000      1.14595e+01
92.000      1.26598e+01
93.000      1.37738e+01
94.000      1.47280e+01
95.000      1.54538e+01
96.000      1.58934e+01
97.000      1.60073e+01
98.000      1.57807e+01
99.000      1.52275e+01
100.000      1.43900e+01
101.000      1.33348e+01
102.000      1.21446e+01
103.000      1.09091e+01
104.000      9.71421e+00
105.000      8.63341e+00
106.000      7.72156e+00
107.000      7.01294e+00
108.000      6.52336e+00
109.000      6.25530e+00
110.000      6.20413e+00
111.000      6.36313e+00
112.000      6.72562e+00
113.000      7.28379e+00
114.000      8.02505e+00
115.000      8.92791e+00
116.000      9.95919e+00
117.000      1.10741e+01
118.000      1.22193e+01
119.000      1.33389e+01
120.000      1.43805e+01
121.000      1.53004e+01
122.000      1.60666e+01
123.000      1.66582e+01
124.000      1.70639e+01
125.000      1.72791e+01
126.000      1.73055e+01
127.000      1.71515e+01
128.000      1.68341e+01
129.000      1.63797e+01
130.000      1.58222e+01
131.000      1.51994e+01
132.000      1.45475e+01
133.000      1.38965e+01
134.000      1.32690e+01
135.000      1.26816e+01
136.000      1.21474e+01
137.000      1.16793e+01
138.000      1.12890e+01
139.000      1.09853e+01
140.000      1.07693e+01
141.000      1.06326e+01
142.000      1.05579e+01
143.000      1.05232e+01
144.000      1.05083e+01
145.000      1.05002e+01
146.000      1.04954e+01
147.000      1.04968e+01
148.000      1.05079e+01
149.000      1.05254e+01
150.000      1.05347e+01
151.000      1.05111e+01
152.000      1.04254e+01
153.000      1.02537e+01
154.000      9.98539e+00
155.000      9.62828e+00
156.000      9.20704e+00
157.000      8.75673e+00
158.000      8.31387e+00
159.000      7.90867e+00
160.000      7.56106e+00
161.000      7.28128e+00
162.000      7.07360e+00
163.000      6.94076e+00
164.000      6.88663e+00
165.000      6.91623e+00
166.000      7.03349e+00
167.000      7.23843e+00
168.000      7.52519e+00
169.000      7.88187e+00
170.000      8.29184e+00
171.000      8.73583e+00
172.000      9.19419e+00
173.000      9.64880e+00
174.000      1.00847e+01
175.000      1.04917e+01
176.000      1.08646e+01
177.000      1.12046e+01
178.000      1.15173e+01
179.000      1.18123e+01
180.000      1.21002e+01
181.000      1.23903e+01
182.000      1.26883e+01
183.000      1.29941e+01
184.000      1.33021e+01
185.000      1.36022e+01
186.000      1.38834e+01
187.000      1.41392e+01
188.000      1.43716e+01
189.000      1.45937e+01
190.000      1.48282e+01
191.000      1.51024e+01
192.000      1.54405e+01
193.000      1.58569e+01
194.000      1.63517e+01
195.000      1.69111e+01
196.000      1.75106e+01
197.000      1.81199e+01
198.000      1.87065e+01
199.000      1.92371e+01
200.000      1.96765e+01
201.000      1.99875e+01
202.000      2.01310e+01
203.000      2.00697e+01
204.000      1.97744e+01
205.000      1.92303e+01
206.000      1.84427e+01
207.000      1.74396e+01
208.000      1.62706e+01
209.000      1.50017e+01
210.000      1.37074e+01
211.000      1.24614e+01
212.000      1.13268e+01
213.000      1.03494e+01
214.000      9.55414e+00
215.000      8.94624e+00
216.000      8.51632e+00
217.000      8.24770e+00
218.000      8.12365e+00
219.000      8.13207e+00
220.000      8.26626e+00
221.000      8.52186e+00
222.000      8.89146e+00
223.000      9.35918e+00
224.000      9.89778e+00
225.000      1.04697e+01
226.000      1.10323e+01
227.000      1.15461e+01
228.000      1.19831e+01
229.000      1.23330e+01
230.000      1.26054e+01
231.000      1.28255e+01
232.000      1.30272e+01
233.000      1.32435e+01
234.000      1.34982e+01
235.000      1.38021e+01
236.000      1.41522e+01
237.000      1.45361e+01
238.000      1.49361e+01
239.000      1.53329e+01
240.000      1.57065e+01
241.000      1.60357e+01
242.000      1.62968e+01
243.000      1.64649e+01
244.000      1.65166e+01
245.000      1.64357e+01
246.000      1.62173e+01
247.000      1.58701e+01
248.000      1.54146e+01
249.000      1.48786e+01
250.000      1.42897e+01
251.000      1.36696e+01
252.000      1.30297e+01
253.000      1.23708e+01
254.000      1.16865e+01
255.000      1.09686e+01
256.000      1.02139e+01
257.000      9.42854e+00
258.000      8.63064e+00
259.000      7.84743e+00
260.000      7.11003e+00
261.000      6.44671e+00
262.000      5.87712e+00
263.000      5.40969e+00
264.000      5.04289e+00
265.000      4.76993e+00
266.000      4.58549e+00
267.000      4.49243e+00
268.000      4.50637e+00
269.000      4.65644e+00
270.000      4.98125e+00
271.000      5.52043e+00
272.000      6.30346e+00
273.000      7.33876e+00
274.000      8.60623e+00
275.000      1.00556e+01
276.000      1.16112e+01
277.000      1.31825e+01
278.000      1.46767e+01
279.000      1.60114e+01
280.000      1.71245e+01
281.000      1.79789e+01
282.000      1.85627e+01
283.000      1.88840e+01
284.000      1.89640e+01
285.000      1.88284e+01
286.000      1.85009e+01
287.000      1.79998e+01
288.000      1.73393e+01
289.000      1.65322e+01
290.000      1.55953e+01
291.000      1.45524e+01
292.000      1.34357e+01
293.000      1.22836e+01
294.000      1.11376e+01
295.000      1.00372e+01
296.000      9.01627e+00
297.000      8.10012e+00
298.000      7.30428e+00
299.000      6.63465e+00
300.000      6.08874e+00
301.000      5.65754e+00
302.000      5.32738e+00
303.000      5.08138e+00
304.000      4.90023e+00
305.000      4.76270e+00
306.000      4.64653e+00
307.000      4.53032e+00
308.000      4.39651e+00
309.000      4.23480e+00
310.000      4.04469e+00
311.000      3.83586e+00
312.000      3.62574e+00
313.000      3.43480e+00
314.000      3.28129e+00
315.000      3.17731e+00
316.000      3.12772e+00
317.000      3.13193e+00
318.000      3.18715e+00
319.000      3.29143e+00
320.000      3.44465e+00
321.000      3.64748e+00
322.000      3.89922e+00
323.000      4.19622e+00
324.000      4.53201e+00
325.000      4.89943e+00
326.000      5.29337e+00
327.000      5.71288e+00
328.000      6.16125e+00
329.000      6.64410e+00
330.000      7.16624e+00
331.000      7.72867e+00
332.000      8.32682e+00
333.000      8.95070e+00
334.000      9.58687e+00
335.000      1.02215e+01
336.000      1.08435e+01
337.000      1.14457e+01
338.000      1.20254e+01
339.000      1.25809e+01
340.000      1.31094e+01
341.000      1.36034e+01
342.000      1.40500e+01
343.000      1.44327e+01
344.000      1.47336e+01
345.000      1.49359e+01
346.000      1.50257e+01
347.000      1.49911e+01
348.000      1.48219e+01
349.000      1.45096e+01
350.000      1.40496e+01
351.000      1.34448e+01
352.000      1.27102e+01
353.000      1.18753e+01
354.000      1.09825e+01
355.000      1.00830e+01
356.000      9.22854e+00
357.000      8.46293e+00
358.000      7.81556e+00
359.000      7.29758e+00
360.000      6.90194e+00
361.000      6.60656e+00
362.000      6.37978e+00
363.000      6.18696e+00
364.000      5.99700e+00
365.000      5.78782e+00
366.000      5.54934e+00
367.000      5.28370e+00
368.000      5.00241e+00
369.000      4.72163e+00
370.000      4.45669e+00
371.000      4.21776e+00
372.000      4.00761e+00
373.000      3.82235e+00
374.000      3.65484e+00
375.000      3.49979e+00
376.000      3.35888e+00
377.000      3.24360e+00
378.000      3.17420e+00
379.000      3.17407e+00
380.000      3.26093e+00
381.000      3.43765e+00
382.000      3.68646e+00
383.000      3.96939e+00
384.000      4.23558e+00
385.000      4.43347e+00
386.000      4.52377e+00
387.000      4.48878e+00
388.000      4.33504e+00
389.000      4.08890e+00
390.000      3.78723e+00
391.000      3.46702e+00
392.000      3.15748e+00
393.000      2.87632e+00
394.000      2.63043e+00
395.000      2.41897e+00
396.000      2.23692e+00
397.000      2.07753e+00
398.000      1.93328e+00
399.000      1.79602e+00
400.000      1.65732e+00
401.000      1.50957e+00
402.000      1.34783e+00
403.000      1.17150e+00
404.000      9.84966e-01
405.000      7.96784e-01
406.000      6.17472e-01
407.000      4.56871e-01
408.000      3.21939e-01
409.000      2.15650e-01
410.000      1.37129e-01
411.000      8.26977e-02
412.000      4.72643e-02
413.000      2.55877e-02
414.000      1.31170e-02
415.000      6.36544e-03
416.000      2.92373e-03
417.000      1.27087e-03
418.000      5.22740e-04
419.000      2.03450e-04
420.000      7.49199e-05
421.000      2.61031e-05
422.000      8.60456e-06
423.000      2.68351e-06
424.000      7.91784e-07
425.000      2.21023e-07
426.000      5.83706e-08
427.000      1.45839e-08
428.000      3.44724e-09
429.000      7.70888e-10
430.000      1.63091e-10
431.000      3.26428e-11
432.000      6.18107e-12
433.000      1.10728e-12
434.000      1.87659e-13
435.000      3.00885e-14
436.000      4.56403e-15
437.000      6.54960e-16
438.000      8.89198e-17
439.000      1.14209e-17
440.000      1.38777e-18
441.000      1.59535e-19
442.000      1.73504e-20
443.000      1.78518e-21
444.000      1.73768e-22
445.000      1.60021e-23
446.000      1.39413e-24
447.000      1.14907e-25
448.000      8.95994e-27
449.000      6.60971e-28
450.000      4.61294e-29
451.000      3.04572e-30
452.000      1.90248e-31
453.000      1.12427e-32
454.000      6.28542e-34
455.000      3.32443e-35
456.000      1.66348e-36
457.000      7.87475e-38
458.000      3.52673e-39
459.000      1.49426e-40
460.000      5.98959e-42
461.000      2.27136e-43
462.000      8.14878e-45
463.000      2.76577e-46
464.000      8.88092e-48
465.000      2.69785e-49
466.000      7.75343e-51
467.000      2.10809e-52
468.000      5.42251e-54
469.000      1.31956e-55
470.000      3.03792e-57
471.000      6.61670e-59
472.000      1.36340e-60
473.000      2.65781e-62
474.000      4.90164e-64
475.000      8.55218e-66
476.000      1.41166e-67
477.000      2.20445e-69
478.000      3.25678e-71
479.000      4.55191e-73
480.000      6.01889e-75
481.000      7.52935e-77
482.000      8.91078e-79
483.000      9.97681e-81
484.000      1.05678e-82
485.000      1.05900e-84
486.000      1.00398e-86
487.000      9.00475e-89
488.000      7.64074e-91
489.000      6.13362e-93
490.000      4.65818e-95
491.000      3.34682e-97
492.000      2.27493e-99
493.000     1.46292e-101
494.000     8.89998e-104
495.000     5.12243e-106
496.000     2.78921e-108
497.000     1.43682e-110
498.000     7.00234e-113
499.000     3.22850e-115
500.000     1.40824e-117
