# Gaussian folded, width=10 cm^-1
# [cm^-1] arbitrary
0.000      3.00000e+00
1.000      2.91796e+00
2.000      2.68508e+00
3.000      2.33749e+00
4.000      1.92514e+00
5.000      1.50000e+00
6.000      1.10570e+00
7.000      7.71085e-01
8.000      5.08727e-01
9.000      3.17530e-01
10.000      1.87501e-01
11.000      1.04750e-01
12.000      5.53721e-02
13.000      2.77213e-02
14.000      1.32193e-02
15.000      6.21984e-03
16.000      3.45696e-03
17.000      3.49850e-03
18.000      6.46563e-03
19.000      1.41590e-02
20.000      3.06479e-02
21.000      6.32856e-02
22.000      1.23952e-01
23.000      2.30073e-01
24.000      4.04654e-01
25.000      6.74379e-01
26.000      1.06495e+00
27.000      1.59352e+00
28.000      2.25938e+00
29.000      3.03547e+00
30.000      3.86423e+00
31.000      4.66118e+00
32.000      5.32743e+00
33.000      5.76928e+00
34.000      5.91972e+00
35.000      5.75508e+00
36.000      5.30122e+00
37.000      4.62710e+00
38.000      3.82803e+00
39.000      3.00451e+00
40.000      2.24340e+00
41.000      1.60671e+00
42.000      1.12944e+00
43.000      8.25229e-01
44.000      6.95482e-01
45.000      7.37974e-01
46.000      9.51314e-01
47.000      1.33384e+00
48.000      1.87753e+00
49.000      2.55936e+00
50.000      3.33399e+00
51.000      4.13150e+00
52.000      4.86307e+00
53.000      5.43454e+00
54.000      5.76495e+00
55.000      5.80476e+00
56.000      5.54779e+00
57.000      5.03276e+00
58.000      4.33404e+00
59.000      3.54456e+00
60.000      2.75672e+00
61.000      2.04687e+00
62.000      1.46721e+00
63.000      1.04568e+00
64.000      7.91859e-01
65.000      7.05168e-01
66.000      7.81843e-01
67.000      1.01810e+00
68.000      1.40878e+00
69.000      1.94253e+00
70.000      2.59588e+00
71.000      3.32917e+00
72.000      4.08716e+00
73.000      4.80562e+00
74.000      5.42323e+00
75.000      5.89627e+00
76.000      6.21159e+00
77.000      6.39354e+00
78.000      6.50192e+00
79.000      6.62047e+00
80.000      6.83872e+00
81.000      7.23192e+00
82.000      7.84469e+00
83.000      8.68240e+00
84.000      9.71186e+00
85.000      1.08701e+01
86.000      1.20773e+01
87.000      1.32507e+01
88.000      1.43151e+01
89.000      1.52086e+01
90.000      1.58849e+01
91.000      1.63115e+01
92.000      1.64687e+01
93.000      1.63477e+01
94.000      1.59514e+01
95.000      1.52950e+01
96.000      1.44081e+01
97.000      1.33344e+01
98.000      1.21314e+01
99.000      1.08676e+01
100.000      9.61923e+00
101.000      8.46592e+00
102.000      7.48543e+00
103.000      6.74792e+00
104.000      6.30974e+00
105.000      6.20756e+00
106.000      6.45407e+00
107.000      7.03641e+00
108.000      7.91800e+00
109.000      9.04337e+00
110.000      1.03450e+01
111.000      1.17506e+01
112.000      1.31896e+01
113.000      1.45981e+01
114.000      1.59208e+01
115.000      1.71109e+01
116.000      1.81280e+01
117.000      1.89357e+01
118.000      1.95001e+01
119.000      1.97921e+01
120.000      1.97921e+01
121.000      1.94975e+01
122.000      1.89286e+01
123.000      1.81305e+01
124.000      1.71702e+01
125.000      1.61271e+01
126.000      1.50820e+01
127.000      1.41071e+01
128.000      1.32586e+01
129.000      1.25749e+01
130.000      1.20769e+01
131.000      1.17699e+01
132.000      1.16459e+01
133.000      1.16850e+01
134.000      1.18576e+01
135.000      1.21261e+01
136.000      1.24479e+01
137.000      1.27776e+01
138.000      1.30687e+01
139.000      1.32752e+01
140.000      1.33539e+01
141.000      1.32687e+01
142.000      1.29962e+01
143.000      1.25314e+01
144.000      1.18910e+01
145.000      1.11121e+01
146.000      1.02461e+01
147.000      9.34917e+00
148.000      8.47164e+00
149.000      7.65071e+00
150.000      6.90733e+00
151.000      6.24793e+00
152.000      5.66957e+00
153.000      5.16648e+00
154.000      4.73610e+00
155.000      4.38338e+00
156.000      4.12253e+00
157.000      3.97579e+00
158.000      3.96903e+00
159.000      4.12492e+00
160.000      4.45481e+00
161.000      4.95182e+00
162.000      5.58745e+00
163.000      6.31410e+00
164.000      7.07439e+00
165.000      7.81595e+00
166.000      8.50810e+00
167.000      9.15446e+00
168.000      9.79557e+00
169.000      1.04978e+01
170.000      1.13297e+01
171.000      1.23334e+01
172.000      1.35007e+01
173.000      1.47650e+01
174.000      1.60138e+01
175.000      1.71183e+01
176.000      1.79694e+01
177.000      1.85089e+01
178.000      1.87440e+01
179.000      1.87401e+01
180.000      1.85979e+01
181.000      1.84198e+01
182.000      1.82793e+01
183.000      1.82007e+01
184.000      1.81571e+01
185.000      1.80868e+01
186.000      1.79247e+01
187.000      1.76392e+01
188.000      1.72631e+01
189.000      1.69053e+01
190.000      1.67370e+01
191.000      1.69517e+01
192.000      1.77094e+01
193.000      1.90829e+01
194.000      2.10215e+01
195.000      2.33490e+01
196.000      2.57967e+01
197.000      2.80647e+01
198.000      2.98929e+01
199.000      3.11187e+01
200.000      3.17062e+01
201.000      3.17352e+01
202.000      3.13589e+01
203.000      3.07430e+01
204.000      3.00109e+01
205.000      2.92113e+01
206.000      2.83178e+01
207.000      2.72580e+01
208.000      2.59554e+01
209.000      2.43687e+01
210.000      2.25146e+01
211.000      2.04670e+01
212.000      1.83389e+01
213.000      1.62555e+01
214.000      1.43293e+01
215.000      1.26429e+01
216.000      1.12414e+01
217.000      1.01327e+01
218.000      9.29076e+00
219.000      8.66276e+00
220.000      8.17701e+00
221.000      7.75406e+00
222.000      7.31999e+00
223.000      6.82019e+00
224.000      6.23067e+00
225.000      5.56342e+00
226.000      4.86428e+00
227.000      4.20359e+00
228.000      3.66217e+00
229.000      3.31638e+00
230.000      3.22570e+00
231.000      3.42532e+00
232.000      3.92428e+00
233.000      4.70844e+00
234.000      5.74602e+00
235.000      6.99345e+00
236.000      8.39931e+00
237.000      9.90568e+00
238.000      1.14476e+01
239.000      1.29529e+01
240.000      1.43435e+01
241.000      1.55410e+01
242.000      1.64735e+01
243.000      1.70835e+01
244.000      1.73329e+01
245.000      1.72064e+01
246.000      1.67108e+01
247.000      1.58738e+01
248.000      1.47423e+01
249.000      1.33801e+01
250.000      1.18639e+01
251.000      1.02778e+01
252.000      8.70536e+00
253.000      7.22149e+00
254.000      5.88564e+00
255.000      4.73815e+00
256.000      3.79990e+00
257.000      3.07488e+00
258.000      2.55505e+00
259.000      2.22665e+00
260.000      2.07769e+00
261.000      2.10565e+00
262.000      2.32423e+00
263.000      2.76666e+00
264.000      3.48368e+00
265.000      4.53445e+00
266.000      5.97118e+00
267.000      7.82015e+00
268.000      1.00642e+01
269.000      1.26324e+01
270.000      1.54020e+01
271.000      1.82146e+01
272.000      2.09040e+01
273.000      2.33300e+01
274.000      2.54063e+01
275.000      2.71167e+01
276.000      2.85106e+01
277.000      2.96807e+01
278.000      3.07270e+01
279.000      3.17198e+01
280.000      3.26705e+01
281.000      3.35195e+01
282.000      3.41448e+01
283.000      3.43878e+01
284.000      3.40915e+01
285.000      3.31398e+01
286.000      3.14888e+01
287.000      2.91828e+01
288.000      2.63507e+01
289.000      2.31852e+01
290.000      1.99099e+01
291.000      1.67439e+01
292.000      1.38715e+01
293.000      1.14229e+01
294.000      9.46817e+00
295.000      8.02247e+00
296.000      7.05639e+00
297.000      6.50848e+00
298.000      6.29609e+00
299.000      6.32414e+00
300.000      6.49305e+00
301.000      6.70676e+00
302.000      6.88086e+00
303.000      6.94977e+00
304.000      6.87134e+00
305.000      6.62794e+00
306.000      6.22438e+00
307.000      5.68399e+00
308.000      5.04411e+00
309.000      4.35166e+00
310.000      3.65892e+00
311.000      3.01886e+00
312.000      2.48016e+00
313.000      2.08199e+00
314.000      1.84961e+00
315.000      1.79163e+00
316.000      1.89943e+00
317.000      2.14908e+00
318.000      2.50519e+00
319.000      2.92597e+00
320.000      3.36825e+00
321.000      3.79154e+00
322.000      4.16038e+00
323.000      4.44513e+00
324.000      4.62204e+00
325.000      4.67385e+00
326.000      4.59159e+00
327.000      4.37750e+00
328.000      4.04760e+00
329.000      3.63213e+00
330.000      3.17236e+00
331.000      2.71383e+00
332.000      2.29755e+00
333.000      1.95173e+00
334.000      1.68690e+00
335.000      1.49579e+00
336.000      1.35790e+00
337.000      1.24713e+00
338.000      1.13969e+00
339.000      1.01995e+00
340.000      8.82928e-01
341.000      7.33023e-01
342.000      5.80481e-01
343.000      4.37004e-01
344.000      3.12132e-01
345.000      2.11268e-01
346.000      1.35416e-01
347.000      8.21626e-02
348.000      4.71780e-02
349.000      2.56334e-02
350.000      1.31778e-02
351.000      6.40949e-03
352.000      2.94944e-03
353.000      1.28406e-03
354.000      5.28873e-04
355.000      2.06082e-04
356.000      7.59710e-05
357.000      2.64957e-05
358.000      8.74219e-06
359.000      2.72887e-06
360.000      8.05869e-07
361.000      2.25146e-07
362.000      5.95086e-08
363.000      1.48804e-08
364.000      3.52019e-09
365.000      7.87835e-10
366.000      1.66810e-10
367.000      3.34139e-11
368.000      6.33213e-12
369.000      1.13524e-12
370.000      1.92552e-13
371.000      3.08974e-14
372.000      4.69045e-15
373.000      6.73636e-16
374.000      9.15278e-17
375.000      1.17652e-17
376.000      1.43074e-18
377.000      1.64605e-19
378.000      1.79160e-20
379.000      1.84483e-21
380.000      1.79717e-22
381.000      1.65631e-23
382.000      1.44414e-24
383.000      1.19123e-25
384.000      9.29608e-27
385.000      6.86312e-28
386.000      4.79359e-29
387.000      3.16751e-30
388.000      1.98012e-31
389.000      1.17107e-32
390.000      6.55229e-34
391.000      3.46833e-35
392.000      1.73686e-36
393.000      8.22862e-38
394.000      3.68814e-39
395.000      1.56388e-40
396.000      6.27364e-42
397.000      2.38096e-43
398.000      8.54875e-45
399.000      2.90383e-46
400.000      9.33160e-48
401.000      2.83700e-49
402.000      8.15981e-51
403.000      2.22033e-52
404.000      5.71576e-54
405.000      1.39203e-55
406.000      3.20730e-57
407.000      6.99113e-59
408.000      1.44170e-60
409.000      2.81266e-62
410.000      5.19134e-64
411.000      9.06481e-66
412.000      1.49746e-67
413.000      2.34029e-69
414.000      3.46020e-71
415.000      4.84006e-73
416.000      6.40498e-75
417.000      8.01868e-77
418.000      9.49741e-79
419.000      1.06420e-80
420.000      1.12814e-82
421.000      1.13140e-84
422.000      1.07347e-86
423.000      9.63564e-89
424.000      8.18255e-91
425.000      6.57377e-93
426.000      4.99640e-95
427.000      3.59268e-97
428.000      2.44397e-99
429.000     1.57287e-101
430.000     9.57648e-104
431.000     5.51616e-106
432.000     3.00598e-108
433.000     1.54972e-110
434.000     7.55850e-113
435.000     3.48769e-115
436.000     1.52250e-117
437.000     6.28772e-120
438.000     2.45667e-122
439.000     9.08070e-125
440.000     3.17548e-127
441.000     1.05055e-129
442.000     3.28807e-132
443.000     9.73606e-135
444.000     2.72736e-137
445.000     7.22804e-140
446.000     1.81224e-142
447.000     4.29861e-145
448.000     9.64626e-148
449.000     2.04789e-150
450.000     4.11313e-153
451.000     7.81548e-156
452.000     1.40493e-158
453.000     2.38932e-161
454.000     3.84424e-164
455.000     5.85146e-167
456.000     8.42627e-170
457.000     1.14795e-172
458.000     1.47955e-175
459.000     1.80407e-178
460.000     2.08111e-181
461.000     2.27120e-184
462.000     2.34494e-187
463.000     2.29048e-190
464.000     2.11660e-193
465.000     1.85041e-196
466.000     1.53043e-199
467.000     1.19751e-202
468.000     8.86465e-206
469.000     6.20814e-209
470.000     4.11319e-212
471.000     2.57819e-215
472.000     1.52886e-218
473.000     8.57704e-222
474.000     4.55224e-225
475.000     2.28576e-228
476.000     1.08581e-231
477.000     4.87972e-235
478.000     2.07469e-238
479.000     8.34505e-242
480.000     3.17558e-245
481.000     1.14323e-248
482.000     3.89370e-252
483.000     1.25461e-255
484.000     3.82448e-259
485.000     1.10295e-262
486.000     3.00922e-266
487.000     7.76730e-270
488.000     1.89672e-273
489.000     4.38184e-277
490.000     9.57692e-281
491.000     1.98022e-284
492.000     3.87363e-288
493.000     7.16869e-292
494.000     1.25510e-295
495.000     2.07892e-299
496.000     3.25771e-303
497.000     4.82954e-307
498.000     6.77354e-311
499.000     8.98760e-315
500.000     1.12821e-318
