# Gaussian folded, width=10 cm^-1
# [cm^-1] arbitrary
0.000      3.00000e+00
1.000      2.91796e+00
2.000      2.68508e+00
3.000      2.33749e+00
4.000      1.92514e+00
5.000      1.50000e+00
6.000      1.10570e+00
7.000      7.71085e-01
8.000      5.08727e-01
9.000      3.17529e-01
10.000      1.87500e-01
11.000      1.04746e-01
12.000      5.53593e-02
13.000      2.76804e-02
14.000      1.30962e-02
15.000      5.86933e-03
16.000      2.51201e-03
17.000      1.08699e-03
18.000      6.40644e-04
19.000      8.43754e-04
20.000      1.85040e-03
21.000      4.37533e-03
22.000      1.00067e-02
23.000      2.17848e-02
24.000      4.50547e-02
25.000      8.85157e-02
26.000      1.65223e-01
27.000      2.93073e-01
28.000      4.94099e-01
29.000      7.91879e-01
30.000      1.20662e+00
31.000      1.74823e+00
32.000      2.40867e+00
33.000      3.15597e+00
34.000      3.93252e+00
35.000      4.66002e+00
36.000      5.25125e+00
37.000      5.62685e+00
38.000      5.73260e+00
39.000      5.55224e+00
40.000      5.11157e+00
41.000      4.47245e+00
42.000      3.71863e+00
43.000      2.93790e+00
44.000      2.20591e+00
45.000      1.57570e+00
46.000      1.07470e+00
47.000      7.08334e-01
48.000      4.67714e-01
49.000      3.38380e-01
50.000      3.07623e-01
51.000      3.68917e-01
52.000      5.23005e-01
53.000      7.75884e-01
54.000      1.13443e+00
55.000      1.60070e+00
56.000      2.16612e+00
57.000      2.80710e+00
58.000      3.48329e+00
59.000      4.13954e+00
60.000      4.71188e+00
61.000      5.13676e+00
62.000      5.36203e+00
63.000      5.35711e+00
64.000      5.11981e+00
65.000      4.67774e+00
66.000      4.08367e+00
67.000      3.40587e+00
68.000      2.71609e+00
69.000      2.07834e+00
70.000      1.54129e+00
71.000      1.13553e+00
72.000      8.75333e-01
73.000      7.63044e-01
74.000      7.94004e-01
75.000      9.60016e-01
76.000      1.25057e+00
77.000      1.65196e+00
78.000      2.14530e+00
79.000      2.70464e+00
80.000      3.29631e+00
81.000      3.88042e+00
82.000      4.41472e+00
83.000      4.86071e+00
84.000      5.19106e+00
85.000      5.39694e+00
86.000      5.49315e+00
87.000      5.51890e+00
88.000      5.53303e+00
89.000      5.60344e+00
90.000      5.79299e+00
91.000      6.14510e+00
92.000      6.67334e+00
93.000      7.35823e+00
94.000      8.15253e+00
95.000      8.99334e+00
96.000      9.81745e+00
97.000      1.05750e+01
98.000      1.12375e+01
99.000      1.17982e+01
100.000      1.22648e+01
101.000      1.26487e+01
102.000      1.29539e+01
103.000      1.31703e+01
104.000      1.32735e+01
105.000      1.32310e+01
106.000      1.30130e+01
107.000      1.26035e+01
108.000      1.20075e+01
109.000      1.12541e+01
110.000      1.03929e+01
111.000      9.48803e+00
112.000      8.60904e+00
113.000      7.82322e+00
114.000      7.18883e+00
115.000      6.75014e+00
116.000      6.53394e+00
117.000      6.54749e+00
118.000      6.77797e+00
119.000      7.19398e+00
120.000      7.74966e+00
121.000      8.39119e+00
122.000      9.06514e+00
123.000      9.72689e+00
124.000      1.03472e+01
125.000      1.09153e+01
126.000      1.14362e+01
127.000      1.19252e+01
128.000      1.23979e+01
129.000      1.28613e+01
130.000      1.33080e+01
131.000      1.37156e+01
132.000      1.40526e+01
133.000      1.42882e+01
134.000      1.44031e+01
135.000      1.43971e+01
136.000      1.42895e+01
137.000      1.41127e+01
138.000      1.39016e+01
139.000      1.36821e+01
140.000      1.34647e+01
141.000      1.32436e+01
142.000      1.30032e+01
143.000      1.27261e+01
144.000      1.24017e+01
145.000      1.20300e+01
146.000      1.16214e+01
147.000      1.11930e+01
148.000      1.07639e+01
149.000      1.03509e+01
150.000      9.96621e+00
151.000      9.61609e+00
152.000      9.30147e+00
153.000      9.01854e+00
154.000      8.76015e+00
155.000      8.51756e+00
156.000      8.28252e+00
157.000      8.04905e+00
158.000      7.81477e+00
159.000      7.58138e+00
160.000      7.35459e+00
161.000      7.14357e+00
162.000      6.96006e+00
163.000      6.81696e+00
164.000      6.72645e+00
165.000      6.69790e+00
166.000      6.73639e+00
167.000      6.84241e+00
168.000      7.01301e+00
169.000      7.24375e+00
170.000      7.53049e+00
171.000      7.86980e+00
172.000      8.25779e+00
173.000      8.68765e+00
174.000      9.14705e+00
175.000      9.61651e+00
176.000      1.00694e+01
177.000      1.04738e+01
178.000      1.07966e+01
179.000      1.10076e+01
180.000      1.10859e+01
181.000      1.10241e+01
182.000      1.08322e+01
183.000      1.05382e+01
184.000      1.01852e+01
185.000      9.82513e+00
186.000      9.51067e+00
187.000      9.28646e+00
188.000      9.18294e+00
189.000      9.21337e+00
190.000      9.37446e+00
191.000      9.64962e+00
192.000      1.00130e+01
193.000      1.04335e+01
194.000      1.08771e+01
195.000      1.13097e+01
196.000      1.16990e+01
197.000      1.20171e+01
198.000      1.22438e+01
199.000      1.23684e+01
200.000      1.23904e+01
201.000      1.23182e+01
202.000      1.21666e+01
203.000      1.19521e+01
204.000      1.16905e+01
205.000      1.13943e+01
206.000      1.10720e+01
207.000      1.07298e+01
208.000      1.03737e+01
209.000      1.00127e+01
210.000      9.66108e+00
211.000      9.34059e+00
212.000      9.07960e+00
213.000      8.91037e+00
214.000      8.86366e+00
215.000      8.96194e+00
216.000      9.21246e+00
217.000      9.60246e+00
218.000      1.00981e+01
219.000      1.06480e+01
220.000      1.11917e+01
221.000      1.16703e+01
222.000      1.20383e+01
223.000      1.22714e+01
224.000      1.23696e+01
225.000      1.23547e+01
226.000      1.22611e+01
227.000      1.21256e+01
228.000      1.19780e+01
229.000      1.18356e+01
230.000      1.17041e+01
231.000      1.15817e+01
232.000      1.14659e+01
233.000      1.13592e+01
234.000      1.12715e+01
235.000      1.12200e+01
236.000      1.12255e+01
237.000      1.13073e+01
238.000      1.14784e+01
239.000      1.17403e+01
240.000      1.20802e+01
241.000      1.24699e+01
242.000      1.28679e+01
243.000      1.32248e+01
244.000      1.34904e+01
245.000      1.36228e+01
246.000      1.35961e+01
247.000      1.34049e+01
248.000      1.30659e+01
249.000      1.26133e+01
250.000      1.20917e+01
251.000      1.15475e+01
252.000      1.10204e+01
253.000      1.05389e+01
254.000      1.01189e+01
255.000      9.76674e+00
256.000      9.48235e+00
257.000      9.26303e+00
258.000      9.10440e+00
259.000      8.99946e+00
260.000      8.93683e+00
261.000      8.89976e+00
262.000      8.86735e+00
263.000      8.81795e+00
264.000      8.73363e+00
265.000      8.60375e+00
266.000      8.42611e+00
267.000      8.20509e+00
268.000      7.94780e+00
269.000      7.66011e+00
270.000      7.34488e+00
271.000      7.00327e+00
272.000      6.63899e+00
273.000      6.26337e+00
274.000      5.89886e+00
275.000      5.57870e+00
276.000      5.34193e+00
277.000      5.22480e+00
278.000      5.25099e+00
279.000      5.42387e+00
280.000      5.72368e+00
281.000      6.11084e+00
282.000      6.53470e+00
283.000      6.94477e+00
284.000      7.30093e+00
285.000      7.57933e+00
286.000      7.77297e+00
287.000      7.88791e+00
288.000      7.93759e+00
289.000      7.93788e+00
290.000      7.90386e+00
291.000      7.84832e+00
292.000      7.78074e+00
293.000      7.70599e+00
294.000      7.62320e+00
295.000      7.52575e+00
296.000      7.40358e+00
297.000      7.24746e+00
298.000      7.05414e+00
299.000      6.82967e+00
300.000      6.58939e+00
301.000      6.35398e+00
302.000      6.14311e+00
303.000      5.96960e+00
304.000      5.83656e+00
305.000      5.73891e+00
306.000      5.66851e+00
307.000      5.62054e+00
308.000      5.59790e+00
309.000      5.61161e+00
310.000      5.67674e+00
311.000      5.80535e+00
312.000      5.99957e+00
313.000      6.24786e+00
314.000      6.52626e+00
315.000      6.80469e+00
316.000      7.05595e+00
317.000      7.26433e+00
318.000      7.43033e+00
319.000      7.57014e+00
320.000      7.71027e+00
321.000      7.87957e+00
322.000      8.10181e+00
323.000      8.39113e+00
324.000      8.75114e+00
325.000      9.17699e+00
326.000      9.65870e+00
327.000      1.01842e+01
328.000      1.07411e+01
329.000      1.13172e+01
330.000      1.19012e+01
331.000      1.24826e+01
332.000      1.30536e+01
333.000      1.36111e+01
334.000      1.41587e+01
335.000      1.47075e+01
336.000      1.52745e+01
337.000      1.58786e+01
338.000      1.65347e+01
339.000      1.72477e+01
340.000      1.80080e+01
341.000      1.87907e+01
342.000      1.95589e+01
343.000      2.02704e+01
344.000      2.08850e+01
345.000      2.13718e+01
346.000      2.17131e+01
347.000      2.19055e+01
348.000      2.19576e+01
349.000      2.18861e+01
350.000      2.17112e+01
351.000      2.14522e+01
352.000      2.11239e+01
353.000      2.07335e+01
354.000      2.02797e+01
355.000      1.97525e+01
356.000      1.91365e+01
357.000      1.84159e+01
358.000      1.75804e+01
359.000      1.66312e+01
360.000      1.55841e+01
361.000      1.44698e+01
362.000      1.33300e+01
363.000      1.22118e+01
364.000      1.11609e+01
365.000      1.02148e+01
366.000      9.39870e+00
367.000      8.72267e+00
368.000      8.18191e+00
369.000      7.75906e+00
370.000      7.42828e+00
371.000      7.16038e+00
372.000      6.92827e+00
373.000      6.71198e+00
374.000      6.50284e+00
375.000      6.30604e+00
376.000      6.14111e+00
377.000      6.03970e+00
378.000      6.04044e+00
379.000      6.18134e+00
380.000      6.49095e+00
381.000      6.97983e+00
382.000      7.63409e+00
383.000      8.41244e+00
384.000      9.24771e+00
385.000      1.00529e+01
386.000      1.07316e+01
387.000      1.11909e+01
388.000      1.13562e+01
389.000      1.11839e+01
390.000      1.06703e+01
391.000      9.85449e+00
392.000      8.81322e+00
393.000      7.64950e+00
394.000      6.47606e+00
395.000      5.39752e+00
396.000      4.49499e+00
397.000      3.81599e+00
398.000      3.37138e+00
399.000      3.13906e+00
400.000      3.07271e+00
401.000      3.11301e+00
402.000      3.19873e+00
403.000      3.27563e+00
404.000      3.30238e+00
405.000      3.25332e+00
406.000      3.11875e+00
407.000      2.90358e+00
408.000      2.62478e+00
409.000      2.30813e+00
410.000      1.98414e+00
411.000      1.68338e+00
412.000      1.43165e+00
413.000      1.24561e+00
414.000      1.12986e+00
415.000      1.07629e+00
416.000      1.06617e+00
417.000      1.07458e+00
418.000      1.07624e+00
419.000      1.05118e+00
420.000      9.88715e-01
421.000      8.88697e-01
422.000      7.59968e-01
423.000      6.16749e-01
424.000      4.74339e-01
425.000      3.45463e-01
426.000      2.38156e-01
427.000      1.55369e-01
428.000      9.59089e-02
429.000      5.60156e-02
430.000      3.09527e-02
431.000      1.61815e-02
432.000      8.00317e-03
433.000      3.74479e-03
434.000      1.65773e-03
435.000      6.94252e-04
436.000      2.75068e-04
437.000      1.03105e-04
438.000      3.65627e-05
439.000      1.22663e-05
440.000      3.89320e-06
441.000      1.16901e-06
442.000      3.32083e-07
443.000      8.92469e-08
444.000      2.26912e-08
445.000      5.45807e-09
446.000      1.24205e-09
447.000      2.67396e-10
448.000      5.44614e-11
449.000      1.04940e-11
450.000      1.91298e-12
451.000      3.29912e-13
452.000      5.38273e-14
453.000      8.30855e-15
454.000      1.21329e-15
455.000      1.67619e-16
456.000      2.19078e-17
457.000      2.70889e-18
458.000      3.16884e-19
459.000      3.50695e-20
460.000      3.67176e-21
461.000      3.63695e-22
462.000      3.40815e-23
463.000      3.02146e-24
464.000      2.53415e-25
465.000      2.01079e-26
466.000      1.50945e-27
467.000      1.07198e-28
468.000      7.20233e-30
469.000      4.57801e-31
470.000      2.75295e-32
471.000      1.56617e-33
472.000      8.42936e-35
473.000      4.29209e-36
474.000      2.06757e-37
475.000      9.42259e-39
476.000      4.06254e-40
477.000      1.65708e-41
478.000      6.39447e-43
479.000      2.33445e-44
480.000      8.06273e-46
481.000      2.63450e-47
482.000      8.14386e-49
483.000      2.38166e-50
484.000      6.58944e-52
485.000      1.72478e-53
486.000      4.27108e-55
487.000      1.00059e-56
488.000      2.21767e-58
489.000      4.65000e-60
490.000      9.22415e-62
491.000      1.73108e-63
492.000      3.07345e-65
493.000      5.16241e-67
494.000      8.20345e-69
495.000      1.23327e-70
496.000      1.75403e-72
497.000      2.36012e-74
498.000      3.00434e-76
499.000      3.61810e-78
500.000      4.12221e-80
