4.500000000000000000e+01
4.376940000000000452e+01
4.027619999999999578e+01
3.506234999999999502e+01
2.887709999999999511e+01
2.250000000000000000e+01
1.658550000000000324e+01
1.156627499999999920e+01
7.630905000000002936e+00
4.762935000000000585e+00
2.812500000000000000e+00
1.571190000000000087e+00
8.303850000000002618e-01
4.151925000000001309e-01
1.963979999999999893e-01
8.789080999999999977e-02
3.721125999999999601e-02
1.490712600000000145e-02
5.658751000000000926e-03
2.063544999999999963e-03
8.155818999999999916e-04
6.251754000000000859e-04
1.272689499999999979e-03
3.426228999999999820e-03
9.139493000000000270e-03
2.324305000000000121e-02
5.613808999999999466e-02
1.287487900000000018e-01
2.804438999999999682e-01
5.803469999999999462e-01
1.141296400000000100e+00
2.133608999999999867e+00
3.792967999999999673e+00
6.414118000000001096e+00
1.032127899999999876e+01
1.580931000000000175e+01
2.305754999999999910e+01
3.203036000000000172e+01
4.239108000000000231e+01
5.346231999999999829e+01
6.426249999999998863e+01
7.363000999999999863e+01
8.041996000000000322e+01
8.372998000000001184e+01
8.309484000000000492e+01
7.859302999999999884e+01
7.083149999999999125e+01
6.081278999999999968e+01
4.972384999999999877e+01
3.870767000000000024e+01
2.867757999999999896e+01
2.021379999999999910e+01
1.355084599999999995e+01
8.637504000000001625e+00
5.235767000000000948e+00
3.024005000000000276e+00
1.680488900000000285e+00
9.372310000000000363e-01
6.064429999999999543e-01
5.885967000000000837e-01
8.717779999999999418e-01
1.528647300000000264e+00
2.711884000000000405e+00
4.643894999999999662e+00
7.593430000000000568e+00
1.183259800000000084e+01
1.757261000000000095e+01
2.488534999999999897e+01
3.362784999999999513e+01
4.339262999999998982e+01
5.350674000000000063e+01
6.309285999999999461e+01
7.118867000000000189e+01
7.690252999999999872e+01
7.957206999999999653e+01
7.888628999999998825e+01
7.494318999999998709e+01
6.822890000000001010e+01
5.952614999999999412e+01
4.977562999999999960e+01
3.992466000000000292e+01
3.079731999999999914e+01
2.301049000000000078e+01
1.694586699999999979e+01
1.277153400000000261e+01
1.049407700000000077e+01
1.001886799999999944e+01
1.119876900000000042e+01
1.386119200000000262e+01
1.781348599999999749e+01
2.283437999999999946e+01
2.866264999999999574e+01
3.499188999999999794e+01
4.147660999999999376e+01
4.774970000000000425e+01
5.344769000000000858e+01
5.824000000000000199e+01
6.185814999999998776e+01
6.412309999999999377e+01
6.497017999999999915e+01
6.447016000000000702e+01
6.284418000000000148e+01
6.046675000000001177e+01
5.785034000000000276e+01
5.560475999999999885e+01
5.436986999999999881e+01
5.472778000000000276e+01
5.710935999999999524e+01
6.171697999999999951e+01
6.848342999999999847e+01
7.708038000000000523e+01
8.697578999999998928e+01
9.752621000000000606e+01
1.080810300000000126e+02
1.180745500000000163e+02
1.270872000000000099e+02
1.348673699999999940e+02
1.413164999999999907e+02
1.464472800000000063e+02
1.503304499999999848e+02
1.530484000000000435e+02
1.546647899999999822e+02
1.552210400000000448e+02
1.547509199999999794e+02
1.533069699999999784e+02
1.509817400000000021e+02
1.479081599999999810e+02
1.442411900000000173e+02
1.401227099999999837e+02
1.356460799999999836e+02
1.308400900000000036e+02
1.256836299999999937e+02
1.201534299999999860e+02
1.142904700000000275e+02
1.082606799999999936e+02
1.023822899999999834e+02
9.710004000000002122e+01
9.290512999999998556e+01
9.022073000000001741e+01
8.928851000000001648e+01
9.009487000000000023e+01
9.236404999999999177e+01
9.562183000000000277e+01
9.930886999999998466e+01
1.029068599999999947e+02
1.060393100000000004e+02
1.085219199999999944e+02
1.103578499999999849e+02
1.116937499999999943e+02
1.127603100000000182e+02
1.138206500000000005e+02
1.151390099999999990e+02
1.169696200000000061e+02
1.195566800000000001e+02
1.231321399999999926e+02
1.279007099999999895e+02
1.340072099999999864e+02
1.414889600000000200e+02
1.502249699999999848e+02
1.598982399999999870e+02
1.699899099999999805e+02
1.798239000000000090e+02
1.886574999999999989e+02
1.958071999999999946e+02
2.007790999999999997e+02
2.033580000000000041e+02
2.036340999999999894e+02
2.019515000000000100e+02
1.987991000000000099e+02
1.946789000000000271e+02
1.899895000000000493e+02
1.849540000000000077e+02
1.796008000000000209e+02
1.737922999999999831e+02
1.672836999999999819e+02
1.598024199999999837e+02
1.511277199999999823e+02
1.411672200000000146e+02
1.300114700000000028e+02
1.179584499999999991e+02
1.054996600000000058e+02
9.326444000000000756e+01
8.193179000000000656e+01
7.212668999999999642e+01
6.432397000000000276e+01
5.878170000000000073e+01
5.551824999999998766e+01
5.433520000000000749e+01
5.487811999999999557e+01
5.671724999999999994e+01
5.942847999999999331e+01
6.265684999999999860e+01
6.615108999999999639e+01
6.976712000000000558e+01
7.344527999999999679e+01
7.717439000000000249e+01
8.095514000000000010e+01
8.477548000000001593e+01
8.860183000000000675e+01
9.238532999999998196e+01
9.607500000000000284e+01
9.962986999999998261e+01
1.030230000000000103e+02
1.062352700000000141e+02
1.092409500000000122e+02
1.119898999999999916e+02
1.143914900000000046e+02
1.163048600000000050e+02
1.175397600000000011e+02
1.178716399999999993e+02
1.170736100000000022e+02
1.149652200000000022e+02
1.114692600000000198e+02
1.066616600000000119e+02
1.007942399999999878e+02
9.427490999999999133e+01
8.760300999999999760e+01
8.127353000000002226e+01
7.567669999999999675e+01
7.102230000000001553e+01
6.730676000000001125e+01
6.432899999999999352e+01
6.174519000000000801e+01
5.914682999999999424e+01
5.614485999999999422e+01
5.244536999999999694e+01
4.790491000000000099e+01
4.255637999999999010e+01
3.659973000000000098e+01
3.035824999999999818e+01
2.421094999999999686e+01
1.851749999999999829e+01
1.355472399999999844e+01
9.480087999999998516e+00
6.326467000000000951e+00
4.024089000000000027e+00
2.437548999999999744e+00
1.405130299999999943e+00
7.703976999999999631e-01
4.015637999999999708e-01
1.989202300000000312e-01
9.361819999999998476e-02
4.185001000000000693e-02
1.776634399999999989e-02
7.161344999999999517e-03
2.740462400000000503e-03
9.954743000000002007e-04
3.432135099999999495e-04
1.123037000000000069e-04
3.488789500000000150e-05
1.036019900000000011e-05
3.243810999999999850e-06
2.260957000000000332e-06
5.904069000000000138e-06
2.063476999999999895e-05
7.021796000000000829e-05
2.265066000000000041e-04
6.913890000000000443e-04
1.996782999999999805e-03
5.456564999999999159e-03
1.410941299999999947e-02
3.452486999999999917e-02
7.995295000000000873e-02
1.752597999999999934e-01
3.637221000000000481e-01
7.148782999999999666e-01
1.331258599999999737e+00
2.350363999999999898e+00
3.937673999999999896e+00
6.267866000000000604e+00
9.495704999999999174e+00
1.372398899999999955e+01
1.898095000000000354e+01
2.521897000000000233e+01
3.233811000000000035e+01
4.022250999999999266e+01
4.876469000000000875e+01
5.785072999999999865e+01
6.729724000000000217e+01
7.676272000000000162e+01
8.568782999999999106e+01
9.332774000000000569e+01
9.891091000000000122e+01
1.019044499999999971e+02
1.023024000000000058e+02
1.008213000000000079e+02
9.890101999999998839e+01
9.847183000000002551e+01
1.015301200000000108e+02
1.096372300000000024e+02
1.234871799999999809e+02
1.426691199999999924e+02
1.656923000000000172e+02
1.902604000000000042e+02
2.137108000000000061e+02
2.334977999999999838e+02
2.476023999999999603e+02
2.548011000000000195e+02
2.547730999999999995e+02
2.480893000000000086e+02
2.361149000000000058e+02
2.208509000000000242e+02
2.047019999999999982e+02
1.901544000000000096e+02
1.793738000000000170e+02
1.737820999999999856e+02
1.737291999999999916e+02
1.783680999999999983e+02
1.858105000000000189e+02
1.935552000000000135e+02
1.990894000000000119e+02
2.005158000000000129e+02
1.970362999999999829e+02
1.891809000000000083e+02
1.787187000000000126e+02
1.682853000000000065e+02
1.608137999999999579e+02
1.588986999999999910e+02
1.642428000000000168e+02
1.773037000000000205e+02
1.972256999999999891e+02
2.220661999999999807e+02
2.492533999999999708e+02
2.761480000000000246e+02
3.005670000000000073e+02
3.211317000000000235e+02
3.373800999999999704e+02
3.496414000000000328e+02
3.587467000000000326e+02
3.656808999999999514e+02
3.712708999999999833e+02
3.759914999999999736e+02
3.799062000000000126e+02
3.827390000000000327e+02
3.840262999999999920e+02
3.832994000000000483e+02
3.802411000000000172e+02
3.747902999999999452e+02
3.671779999999999973e+02
3.579082000000000789e+02
3.476980999999999540e+02
3.373948000000000320e+02
3.278833999999999378e+02
3.199861999999999398e+02
3.143655000000000541e+02
3.114335999999999558e+02
3.113004999999999995e+02
3.137644999999999982e+02
3.183597000000000321e+02
3.244544999999999959e+02
3.313817000000000235e+02
3.385672999999999888e+02
3.456316000000000486e+02
3.524349000000000274e+02
3.590489999999999782e+02
3.656616000000000213e+02
3.724266999999999825e+02
3.793093999999999824e+02
3.859751999999999725e+02
3.917622999999999820e+02
3.957629000000000588e+02
3.969887999999999693e+02
3.945733999999999924e+02
3.879518999999999096e+02
3.769658999999999764e+02
3.618718000000000075e+02
3.432662000000000830e+02
3.219562000000000239e+02
2.988232000000000426e+02
2.747158000000000015e+02
2.503925000000000125e+02
2.265238999999999692e+02
2.037296000000000333e+02
1.826259000000000015e+02
1.638468000000000018e+02
1.480210299999999961e+02
1.357105899999999963e+02
1.273382399999999848e+02
1.231467200000000162e+02
1.232158999999999764e+02
1.275337200000000024e+02
1.360800399999999968e+02
1.488648599999999931e+02
1.658767000000000280e+02
1.869463999999999828e+02
2.115871000000000208e+02
2.389098000000000184e+02
2.676800000000000068e+02
2.965349000000000501e+02
3.242587999999999511e+02
3.499841000000000122e+02
3.731904000000000110e+02
3.934697000000000457e+02
4.101684999999999377e+02
4.220949000000001092e+02
4.274849999999999568e+02
4.243084000000000628e+02
4.108469999999999800e+02
3.863274999999999864e+02
3.513724999999999454e+02
3.080821000000000254e+02
2.597136000000000422e+02
2.100622000000000185e+02
1.627516999999999712e+02
1.206387899999999860e+02
8.547203000000000372e+01
5.784725999999999857e+01
3.740344000000000335e+01
2.315187000000000239e+01
1.382576099999999997e+01
8.165655000000000996e+00
5.101566000000000045e+00
3.831308000000000824e+00
3.819308000000000369e+00
4.748065000000000424e+00
6.450861999999998986e+00
8.845696000000000225e+00
1.188176599999999894e+01
1.550330600000000203e+01
1.963144999999999740e+01
2.416134999999999877e+01
2.897019999999999840e+01
3.392913999999999675e+01
3.891236999999999568e+01
4.379735999999999763e+01
4.845508999999999844e+01
5.273199999999999932e+01
5.643281999999999243e+01
5.931327000000000282e+01
6.109338000000000335e+01
6.149488999999999805e+01
6.029845000000000255e+01
5.740723999999999450e+01
5.289717000000000269e+01
4.703522999999999854e+01
4.025515000000000754e+01
3.309389000000000181e+01
2.610513000000000261e+01
1.977451999999999899e+01
1.445938700000000132e+01
1.036471300000000006e+01
7.554225999999999885e+00
5.982497000000000398e+00
5.530466999999999800e+00
6.029825000000000657e+00
7.271684999999999732e+00
9.005376000000000047e+00
1.094003599999999921e+01
1.276097200000000065e+01
1.416548500000000033e+01
1.491174300000000130e+01
1.486539499999999769e+01
1.402630800000000200e+01
1.252389499999999956e+01
1.058106999999999864e+01
8.458639999999999048e+00
6.398042000000000229e+00
4.578967000000000453e+00
3.100708000000000020e+00
1.986675999999999664e+00
1.204389199999999827e+00
6.908433000000000490e-01
3.749431999999999765e-01
1.925419000000000436e-01
9.355323000000001499e-02
4.300966000000000511e-02
1.870886600000000108e-02
7.700219000000001202e-03
2.998699999999999543e-03
1.104937400000000200e-03
3.852270000000000303e-04
1.270782300000000079e-04
3.966433999999999504e-05
1.171398699999999942e-05
3.273288000000000160e-06
8.654449000000000392e-07
2.165060800000000188e-07
5.124794000000000408e-08
1.147780000000000104e-08
2.432298699999999965e-09
4.876979000000000349e-10
9.252545000000001264e-11
1.660918400000000525e-11
2.821051600000000096e-12
4.533676999999998999e-13
6.893924999999999072e-14
9.918801999999998230e-15
1.350293999999999967e-15
1.739300200000000192e-16
2.119813600000000216e-17
2.444540100000000504e-18
2.667314299999999464e-19
2.753771300000000072e-20
2.690038999999999767e-21
2.486373099999999464e-22
2.174459599999999756e-23
1.799340899999999945e-24
1.408810400000000163e-25
1.043683199999999818e-26
7.315792000000000694e-28
4.852123000000000437e-29
