# Gaussian folded, width=10 cm^-1
# [cm^-1] arbitrary
0.000      3.00000e+00
1.000      2.91796e+00
2.000      2.68508e+00
3.000      2.33749e+00
4.000      1.92514e+00
5.000      1.50000e+00
6.000      1.10570e+00
7.000      7.71085e-01
8.000      5.08727e-01
9.000      3.17529e-01
10.000      1.87500e-01
11.000      1.04746e-01
12.000      5.53590e-02
13.000      2.76795e-02
14.000      1.30933e-02
15.000      5.85984e-03
16.000      2.48237e-03
17.000      9.99301e-04
18.000      3.94958e-04
19.000      1.91647e-04
20.000      2.10820e-04
21.000      4.70460e-04
22.000      1.19816e-03
23.000      2.96693e-03
24.000      6.99064e-03
25.000      1.56353e-02
26.000      3.31913e-02
27.000      6.68866e-02
28.000      1.27977e-01
29.000      2.32532e-01
30.000      4.01304e-01
31.000      6.57930e-01
32.000      1.02488e+00
33.000      1.51713e+00
34.000      2.13446e+00
35.000      2.85446e+00
36.000      3.62888e+00
37.000      4.38601e+00
38.000      5.04013e+00
39.000      5.50683e+00
40.000      5.72076e+00
41.000      5.65055e+00
42.000      5.30634e+00
43.000      4.73739e+00
44.000      4.02058e+00
45.000      3.24340e+00
46.000      2.48674e+00
47.000      1.81197e+00
48.000      1.25489e+00
49.000      8.26704e-01
50.000      5.19861e-01
51.000      3.16209e-01
52.000      1.94837e-01
53.000      1.38135e-01
54.000      1.35541e-01
55.000      1.85095e-01
56.000      2.93134e-01
57.000      4.72327e-01
58.000      7.38150e-01
59.000      1.10394e+00
60.000      1.57510e+00
61.000      2.14359e+00
62.000      2.78416e+00
63.000      3.45393e+00
64.000      4.09615e+00
65.000      4.64784e+00
66.000      5.04989e+00
67.000      5.25733e+00
68.000      5.24728e+00
69.000      5.02274e+00
70.000      4.61169e+00
71.000      4.06170e+00
72.000      3.43170e+00
73.000      2.78283e+00
74.000      2.17037e+00
75.000      1.63824e+00
76.000      1.21681e+00
77.000      9.23903e-01
78.000      7.67665e-01
79.000      7.49938e-01
80.000      8.68535e-01
81.000      1.11757e+00
82.000      1.48587e+00
83.000      1.95441e+00
84.000      2.49434e+00
85.000      3.06697e+00
86.000      3.62675e+00
87.000      4.12695e+00
88.000      4.52712e+00
89.000      4.80046e+00
90.000      4.93949e+00
91.000      4.95847e+00
92.000      4.89187e+00
93.000      4.78926e+00
94.000      4.70707e+00
95.000      4.69911e+00
96.000      4.80716e+00
97.000      5.05401e+00
98.000      5.44031e+00
99.000      5.94604e+00
100.000      6.53635e+00
101.000      7.16969e+00
102.000      7.80619e+00
103.000      8.41358e+00
104.000      8.96969e+00
105.000      9.46179e+00
106.000      9.88405e+00
107.000      1.02349e+01
108.000      1.05152e+01
109.000      1.07277e+01
110.000      1.08765e+01
111.000      1.09659e+01
112.000      1.09987e+01
113.000      1.09736e+01
114.000      1.08845e+01
115.000      1.07211e+01
116.000      1.04721e+01
117.000      1.01304e+01
118.000      9.69786e+00
119.000      9.18804e+00
120.000      8.62664e+00
121.000      8.04887e+00
122.000      7.49517e+00
123.000      7.00662e+00
124.000      6.62053e+00
125.000      6.36678e+00
126.000      6.26478e+00
127.000      6.32134e+00
128.000      6.53010e+00
129.000      6.87294e+00
130.000      7.32351e+00
131.000      7.85196e+00
132.000      8.42952e+00
133.000      9.03143e+00
134.000      9.63749e+00
135.000      1.02307e+01
136.000      1.07952e+01
137.000      1.13143e+01
138.000      1.17708e+01
139.000      1.21479e+01
140.000      1.24320e+01
141.000      1.26146e+01
142.000      1.26950e+01
143.000      1.26808e+01
144.000      1.25879e+01
145.000      1.24386e+01
146.000      1.22588e+01
147.000      1.20739e+01
148.000      1.19042e+01
149.000      1.17618e+01
150.000      1.16480e+01
151.000      1.15542e+01
152.000      1.14634e+01
153.000      1.13541e+01
154.000      1.12058e+01
155.000      1.10030e+01
156.000      1.07395e+01
157.000      1.04194e+01
158.000      1.00560e+01
159.000      9.66817e+00
160.000      9.27612e+00
161.000      8.89675e+00
162.000      8.54121e+00
163.000      8.21416e+00
164.000      7.91500e+00
165.000      7.64016e+00
166.000      7.38569e+00
167.000      7.14966e+00
168.000      6.93387e+00
169.000      6.74465e+00
170.000      6.59255e+00
171.000      6.49084e+00
172.000      6.45269e+00
173.000      6.48774e+00
174.000      6.59879e+00
175.000      6.77970e+00
176.000      7.01549e+00
177.000      7.28475e+00
178.000      7.56379e+00
179.000      7.83130e+00
180.000      8.07217e+00
181.000      8.27932e+00
182.000      8.45333e+00
183.000      8.60036e+00
184.000      8.72891e+00
185.000      8.84644e+00
186.000      8.95659e+00
187.000      9.05726e+00
188.000      9.14029e+00
189.000      9.19266e+00
190.000      9.19926e+00
191.000      9.14690e+00
192.000      9.02852e+00
193.000      8.84639e+00
194.000      8.61316e+00
195.000      8.34990e+00
196.000      8.08158e+00
197.000      7.83140e+00
198.000      7.61622e+00
199.000      7.44461e+00
200.000      7.31792e+00
201.000      7.23325e+00
202.000      7.18613e+00
203.000      7.17155e+00
204.000      7.18304e+00
205.000      7.21111e+00
206.000      7.24255e+00
207.000      7.26181e+00
208.000      7.25412e+00
209.000      7.20933e+00
210.000      7.12509e+00
211.000      7.00863e+00
212.000      6.87670e+00
213.000      6.75396e+00
214.000      6.66974e+00
215.000      6.65360e+00
216.000      6.72978e+00
217.000      6.91207e+00
218.000      7.20010e+00
219.000      7.57860e+00
220.000      8.02003e+00
221.000      8.48991e+00
222.000      8.95335e+00
223.000      9.38090e+00
224.000      9.75227e+00
225.000      1.00573e+01
226.000      1.02944e+01
227.000      1.04669e+01
228.000      1.05791e+01
229.000      1.06326e+01
230.000      1.06238e+01
231.000      1.05439e+01
232.000      1.03815e+01
233.000      1.01271e+01
234.000      9.77791e+00
235.000      9.34258e+00
236.000      8.84292e+00
237.000      8.31269e+00
238.000      7.79320e+00
239.000      7.32690e+00
240.000      6.95030e+00
241.000      6.68766e+00
242.000      6.54675e+00
243.000      6.51746e+00
244.000      6.57404e+00
245.000      6.68080e+00
246.000      6.80059e+00
247.000      6.90366e+00
248.000      6.97447e+00
249.000      7.01360e+00
250.000      7.03387e+00
251.000      7.05203e+00
252.000      7.07918e+00
253.000      7.11391e+00
254.000      7.14077e+00
255.000      7.13471e+00
256.000      7.06943e+00
257.000      6.92646e+00
258.000      6.70195e+00
259.000      6.40910e+00
260.000      6.07599e+00
261.000      5.73946e+00
262.000      5.43694e+00
263.000      5.19797e+00
264.000      5.03753e+00
265.000      4.95257e+00
266.000      4.92253e+00
267.000      4.91377e+00
268.000      4.88654e+00
269.000      4.80291e+00
270.000      4.63383e+00
271.000      4.36414e+00
272.000      3.99470e+00
273.000      3.54184e+00
274.000      3.03441e+00
275.000      2.50913e+00
276.000      2.00536e+00
277.000      1.56026e+00
278.000      1.20536e+00
279.000      9.65062e-01
280.000      8.56759e-01
281.000      8.91807e-01
282.000      1.07612e+00
283.000      1.40963e+00
284.000      1.88460e+00
285.000      2.48356e+00
286.000      3.17842e+00
287.000      3.93189e+00
288.000      4.70187e+00
289.000      5.44813e+00
290.000      6.13943e+00
291.000      6.75865e+00
292.000      7.30395e+00
293.000      7.78503e+00
294.000      8.21567e+00
295.000      8.60556e+00
296.000      8.95466e+00
297.000      9.25283e+00
298.000      9.48495e+00
299.000      9.63892e+00
300.000      9.71301e+00
301.000      9.71876e+00
302.000      9.67824e+00
303.000      9.61719e+00
304.000      9.55738e+00
305.000      9.51150e+00
306.000      9.48263e+00
307.000      9.46773e+00
308.000      9.46305e+00
309.000      9.46888e+00
310.000      9.49195e+00
311.000      9.54489e+00
312.000      9.64348e+00
313.000      9.80303e+00
314.000      1.00350e+01
315.000      1.03448e+01
316.000      1.07309e+01
317.000      1.11853e+01
318.000      1.16946e+01
319.000      1.22419e+01
320.000      1.28076e+01
321.000      1.33717e+01
322.000      1.39147e+01
323.000      1.44204e+01
324.000      1.48786e+01
325.000      1.52886e+01
326.000      1.56604e+01
327.000      1.60148e+01
328.000      1.63788e+01
329.000      1.67776e+01
330.000      1.72265e+01
331.000      1.77238e+01
332.000      1.82490e+01
333.000      1.87665e+01
334.000      1.92360e+01
335.000      1.96235e+01
336.000      1.99118e+01
337.000      2.01056e+01
338.000      2.02305e+01
339.000      2.03271e+01
340.000      2.04415e+01
341.000      2.06163e+01
342.000      2.08820e+01
343.000      2.12518e+01
344.000      2.17198e+01
345.000      2.22630e+01
346.000      2.28467e+01
347.000      2.34328e+01
348.000      2.39884e+01
349.000      2.44917e+01
350.000      2.49331e+01
351.000      2.53113e+01
352.000      2.56262e+01
353.000      2.58700e+01
354.000      2.60227e+01
355.000      2.60508e+01
356.000      2.59126e+01
357.000      2.55661e+01
358.000      2.49788e+01
359.000      2.41367e+01
360.000      2.30493e+01
361.000      2.17516e+01
362.000      2.03003e+01
363.000      1.87668e+01
364.000      1.72266e+01
365.000      1.57481e+01
366.000      1.43827e+01
367.000      1.31585e+01
368.000      1.20811e+01
369.000      1.11378e+01
370.000      1.03072e+01
371.000      9.56910e+00
372.000      8.91229e+00
373.000      8.33872e+00
374.000      7.86357e+00
375.000      7.51227e+00
376.000      7.31594e+00
377.000      7.30656e+00
378.000      7.51250e+00
379.000      7.95451e+00
380.000      8.64232e+00
381.000      9.57168e+00
382.000      1.07221e+01
383.000      1.20555e+01
384.000      1.35160e+01
385.000      1.50305e+01
386.000      1.65112e+01
387.000      1.78585e+01
388.000      1.89668e+01
389.000      1.97316e+01
390.000      2.00595e+01
391.000      1.98815e+01
392.000      1.91651e+01
393.000      1.79264e+01
394.000      1.62342e+01
395.000      1.42063e+01
396.000      1.19954e+01
397.000      9.76808e+00
398.000      7.68093e+00
399.000      5.85959e+00
400.000      4.38530e+00
401.000      3.29036e+00
402.000      2.56194e+00
403.000      2.15168e+00
404.000      1.98824e+00
405.000      1.99085e+00
406.000      2.08215e+00
407.000      2.19935e+00
408.000      2.30227e+00
409.000      2.37645e+00
410.000      2.43055e+00
411.000      2.48799e+00
412.000      2.57501e+00
413.000      2.70867e+00
414.000      2.88850e+00
415.000      3.09454e+00
416.000      3.29205e+00
417.000      3.44098e+00
418.000      3.50662e+00
419.000      3.46792e+00
420.000      3.32124e+00
421.000      3.07924e+00
422.000      2.76642e+00
423.000      2.41345e+00
424.000      2.05214e+00
425.000      1.71181e+00
426.000      1.41689e+00
427.000      1.18520e+00
428.000      1.02642e+00
429.000      9.40793e-01
430.000      9.18707e-01
431.000      9.41750e-01
432.000      9.85676e-01
433.000      1.02489e+00
434.000      1.03754e+00
435.000      1.00971e+00
436.000      9.37756e-01
437.000      8.27803e-01
438.000      6.93049e-01
439.000      5.49663e-01
440.000      4.12718e-01
441.000      2.93287e-01
442.000      1.97214e-01
443.000      1.25472e-01
444.000      7.55264e-02
445.000      4.30112e-02
446.000      2.31734e-02
447.000      1.18119e-02
448.000      5.69597e-03
449.000      2.59858e-03
450.000      1.12156e-03
451.000      4.57958e-04
452.000      1.76908e-04
453.000      6.46526e-05
454.000      2.23534e-05
455.000      7.31169e-06
456.000      2.26261e-06
457.000      6.62399e-07
458.000      1.83462e-07
459.000      4.80720e-08
460.000      1.19167e-08
461.000      2.79470e-09
462.000      6.20058e-10
463.000      1.30151e-10
464.000      2.58453e-11
465.000      4.85547e-12
466.000      8.62978e-13
467.000      1.45106e-13
468.000      2.30828e-14
469.000      3.47384e-15
470.000      4.94593e-16
471.000      6.66200e-17
472.000      8.48943e-18
473.000      1.02346e-18
474.000      1.16729e-19
475.000      1.25952e-20
476.000      1.28573e-21
477.000      1.24168e-22
478.000      1.13446e-23
479.000      9.80590e-25
480.000      8.01867e-26
481.000      6.20347e-27
482.000      4.54030e-28
483.000      3.14378e-29
484.000      2.05938e-30
485.000      1.27626e-31
486.000      7.48272e-33
487.000      4.15047e-34
488.000      2.17797e-35
489.000      1.08125e-36
490.000      5.07827e-38
491.000      2.25644e-39
492.000      9.48528e-41
493.000      3.77219e-42
494.000      1.41924e-43
495.000      5.05165e-45
496.000      1.70110e-46
497.000      5.41930e-48
498.000      1.63333e-49
499.000      4.65718e-51
500.000      1.25629e-52
