# Gaussian folded, width=10 cm^-1
# [cm^-1] arbitrary
0.000      3.00000e+00
1.000      2.91796e+00
2.000      2.68508e+00
3.000      2.33749e+00
4.000      1.92514e+00
5.000      1.50000e+00
6.000      1.10570e+00
7.000      7.71085e-01
8.000      5.08727e-01
9.000      3.17529e-01
10.000      1.87500e-01
11.000      1.04746e-01
12.000      5.53590e-02
13.000      2.76795e-02
14.000      1.30932e-02
15.000      5.85938e-03
16.000      2.48073e-03
17.000      9.93742e-04
18.000      3.77019e-04
19.000      1.36806e-04
20.000      5.19908e-05
21.000      3.46704e-05
22.000      6.53867e-05
23.000      1.77462e-04
24.000      4.83575e-04
25.000      1.25748e-03
26.000      3.10451e-03
27.000      7.27441e-03
28.000      1.61797e-02
29.000      3.41663e-02
30.000      6.85110e-02
31.000      1.30480e-01
32.000      2.36066e-01
33.000      4.05802e-01
34.000      6.62925e-01
35.000      1.02935e+00
36.000      1.51945e+00
37.000      2.13255e+00
38.000      2.84620e+00
39.000      3.61278e+00
40.000      4.36185e+00
41.000      5.00945e+00
42.000      5.47300e+00
43.000      5.68841e+00
44.000      5.62454e+00
45.000      5.29059e+00
46.000      4.73390e+00
47.000      4.02899e+00
48.000      3.26130e+00
49.000      2.51040e+00
50.000      1.83733e+00
51.000      1.27835e+00
52.000      8.45385e-01
53.000      5.31323e-01
54.000      3.17445e-01
55.000      1.80644e-01
56.000      9.88638e-02
57.000      5.43311e-02
58.000      3.49351e-02
59.000      3.44837e-02
60.000      5.25263e-02
61.000      9.41553e-02
62.000      1.69800e-01
63.000      2.94676e-01
64.000      4.87334e-01
65.000      7.66818e-01
66.000      1.14829e+00
67.000      1.63758e+00
68.000      2.22591e+00
69.000      2.88630e+00
70.000      3.57338e+00
71.000      4.22742e+00
72.000      4.78241e+00
73.000      5.17661e+00
74.000      5.36351e+00
75.000      5.32043e+00
76.000      5.05280e+00
77.000      4.59324e+00
78.000      3.99553e+00
79.000      3.32502e+00
80.000      2.64792e+00
81.000      2.02185e+00
82.000      1.48977e+00
83.000      1.07809e+00
84.000      7.98584e-01
85.000      6.52560e-01
86.000      6.35209e-01
87.000      7.38585e-01
88.000      9.52326e-01
89.000      1.26245e+00
90.000      1.64947e+00
91.000      2.08730e+00
92.000      2.54430e+00
93.000      2.98664e+00
94.000      3.38318e+00
95.000      3.71023e+00
96.000      3.95457e+00
97.000      4.11358e+00
98.000      4.19294e+00
99.000      4.20342e+00
100.000      4.15847e+00
101.000      4.07416e+00
102.000      3.97101e+00
103.000      3.87634e+00
104.000      3.82458e+00
105.000      3.85388e+00
106.000      3.99880e+00
107.000      4.28095e+00
108.000      4.70122e+00
109.000      5.23658e+00
110.000      5.84367e+00
111.000      6.46822e+00
112.000      7.05750e+00
113.000      7.57155e+00
114.000      7.98975e+00
115.000      8.31106e+00
116.000      8.54865e+00
117.000      8.72151e+00
118.000      8.84644e+00
119.000      8.93317e+00
120.000      8.98416e+00
121.000      8.99847e+00
122.000      8.97788e+00
123.000      8.93174e+00
124.000      8.87803e+00
125.000      8.83919e+00
126.000      8.83394e+00
127.000      8.86844e+00
128.000      8.93104e+00
129.000      8.99333e+00
130.000      9.01792e+00
131.000      8.97026e+00
132.000      8.83001e+00
133.000      8.59792e+00
134.000      8.29600e+00
135.000      7.96114e+00
136.000      7.63484e+00
137.000      7.35215e+00
138.000      7.13334e+00
139.000      6.98014e+00
140.000      6.87760e+00
141.000      6.80089e+00
142.000      6.72503e+00
143.000      6.63487e+00
144.000      6.53192e+00
145.000      6.43584e+00
146.000      6.37950e+00
147.000      6.39907e+00
148.000      6.52238e+00
149.000      6.75946e+00
150.000      7.09859e+00
151.000      7.50923e+00
152.000      7.95068e+00
153.000      8.38363e+00
154.000      8.78070e+00
155.000      9.13304e+00
156.000      9.45118e+00
157.000      9.76020e+00
158.000      1.00911e+01
159.000      1.04704e+01
160.000      1.09117e+01
161.000      1.14102e+01
162.000      1.19425e+01
163.000      1.24704e+01
164.000      1.29481e+01
165.000      1.33305e+01
166.000      1.35805e+01
167.000      1.36739e+01
168.000      1.36011e+01
169.000      1.33675e+01
170.000      1.29908e+01
171.000      1.24987e+01
172.000      1.19251e+01
173.000      1.13058e+01
174.000      1.06736e+01
175.000      1.00530e+01
176.000      9.45621e+00
177.000      8.88217e+00
178.000      8.31927e+00
179.000      7.75162e+00
180.000      7.16710e+00
181.000      6.56380e+00
182.000      5.95250e+00
183.000      5.35407e+00
184.000      4.79340e+00
185.000      4.29287e+00
186.000      3.86861e+00
187.000      3.53097e+00
188.000      3.28842e+00
189.000      3.15203e+00
190.000      3.13725e+00
191.000      3.26138e+00
192.000      3.53705e+00
193.000      3.96422e+00
194.000      4.52430e+00
195.000      5.17880e+00
196.000      5.87375e+00
197.000      6.54861e+00
198.000      7.14706e+00
199.000      7.62686e+00
200.000      7.96607e+00
201.000      8.16474e+00
202.000      8.24189e+00
203.000      8.22902e+00
204.000      8.16178e+00
205.000      8.07134e+00
206.000      7.97743e+00
207.000      7.88435e+00
208.000      7.78127e+00
209.000      7.64684e+00
210.000      7.45742e+00
211.000      7.19655e+00
212.000      6.86271e+00
213.000      6.47253e+00
214.000      6.05783e+00
215.000      5.65744e+00
216.000      5.30636e+00
217.000      5.02622e+00
218.000      4.82014e+00
219.000      4.67336e+00
220.000      4.55868e+00
221.000      4.44407e+00
222.000      4.29986e+00
223.000      4.10373e+00
224.000      3.84318e+00
225.000      3.51607e+00
226.000      3.13008e+00
227.000      2.70133e+00
228.000      2.25222e+00
229.000      1.80820e+00
230.000      1.39379e+00
231.000      1.02881e+00
232.000      7.25584e-01
233.000      4.88034e-01
234.000      3.12579e-01
235.000      1.90408e-01
236.000      1.10205e-01
237.000      6.05588e-02
238.000      3.15754e-02
239.000      1.56138e-02
240.000      7.31980e-03
241.000      3.25230e-03
242.000      1.36925e-03
243.000      5.46125e-04
244.000      2.06328e-04
245.000      7.38288e-05
246.000      2.50180e-05
247.000      8.02789e-06
248.000      2.43937e-06
249.000      7.02803e-07
250.000      1.96212e-07
251.000      7.11202e-08
252.000      1.00446e-07
253.000      3.41358e-07
254.000      1.22722e-06
255.000      4.20437e-06
256.000      1.36335e-05
257.000      4.18281e-05
258.000      1.21419e-04
259.000      3.33483e-04
260.000      8.66669e-04
261.000      2.13136e-03
262.000      4.96053e-03
263.000      1.09278e-02
264.000      2.27910e-02
265.000      4.50144e-02
266.000      8.42340e-02
267.000      1.49431e-01
268.000      2.51531e-01
269.000      4.02231e-01
270.000      6.12111e-01
271.000      8.88500e-01
272.000      1.23388e+00
273.000      1.64567e+00
274.000      2.11761e+00
275.000      2.64213e+00
276.000      3.21203e+00
277.000      3.81964e+00
278.000      4.45282e+00
279.000      5.08909e+00
280.000      5.69150e+00
281.000      6.21040e+00
282.000      6.59363e+00
283.000      6.80403e+00
284.000      6.83884e+00
285.000      6.74329e+00
286.000      6.61142e+00
287.000      6.57129e+00
288.000      6.75706e+00
289.000      7.27561e+00
290.000      8.17723e+00
291.000      9.43910e+00
292.000      1.09661e+01
293.000      1.26083e+01
294.000      1.41896e+01
295.000      1.55394e+01
296.000      1.65199e+01
297.000      1.70441e+01
298.000      1.70842e+01
299.000      1.66716e+01
300.000      1.58923e+01
301.000      1.48779e+01
302.000      1.37901e+01
303.000      1.27989e+01
304.000      1.20535e+01
305.000      1.16523e+01
306.000      1.16192e+01
307.000      1.18955e+01
308.000      1.23521e+01
309.000      1.28206e+01
310.000      1.31361e+01
311.000      1.31787e+01
312.000      1.29046e+01
313.000      1.23576e+01
314.000      1.16606e+01
315.000      1.09883e+01
316.000      1.05311e+01
317.000      1.04543e+01
318.000      1.08646e+01
319.000      1.17882e+01
320.000      1.31658e+01
321.000      1.48666e+01
322.000      1.67180e+01
323.000      1.85423e+01
324.000      2.01933e+01
325.000      2.15803e+01
326.000      2.26758e+01
327.000      2.35058e+01
328.000      2.41279e+01
329.000      2.46061e+01
330.000      2.49894e+01
331.000      2.53010e+01
332.000      2.55373e+01
333.000      2.56760e+01
334.000      2.56874e+01
335.000      2.55465e+01
336.000      2.52410e+01
337.000      2.47769e+01
338.000      2.41789e+01
339.000      2.34893e+01
340.000      2.27644e+01
341.000      2.20688e+01
342.000      2.14682e+01
343.000      2.10214e+01
344.000      2.07707e+01
345.000      2.07348e+01
346.000      2.09051e+01
347.000      2.12487e+01
348.000      2.17154e+01
349.000      2.22492e+01
350.000      2.27996e+01
351.000      2.33302e+01
352.000      2.38221e+01
353.000      2.42726e+01
354.000      2.46895e+01
355.000      2.50828e+01
356.000      2.54560e+01
357.000      2.57990e+01
358.000      2.60851e+01
359.000      2.62732e+01
360.000      2.63142e+01
361.000      2.61618e+01
362.000      2.57819e+01
363.000      2.51607e+01
364.000      2.43069e+01
365.000      2.32493e+01
366.000      2.20308e+01
367.000      2.06999e+01
368.000      1.93027e+01
369.000      1.78769e+01
370.000      1.64495e+01
371.000      1.50382e+01
372.000      1.36575e+01
373.000      1.23261e+01
374.000      1.10732e+01
375.000      9.94097e+00
376.000      8.98111e+00
377.000      8.24681e+00
378.000      7.78390e+00
379.000      7.62513e+00
380.000      7.78992e+00
381.000      8.28875e+00
382.000      9.12786e+00
383.000      1.03091e+01
384.000      1.18229e+01
385.000      1.36354e+01
386.000      1.56793e+01
387.000      1.78530e+01
388.000      2.00338e+01
389.000      2.21017e+01
390.000      2.39621e+01
391.000      2.55571e+01
392.000      2.68587e+01
393.000      2.78463e+01
394.000      2.84807e+01
395.000      2.86896e+01
396.000      2.83739e+01
397.000      2.74367e+01
398.000      2.58223e+01
399.000      2.35511e+01
400.000      2.07345e+01
401.000      1.75640e+01
402.000      1.42772e+01
403.000      1.11129e+01
404.000      8.26879e+00
405.000      5.87350e+00
406.000      3.97870e+00
407.000      2.56860e+00
408.000      1.58079e+00
409.000      9.30241e-01
410.000      5.30037e-01
411.000      3.05188e-01
412.000      1.99158e-01
413.000      1.74523e-01
414.000      2.09979e-01
415.000      2.95755e-01
416.000      4.28894e-01
417.000      6.09316e-01
418.000      8.37111e-01
419.000      1.11116e+00
420.000      1.42879e+00
421.000      1.78584e+00
422.000      2.17645e+00
423.000      2.59207e+00
424.000      3.01969e+00
425.000      3.44031e+00
426.000      3.82840e+00
427.000      4.15358e+00
428.000      4.38443e+00
429.000      4.49374e+00
430.000      4.46385e+00
431.000      4.29059e+00
432.000      3.98474e+00
433.000      3.57084e+00
434.000      3.08364e+00
435.000      2.56300e+00
436.000      2.04837e+00
437.000      1.57387e+00
438.000      1.16491e+00
439.000      8.36873e-01
440.000      5.95724e-01
441.000      4.40033e-01
442.000      3.63402e-01
443.000      3.56386e-01
444.000      4.07370e-01
445.000      5.02455e-01
446.000      6.24989e-01
447.000      7.55640e-01
448.000      8.73701e-01
449.000      9.59750e-01
450.000      9.99033e-01
451.000      9.84452e-01
452.000      9.17979e-01
453.000      8.09898e-01
454.000      6.76023e-01
455.000      5.33847e-01
456.000      3.98834e-01
457.000      2.81894e-01
458.000      1.88494e-01
459.000      1.19241e-01
460.000      7.13632e-02
461.000      4.04053e-02
462.000      2.16432e-02
463.000      1.09678e-02
464.000      5.25822e-03
465.000      2.38492e-03
466.000      1.02336e-03
467.000      4.15429e-04
468.000      1.59546e-04
469.000      5.79683e-05
470.000      1.99257e-05
471.000      6.47970e-06
472.000      1.99349e-06
473.000      5.80215e-07
474.000      1.59765e-07
475.000      4.16192e-08
476.000      1.02571e-08
477.000      2.39149e-09
478.000      5.27513e-10
479.000      1.10082e-10
480.000      2.17327e-11
481.000      4.05911e-12
482.000      7.17241e-13
483.000      1.19899e-13
484.000      1.89621e-14
485.000      2.83709e-15
486.000      4.01586e-16
487.000      5.37775e-17
488.000      6.81304e-18
489.000      8.16579e-19
490.000      9.25920e-20
491.000      9.93268e-21
492.000      1.00804e-21
493.000      9.67842e-23
494.000      8.79124e-24
495.000      7.55463e-25
496.000      6.14178e-26
497.000      4.72381e-27
498.000      3.43723e-28
499.000      2.36615e-29
500.000      1.54097e-30
