# Gaussian folded, width=10 cm^-1
# [cm^-1] arbitrary
0.000      3.00000e+00
1.000      2.91796e+00
2.000      2.68508e+00
3.000      2.33749e+00
4.000      1.92514e+00
5.000      1.50000e+00
6.000      1.10570e+00
7.000      7.71085e-01
8.000      5.08727e-01
9.000      3.17529e-01
10.000      1.87500e-01
11.000      1.04746e-01
12.000      5.53590e-02
13.000      2.76795e-02
14.000      1.30932e-02
15.000      5.85939e-03
16.000      2.48075e-03
17.000      9.93793e-04
18.000      3.77204e-04
19.000      1.37443e-04
20.000      5.40514e-05
21.000      4.09508e-05
22.000      8.34174e-05
23.000      2.26192e-04
24.000      6.07462e-04
25.000      1.55347e-03
26.000      3.76834e-03
27.000      8.66985e-03
28.000      1.89240e-02
29.000      3.92021e-02
30.000      7.71043e-02
31.000      1.44048e-01
32.000      2.55738e-01
33.000      4.31674e-01
34.000      6.93111e-01
35.000      1.05914e+00
36.000      1.54106e+00
37.000      2.13599e+00
38.000      2.82143e+00
39.000      3.55287e+00
40.000      4.26623e+00
41.000      4.88583e+00
42.000      5.33693e+00
43.000      5.56019e+00
44.000      5.52428e+00
45.000      5.23301e+00
46.000      4.72481e+00
47.000      4.06459e+00
48.000      3.33018e+00
49.000      2.59745e+00
50.000      1.92777e+00
51.000      1.36083e+00
52.000      9.13297e-01
53.000      5.82614e-01
54.000      3.53411e-01
55.000      2.04468e-01
56.000      1.14420e-01
57.000      6.54977e-02
58.000      4.53993e-02
59.000      4.78447e-02
60.000      7.24260e-02
61.000      1.24160e-01
62.000      2.12818e-01
63.000      3.51850e-01
64.000      5.56590e-01
65.000      8.41551e-01
66.000      1.21688e+00
67.000      1.68441e+00
68.000      2.23414e+00
69.000      2.84203e+00
70.000      3.47003e+00
71.000      4.06889e+00
72.000      4.58369e+00
73.000      4.96142e+00
74.000      5.15948e+00
75.000      5.15327e+00
76.000      4.94117e+00
77.000      4.54552e+00
78.000      4.00922e+00
79.000      3.38839e+00
80.000      2.74316e+00
81.000      2.12852e+00
82.000      1.58771e+00
83.000      1.14921e+00
84.000      8.27480e-01
85.000      6.26480e-01
86.000      5.44210e-01
87.000      5.76593e-01
88.000      7.19510e-01
89.000      9.68593e-01
90.000      1.31722e+00
91.000      1.75371e+00
92.000      2.25890e+00
93.000      2.80504e+00
94.000      3.35672e+00
95.000      3.87366e+00
96.000      4.31517e+00
97.000      4.64565e+00
98.000      4.84005e+00
99.000      4.88855e+00
100.000      4.79915e+00
101.000      4.59775e+00
102.000      4.32525e+00
103.000      4.03233e+00
104.000      3.77292e+00
105.000      3.59746e+00
106.000      3.54701e+00
107.000      3.64864e+00
108.000      3.91225e+00
109.000      4.32911e+00
110.000      4.87242e+00
111.000      5.50059e+00
112.000      6.16348e+00
113.000      6.81107e+00
114.000      7.40292e+00
115.000      7.91589e+00
116.000      8.34759e+00
117.000      8.71401e+00
118.000      9.04169e+00
119.000      9.35657e+00
120.000      9.67322e+00
121.000      9.98807e+00
122.000      1.02791e+01
123.000      1.05123e+01
124.000      1.06523e+01
125.000      1.06737e+01
126.000      1.05684e+01
127.000      1.03466e+01
128.000      1.00317e+01
129.000      9.65202e+00
130.000      9.23243e+00
131.000      8.79040e+00
132.000      8.33728e+00
133.000      7.88357e+00
134.000      7.44490e+00
135.000      7.04491e+00
136.000      6.71287e+00
137.000      6.47632e+00
138.000      6.35179e+00
139.000      6.33773e+00
140.000      6.41308e+00
141.000      6.54244e+00
142.000      6.68572e+00
143.000      6.80853e+00
144.000      6.88920e+00
145.000      6.92061e+00
146.000      6.90746e+00
147.000      6.86174e+00
148.000      6.79954e+00
149.000      6.74067e+00
150.000      6.71041e+00
151.000      6.74074e+00
152.000      6.86821e+00
153.000      7.12735e+00
154.000      7.54103e+00
155.000      8.11108e+00
156.000      8.81329e+00
157.000      9.59938e+00
158.000      1.04059e+01
159.000      1.11672e+01
160.000      1.18288e+01
161.000      1.23566e+01
162.000      1.27403e+01
163.000      1.29908e+01
164.000      1.31334e+01
165.000      1.31984e+01
166.000      1.32129e+01
167.000      1.31948e+01
168.000      1.31498e+01
169.000      1.30719e+01
170.000      1.29467e+01
171.000      1.27560e+01
172.000      1.24818e+01
173.000      1.21108e+01
174.000      1.16357e+01
175.000      1.10571e+01
176.000      1.03833e+01
177.000      9.63022e+00
178.000      8.82052e+00
179.000      7.98170e+00
180.000      7.14435e+00
181.000      6.34004e+00
182.000      5.59952e+00
183.000      4.95100e+00
184.000      4.41821e+00
185.000      4.01804e+00
186.000      3.75774e+00
187.000      3.63291e+00
188.000      3.62716e+00
189.000      3.71465e+00
190.000      3.86542e+00
191.000      4.05200e+00
192.000      4.25542e+00
193.000      4.46804e+00
194.000      4.69238e+00
195.000      4.93635e+00
196.000      5.20686e+00
197.000      5.50453e+00
198.000      5.82129e+00
199.000      6.14160e+00
200.000      6.44652e+00
201.000      6.71869e+00
202.000      6.94663e+00
203.000      7.12661e+00
204.000      7.26212e+00
205.000      7.36095e+00
206.000      7.43119e+00
207.000      7.47735e+00
208.000      7.49767e+00
209.000      7.48352e+00
210.000      7.42132e+00
211.000      7.29672e+00
212.000      7.09997e+00
213.000      6.83105e+00
214.000      6.50239e+00
215.000      6.13788e+00
216.000      5.76802e+00
217.000      5.42253e+00
218.000      5.12291e+00
219.000      4.87756e+00
220.000      4.68070e+00
221.000      4.51507e+00
222.000      4.35680e+00
223.000      4.18086e+00
224.000      3.96568e+00
225.000      3.69660e+00
226.000      3.36809e+00
227.000      2.98485e+00
228.000      2.56136e+00
229.000      2.11972e+00
230.000      1.68579e+00
231.000      1.28445e+00
232.000      9.35189e-01
233.000      6.49283e-01
234.000      4.29116e-01
235.000      2.69605e-01
236.000      1.60852e-01
237.000      9.10553e-02
238.000      4.88743e-02
239.000      2.48619e-02
240.000      1.19812e-02
241.000      5.46824e-03
242.000      2.36308e-03
243.000      9.66755e-04
244.000      3.74374e-04
245.000      1.37214e-04
246.000      4.75955e-05
247.000      1.56236e-05
248.000      4.85337e-06
249.000      1.42787e-06
250.000      4.02979e-07
251.000      1.30866e-07
252.000      1.32270e-07
253.000      4.10026e-07
254.000      1.45371e-06
255.000      4.94110e-06
256.000      1.59025e-05
257.000      4.84258e-05
258.000      1.39523e-04
259.000      3.80350e-04
260.000      9.81102e-04
261.000      2.39480e-03
262.000      5.53215e-03
263.000      1.20963e-02
264.000      2.50404e-02
265.000      4.90898e-02
266.000      9.11796e-02
267.000      1.60559e-01
268.000      2.68283e-01
269.000      4.25914e-01
270.000      6.43546e-01
271.000      9.27677e-01
272.000      1.27977e+00
273.000      1.69627e+00
274.000      2.17036e+00
275.000      2.69439e+00
276.000      3.26158e+00
277.000      3.86483e+00
278.000      4.49236e+00
279.000      5.12160e+00
280.000      5.71518e+00
281.000      6.22316e+00
282.000      6.59383e+00
283.000      6.79157e+00
284.000      6.81607e+00
285.000      6.71526e+00
286.000      6.58511e+00
287.000      6.55393e+00
288.000      6.75422e+00
289.000      7.28963e+00
290.000      8.20673e+00
291.000      9.47954e+00
292.000      1.10112e+01
293.000      1.26515e+01
294.000      1.42253e+01
295.000      1.55632e+01
296.000      1.65284e+01
297.000      1.70346e+01
298.000      1.70544e+01
299.000      1.66206e+01
300.000      1.58209e+01
301.000      1.47890e+01
302.000      1.36889e+01
303.000      1.26920e+01
304.000      1.19485e+01
305.000      1.15577e+01
306.000      1.15451e+01
307.000      1.18538e+01
308.000      1.23559e+01
309.000      1.28822e+01
310.000      1.32630e+01
311.000      1.33708e+01
312.000      1.31526e+01
313.000      1.26441e+01
314.000      1.19627e+01
315.000      1.12822e+01
316.000      1.07941e+01
317.000      1.06664e+01
318.000      1.10076e+01
319.000      1.18462e+01
320.000      1.31278e+01
321.000      1.47308e+01
322.000      1.64964e+01
323.000      1.82631e+01
324.000      1.98970e+01
325.000      2.13112e+01
326.000      2.24704e+01
327.000      2.33828e+01
328.000      2.40832e+01
329.000      2.46158e+01
330.000      2.50190e+01
331.000      2.53174e+01
332.000      2.55207e+01
333.000      2.56272e+01
334.000      2.56288e+01
335.000      2.55164e+01
336.000      2.52831e+01
337.000      2.49266e+01
338.000      2.44505e+01
339.000      2.38677e+01
340.000      2.32029e+01
341.000      2.24945e+01
342.000      2.17936e+01
343.000      2.11581e+01
344.000      2.06435e+01
345.000      2.02930e+01
346.000      2.01300e+01
347.000      2.01561e+01
348.000      2.03550e+01
349.000      2.06999e+01
350.000      2.11631e+01
351.000      2.17218e+01
352.000      2.23616e+01
353.000      2.30738e+01
354.000      2.38499e+01
355.000      2.46739e+01
356.000      2.55152e+01
357.000      2.63240e+01
358.000      2.70328e+01
359.000      2.75638e+01
360.000      2.78410e+01
361.000      2.78046e+01
362.000      2.74223e+01
363.000      2.66946e+01
364.000      2.56527e+01
365.000      2.43499e+01
366.000      2.28512e+01
367.000      2.12232e+01
368.000      1.95271e+01
369.000      1.78167e+01
370.000      1.61379e+01
371.000      1.45308e+01
372.000      1.30315e+01
373.000      1.16741e+01
374.000      1.04906e+01
375.000      9.51087e+00
376.000      8.76060e+00
377.000      8.25989e+00
378.000      8.02265e+00
379.000      8.05802e+00
380.000      8.37338e+00
381.000      8.97653e+00
382.000      9.87465e+00
383.000      1.10682e+01
384.000      1.25410e+01
385.000      1.42516e+01
386.000      1.61306e+01
387.000      1.80885e+01
388.000      2.00325e+01
389.000      2.18857e+01
390.000      2.35980e+01
391.000      2.51421e+01
392.000      2.64943e+01
393.000      2.76084e+01
394.000      2.83973e+01
395.000      2.87336e+01
396.000      2.84747e+01
397.000      2.75049e+01
398.000      2.57792e+01
399.000      2.33516e+01
400.000      2.03769e+01
401.000      1.70853e+01
402.000      1.37376e+01
403.000      1.05765e+01
404.000      7.78756e+00
405.000      5.47883e+00
406.000      3.68047e+00
407.000      2.36007e+00
408.000      1.44590e+00
409.000      8.50510e-01
410.000      4.89442e-01
411.000      2.92858e-01
412.000      2.10295e-01
413.000      2.10213e-01
414.000      2.76289e-01
415.000      4.02068e-01
416.000      5.85211e-01
417.000      8.22302e-01
418.000      1.10516e+00
419.000      1.41957e+00
420.000      1.74682e+00
421.000      2.06775e+00
422.000      2.36785e+00
423.000      2.64126e+00
424.000      2.89152e+00
425.000      3.12818e+00
426.000      3.36001e+00
427.000      3.58757e+00
428.000      3.79812e+00
429.000      3.96566e+00
430.000      4.05648e+00
431.000      4.03850e+00
432.000      3.89126e+00
433.000      3.61290e+00
434.000      3.22195e+00
435.000      2.75366e+00
436.000      2.25237e+00
437.000      1.76259e+00
438.000      1.32154e+00
439.000      9.54700e-01
440.000      6.75014e-01
441.000      4.84795e-01
442.000      3.78990e-01
443.000      3.48244e-01
444.000      3.80787e-01
445.000      4.62921e-01
446.000      5.78636e-01
447.000      7.09326e-01
448.000      8.34520e-01
449.000      9.34019e-01
450.000      9.91096e-01
451.000      9.95741e-01
452.000      9.46738e-01
453.000      8.51692e-01
454.000      7.24891e-01
455.000      5.83698e-01
456.000      4.44656e-01
457.000      3.20464e-01
458.000      2.18500e-01
459.000      1.40943e-01
460.000      8.60104e-02
461.000      4.96566e-02
462.000      2.71219e-02
463.000      1.40146e-02
464.000      6.85109e-03
465.000      3.16852e-03
466.000      1.38634e-03
467.000      5.73854e-04
468.000      2.24725e-04
469.000      8.32564e-05
470.000      2.91811e-05
471.000      9.67617e-06
472.000      3.03545e-06
473.000      9.00866e-07
474.000      2.52939e-07
475.000      6.71873e-08
476.000      1.68841e-08
477.000      4.01407e-09
478.000      9.02838e-10
479.000      1.92111e-10
480.000      3.86734e-11
481.000      7.36531e-12
482.000      1.32705e-12
483.000      2.26204e-13
484.000      3.64779e-14
485.000      5.56517e-15
486.000      8.03238e-16
487.000      1.09680e-16
488.000      1.41687e-17
489.000      1.73160e-18
490.000      2.00209e-19
491.000      2.18997e-20
492.000      2.26626e-21
493.000      2.21870e-22
494.000      2.05497e-23
495.000      1.80065e-24
496.000      1.49270e-25
497.000      1.17066e-26
498.000      8.68577e-28
499.000      6.09681e-29
500.000      4.04870e-30
