4.500000000000000000e+01
4.376940000000000452e+01
4.027619999999999578e+01
3.506234999999999502e+01
2.887709999999999511e+01
2.250000000000000000e+01
1.658550000000000324e+01
1.156627499999999920e+01
7.630905000000002936e+00
4.762950000000000017e+00
2.812515000000000320e+00
1.571243999999999641e+00
8.305833999999999717e-01
4.158232999999999513e-01
1.983009999999999773e-01
9.333160000000000067e-02
5.194693000000000921e-02
5.271170999999999496e-02
9.753485000000000626e-02
2.135864999999999847e-01
4.621544000000000207e-01
9.538569000000000075e-01
1.867207999999999757e+00
3.463696000000000108e+00
6.088041000000000480e+00
1.013931199999999855e+01
1.600081000000000131e+01
2.392693000000000225e+01
3.390406000000000120e+01
4.552432000000000301e+01
5.792515999999999821e+01
6.984359999999999502e+01
7.980393999999999721e+01
8.640949000000000524e+01
8.866225000000000023e+01
8.621024000000001308e+01
7.943892000000001019e+01
6.937493999999999517e+01
5.743779999999999575e+01
4.512528999999999257e+01
3.373454000000000264e+01
2.419366000000000483e+01
1.703066000000000102e+01
1.245482800000000090e+01
1.049334300000000120e+01
1.111792999999999765e+01
1.431134500000000109e+01
2.005031999999999925e+01
2.821384000000000469e+01
3.845364999999999611e+01
5.008441999999999439e+01
6.205146999999999480e+01
7.301718999999999937e+01
8.156665999999999883e+01
8.648767000000000849e+01
8.704382999999999981e+01
8.315151000000000181e+01
7.540052000000000021e+01
6.491141999999999257e+01
5.307820999999999856e+01
4.128188000000000102e+01
3.065990000000000393e+01
2.198653000000000191e+01
1.567334000000000138e+01
1.185843700000000034e+01
1.053039200000000264e+01
1.163306900000000077e+01
1.511426900000000018e+01
2.090643999999999636e+01
2.885370999999999597e+01
3.861995999999999185e+01
4.962276999999999560e+01
6.103535999999999717e+01
7.188053999999999633e+01
8.121020000000000039e+01
8.832975000000003263e+01
9.300277999999998713e+01
9.556483000000000061e+01
9.689809999999999945e+01
9.826069999999999993e+01
1.010126600000000110e+02
1.063162700000000171e+02
1.148960399999999851e+02
1.269199700000000206e+02
1.420176400000000285e+02
1.594054999999999893e+02
1.780570999999999913e+02
1.968580000000000325e+02
2.147032000000000380e+02
2.305364999999999895e+02
2.433589999999999804e+02
2.522478999999999871e+02
2.564167999999999665e+02
2.553221000000000345e+02
2.487886999999999773e+02
2.371093999999999937e+02
2.210686000000000035e+02
2.018720999999999606e+02
1.809899999999999807e+02
1.599605999999999995e+02
1.402125899999999774e+02
1.229464799999999940e+02
1.090899099999999891e+02
9.930692000000000519e+01
9.402618000000002496e+01
9.345762000000001990e+01
9.758929999999999438e+01
1.061748900000000049e+02
1.187343400000000173e+02
1.345839500000000157e+02
1.528978299999999706e+02
1.727894999999999754e+02
1.933882000000000119e+02
2.138944000000000472e+02
2.335935000000000059e+02
2.518349000000000046e+02
2.679862999999999715e+02
2.813946000000000254e+02
2.913849000000000160e+02
2.973165999999999940e+02
2.986997999999999251e+02
2.953367999999999824e+02
2.874437000000000353e+02
2.756954000000000633e+02
2.611711999999999989e+02
2.452018999999999664e+02
2.291622999999999877e+02
2.142687000000000239e+02
2.014325000000000330e+02
1.911940999999999917e+02
1.837396999999999423e+02
1.789727000000000317e+02
1.766113000000000000e+02
1.762792000000000030e+02
1.775746000000000038e+02
1.800989000000000146e+02
1.834533000000000413e+02
1.872089999999999748e+02
1.908741000000000270e+02
1.938751000000000033e+02
1.955759000000000185e+02
1.953436999999999841e+02
1.926497999999999706e+02
1.871836000000000126e+02
1.789429999999999836e+02
1.682667999999999893e+02
1.557893400000000383e+02
1.423290300000000173e+02
1.287349499999999978e+02
1.157422200000000032e+02
1.038725799999999992e+02
9.340290999999999144e+01
8.440049000000000490e+01
7.680588000000000193e+01
7.053506000000000142e+01
6.557269999999999754e+01
6.203178000000000480e+01
6.016179999999999950e+01
6.029829000000000150e+01
6.276194999999999879e+01
6.773122000000000753e+01
7.512660999999999945e+01
8.454983999999998900e+01
9.531390999999997860e+01
1.065784500000000037e+02
1.175720700000000107e+02
1.278434100000000058e+02
1.374522900000000050e+02
1.470090999999999894e+02
1.575071000000000083e+02
1.699693000000000040e+02
1.850141000000000133e+02
2.025045999999999538e+02
2.214302999999999599e+02
2.400959000000000572e+02
2.565668000000000575e+02
2.692184000000000879e+02
2.771974999999999909e+02
2.806326999999999998e+02
2.805336999999999534e+02
2.784282999999999788e+02
2.758634999999999877e+02
2.739343999999999824e+02
2.729848000000000070e+02
2.725769999999999982e+02
2.717458000000000311e+02
2.694796000000000049e+02
2.652865000000000464e+02
2.596576000000000022e+02
2.542444000000000415e+02
2.516392000000000166e+02
2.547650999999999897e+02
2.660362000000000080e+02
2.865360999999999763e+02
3.154898999999999774e+02
3.502361000000000786e+02
3.867373999999999796e+02
4.205059000000001106e+02
4.476630999999999858e+02
4.658081999999999994e+02
4.744282000000000039e+02
4.747334000000000742e+02
4.690054999999999836e+02
4.597071000000000254e+02
4.486708999999999037e+02
4.366384999999999650e+02
4.232675999999999590e+02
4.075426999999999680e+02
3.883825999999999681e+02
3.651916999999999689e+02
3.381700000000000159e+02
3.083108999999999469e+02
2.771568000000000325e+02
2.464446000000000083e+02
2.177717999999999563e+02
1.923666999999999803e+02
1.709691999999999723e+02
1.538020700000000147e+02
1.405925400000000138e+02
1.306362800000000277e+02
1.229064300000000145e+02
1.162204999999999728e+02
1.094542500000000018e+02
1.017671300000000087e+02
9.278455999999999904e+01
8.268569999999999709e+01
7.217094999999999061e+01
6.231875999999999749e+01
5.437302999999999997e+01
4.951477000000000572e+01
4.866791999999999518e+01
5.237076000000000420e+01
6.072348000000000212e+01
7.340667000000000542e+01
8.975426000000000215e+01
1.088594699999999875e+02
1.296905000000000143e+02
1.511936900000000037e+02
1.723667999999999836e+02
1.923009000000000128e+02
2.101867000000000019e+02
2.253059000000000083e+02
2.370178999999999974e+02
2.447617999999999938e+02
2.480755000000000052e+02
2.466470999999999947e+02
2.403823999999999899e+02
2.294793999999999983e+02
2.144750999999999692e+02
1.962438999999999965e+02
1.759184999999999945e+02
1.547475900000000024e+02
1.339203500000000133e+02
1.144040300000000343e+02
9.684296999999999400e+01
8.154234999999999900e+01
6.853230000000000643e+01
5.768497999999999593e+01
4.884865000000000634e+01
4.196806000000000125e+01
3.717383000000000237e+01
3.483308000000000249e+01
3.555984000000000833e+01
4.017937999999999477e+01
4.963873999999999853e+01
6.485761999999999716e+01
8.652636000000001104e+01
1.148786200000000122e+02
1.494899399999999901e+02
1.891671000000000049e+02
2.319877999999999645e+02
2.755209999999999582e+02
3.172048000000000343e+02
3.548051000000000386e+02
3.868374000000000592e+02
4.128279999999999177e+02
4.333254000000000019e+02
4.496412000000000262e+02
4.633795000000000073e+02
4.758754000000000701e+02
4.877008999999999901e+02
4.983768000000000029e+02
5.063825999999999112e+02
5.094755999999999290e+02
5.052403999999999655e+02
4.917305000000000064e+02
4.680334000000000287e+02
4.345992000000000530e+02
3.932565999999999917e+02
3.469075000000000841e+02
2.989969000000000392e+02
2.529042999999999779e+02
2.114098000000000468e+02
1.763589000000000055e+02
1.485643100000000061e+02
1.279267899999999969e+02
1.136866100000000017e+02
1.047150000000000034e+02
9.976425999999999306e+01
9.763430999999999926e+01
9.725292000000000314e+01
9.769199999999999307e+01
9.815375999999999124e+01
9.795690000000000452e+01
9.654073999999999955e+01
9.349330999999999392e+01
8.859654999999997926e+01
8.187139000000000522e+01
7.360277999999999565e+01
6.432589000000000112e+01
5.476496000000000208e+01
4.573171999999999571e+01
3.800320000000001386e+01
3.220655999999999608e+01
2.873596999999999824e+01
2.771647000000000105e+01
2.901545999999999736e+01
3.229205000000000325e+01
3.706676999999999822e+01
4.279288999999999277e+01
4.891416000000000963e+01
5.490157000000000664e+01
6.026882999999998702e+01
6.457670000000001664e+01
6.744095999999998980e+01
6.855583000000001448e+01
6.773748999999999398e+01
6.497617999999999938e+01
6.047626999999999953e+01
5.465878000000000725e+01
4.811147999999999314e+01
4.148985999999999308e+01
3.539070000000000249e+01
3.023576000000000263e+01
2.619966999999999757e+01
2.320454999999999757e+01
2.098008000000000095e+01
1.916741999999999990e+01
1.743117000000000161e+01
1.554558899999999788e+01
1.343255199999999761e+01
1.114921100000000109e+01
8.838882999999999157e+00
6.669016999999998419e+00
4.778388000000000524e+00
3.246963000000000044e+00
2.090750000000000330e+00
1.275118200000000090e+00
7.363752999999999549e-01
4.026037000000000643e-01
2.083748399999999501e-01
1.020893200000000250e-01
4.734463000000000560e-02
2.078321599999999672e-02
8.635869000000000878e-03
3.396666000000000008e-03
1.264612300000000130e-03
4.456802999999999416e-04
1.486813900000000222e-04
4.695286999999999351e-05
1.403609800000000054e-05
3.972043000000000385e-06
1.064072599999999821e-06
2.698505200000000840e-07
6.478525000000000104e-08
1.472430499999999964e-08
3.168138599999999741e-09
6.453415000000000302e-10
1.244503000000000123e-10
2.272097700000000189e-11
3.927232700000000769e-12
6.426590999999999955e-13
9.956586000000001212e-14
1.460428700000000025e-14
2.028116700000000110e-15
2.666554600000000564e-16
3.319369899999999512e-17
3.912087099999999987e-18
4.365286000000000277e-19
4.611762800000000133e-20
4.612889300000000352e-21
4.368476100000000390e-22
3.916853399999999554e-23
3.325026399999999695e-24
2.672409499999999600e-25
2.033552999999999772e-26
1.465054200000000392e-27
9.992953000000000623e-29
6.453167700000000069e-30
3.945371399999999843e-31
2.283680500000000108e-32
1.251441900000000290e-33
6.492464600000000602e-35
3.188806000000000812e-36
1.482722799999999874e-37
6.526813099999999515e-39
2.719847199999999829e-40
1.072969370000000005e-41
4.007018000000000513e-43
1.416579590000000063e-44
4.740681900000000553e-46
1.501801119999999858e-47
4.503533800000000688e-49
1.278363270000000034e-50
3.434855700000000079e-52
8.735974100000000091e-54
2.103071200000000415e-55
4.792166199999999505e-57
1.033564020000000104e-58
2.109912469999999810e-60
4.076669400000000242e-62
7.455141800000000047e-64
1.290348890000000254e-65
2.113765029999999827e-67
3.277139650000000263e-69
4.808589360000000307e-71
6.677553999999997122e-73
8.775861299999999853e-75
1.091511520000000215e-76
1.284775159999999967e-78
1.431144169999999885e-80
1.508648530000000261e-82
1.505013869999999458e-84
1.420799989999999821e-86
1.269284039999999787e-88
1.073040514999999752e-90
8.584205720000003125e-93
6.498396079999999894e-95
4.655116429999999552e-97
3.155494639999999633e-99
2.024014739999999726e-101
1.228477482000000015e-103
7.055421960000001877e-106
3.834219579999999106e-108
1.971634695000000433e-110
9.593307080000000733e-113
4.416710800000000182e-115
1.924044156999999919e-117
7.930749199999998747e-120
3.093099776000000740e-122
1.141433371000000062e-124
3.985498930000000577e-127
1.316700685999999844e-129
4.115879741000000422e-132
1.217316378999999930e-134
3.406540351999999548e-137
9.019560259999997175e-140
2.259534457999999937e-142
5.355655389000000778e-145
1.201061428000000127e-147
2.548424311000000612e-150
5.116039238000000343e-153
9.717379900000000623e-156
1.746286358999999785e-158
2.969146423000000426e-161
4.776357979999999810e-164
7.269573356999997960e-167
1.046805089500000019e-169
1.426167245000000152e-172
1.838297954999999397e-175
2.241845226999999904e-178
2.586635429000000648e-181
2.823615773999999475e-184
2.916188781999999886e-187
2.849471315000000695e-190
2.634214263999999472e-193
2.303950493900000111e-196
1.906475690799999952e-199
1.492543094399999897e-202
1.105488546500000132e-205
7.746681084999999668e-209
5.135827584999999030e-212
3.221352939400001264e-215
1.911596820299999696e-218
1.073214431200000054e-221
5.700426969999998789e-225
2.864566838099999964e-228
1.361880905499999860e-231
6.125589784000000307e-235
2.606666554399999779e-238
1.049429717999999888e-241
3.997103886500001161e-245
1.440340727599999957e-248
4.910365184999999482e-252
1.583752301100000132e-255
4.832683650200000043e-259
1.395125695999999559e-262
3.810365783399999886e-266
9.845617938700000314e-270
2.406823532500000097e-273
5.566357525899998421e-277
1.217925986829999621e-280
2.521136434500000270e-284
4.937349204299999766e-288
9.147776762000000039e-292
1.603467446950000108e-295
2.659064989640000182e-299
4.171758792599999817e-303
6.192018402999999589e-307
8.694973183400001059e-311
1.155113934156756756e-314
