# Gaussian folded, width=10 cm^-1
# [cm^-1] arbitrary
0.000      3.00000e+00
1.000      2.91796e+00
2.000      2.68508e+00
3.000      2.33749e+00
4.000      1.92514e+00
5.000      1.50000e+00
6.000      1.10570e+00
7.000      7.71085e-01
8.000      5.08727e-01
9.000      3.17529e-01
10.000      1.87500e-01
11.000      1.04746e-01
12.000      5.53590e-02
13.000      2.76796e-02
14.000      1.30935e-02
15.000      5.86026e-03
16.000      2.48378e-03
17.000      1.00372e-03
18.000      4.07992e-04
19.000      2.27910e-04
20.000      3.05853e-04
21.000      7.04842e-04
22.000      1.74163e-03
23.000      4.15007e-03
24.000      9.40479e-03
25.000      2.02416e-02
26.000      4.13839e-02
27.000      8.04076e-02
28.000      1.48544e-01
29.000      2.61053e-01
30.000      4.36674e-01
31.000      6.95635e-01
32.000      1.05594e+00
33.000      1.52813e+00
34.000      2.10938e+00
35.000      2.77849e+00
36.000      3.49355e+00
37.000      4.19403e+00
38.000      4.80792e+00
39.000      5.26312e+00
40.000      5.50094e+00
41.000      5.48828e+00
42.000      5.22512e+00
43.000      4.74498e+00
44.000      4.10813e+00
45.000      3.38922e+00
46.000      2.66305e+00
47.000      1.99196e+00
48.000      1.41811e+00
49.000      9.61482e-01
50.000      6.23018e-01
51.000      3.91029e-01
52.000      2.48457e-01
53.000      1.79252e-01
54.000      1.72752e-01
55.000      2.25749e-01
56.000      3.42338e-01
57.000      5.31834e-01
58.000      8.05138e-01
59.000      1.17010e+00
60.000      1.62672e+00
61.000      2.16322e+00
62.000      2.75417e+00
63.000      3.36135e+00
64.000      3.93747e+00
65.000      4.43223e+00
66.000      4.79923e+00
67.000      5.00269e+00
68.000      5.02257e+00
69.000      4.85740e+00
70.000      4.52454e+00
71.000      4.05777e+00
72.000      3.50274e+00
73.000      2.91096e+00
74.000      2.33333e+00
75.000      1.81461e+00
76.000      1.38966e+00
77.000      1.08200e+00
78.000      9.04422e-01
79.000      8.60697e-01
80.000      9.47550e-01
81.000      1.15594e+00
82.000      1.47156e+00
83.000      1.87474e+00
84.000      2.34059e+00
85.000      2.83967e+00
86.000      3.33960e+00
87.000      3.80750e+00
88.000      4.21277e+00
89.000      4.53013e+00
90.000      4.74275e+00
91.000      4.84542e+00
92.000      4.84754e+00
93.000      4.77514e+00
94.000      4.67068e+00
95.000      4.58933e+00
96.000      4.59135e+00
97.000      4.73137e+00
98.000      5.04716e+00
99.000      5.55094e+00
100.000      6.22598e+00
101.000      7.02947e+00
102.000      7.90092e+00
103.000      8.77319e+00
104.000      9.58336e+00
105.000      1.02808e+01
106.000      1.08313e+01
107.000      1.12183e+01
108.000      1.14408e+01
109.000      1.15107e+01
110.000      1.14501e+01
111.000      1.12868e+01
112.000      1.10510e+01
113.000      1.07705e+01
114.000      1.04676e+01
115.000      1.01574e+01
116.000      9.84895e+00
117.000      9.54779e+00
118.000      9.25990e+00
119.000      8.99365e+00
120.000      8.75964e+00
121.000      8.56815e+00
122.000      8.42557e+00
123.000      8.33158e+00
124.000      8.27828e+00
125.000      8.25135e+00
126.000      8.23292e+00
127.000      8.20524e+00
128.000      8.15475e+00
129.000      8.07616e+00
130.000      7.97585e+00
131.000      7.87357e+00
132.000      7.80103e+00
133.000      7.79665e+00
134.000      7.89698e+00
135.000      8.12706e+00
136.000      8.49267e+00
137.000      8.97720e+00
138.000      9.54426e+00
139.000      1.01451e+01
140.000      1.07285e+01
141.000      1.12496e+01
142.000      1.16766e+01
143.000      1.19930e+01
144.000      1.21961e+01
145.000      1.22934e+01
146.000      1.22980e+01
147.000      1.22252e+01
148.000      1.20895e+01
149.000      1.19047e+01
150.000      1.16842e+01
151.000      1.14418e+01
152.000      1.11918e+01
153.000      1.09484e+01
154.000      1.07235e+01
155.000      1.05247e+01
156.000      1.03539e+01
157.000      1.02067e+01
158.000      1.00728e+01
159.000      9.93842e+00
160.000      9.78916e+00
161.000      9.61371e+00
162.000      9.40723e+00
163.000      9.17321e+00
164.000      8.92325e+00
165.000      8.67442e+00
166.000      8.44484e+00
167.000      8.24882e+00
168.000      8.09279e+00
169.000      7.97333e+00
170.000      7.87745e+00
171.000      7.78508e+00
172.000      7.67311e+00
173.000      7.52042e+00
174.000      7.31329e+00
175.000      7.05017e+00
176.000      6.74477e+00
177.000      6.42587e+00
178.000      6.13294e+00
179.000      5.90803e+00
180.000      5.78582e+00
181.000      5.78524e+00
182.000      5.90570e+00
183.000      6.12923e+00
184.000      6.42763e+00
185.000      6.77127e+00
186.000      7.13613e+00
187.000      7.50639e+00
188.000      7.87262e+00
189.000      8.22708e+00
190.000      8.55907e+00
191.000      8.85242e+00
192.000      9.08609e+00
193.000      9.23747e+00
194.000      9.28717e+00
195.000      9.22389e+00
196.000      9.04833e+00
197.000      8.77534e+00
198.000      8.43374e+00
199.000      8.06339e+00
200.000      7.70958e+00
201.000      7.41507e+00
202.000      7.21139e+00
203.000      7.11135e+00
204.000      7.10537e+00
205.000      7.16314e+00
206.000      7.24109e+00
207.000      7.29401e+00
208.000      7.28780e+00
209.000      7.20960e+00
210.000      7.07236e+00
211.000      6.91249e+00
212.000      6.78123e+00
213.000      6.73217e+00
214.000      6.80817e+00
215.000      7.03105e+00
216.000      7.39648e+00
217.000      7.87509e+00
218.000      8.41913e+00
219.000      8.97295e+00
220.000      9.48427e+00
221.000      9.91381e+00
222.000      1.02409e+01
223.000      1.04638e+01
224.000      1.05958e+01
225.000      1.06577e+01
226.000      1.06701e+01
227.000      1.06476e+01
228.000      1.05972e+01
229.000      1.05205e+01
230.000      1.04187e+01
231.000      1.02964e+01
232.000      1.01635e+01
233.000      1.00323e+01
234.000      9.91352e+00
235.000      9.81101e+00
236.000      9.72056e+00
237.000      9.63146e+00
238.000      9.53103e+00
239.000      9.40958e+00
240.000      9.26353e+00
241.000      9.09566e+00
242.000      8.91304e+00
243.000      8.72401e+00
244.000      8.53599e+00
245.000      8.35493e+00
246.000      8.18614e+00
247.000      8.03559e+00
248.000      7.91033e+00
249.000      7.81744e+00
250.000      7.76135e+00
251.000      7.74084e+00
252.000      7.74677e+00
253.000      7.76203e+00
254.000      7.76392e+00
255.000      7.72851e+00
256.000      7.63557e+00
257.000      7.47247e+00
258.000      7.23596e+00
259.000      6.93144e+00
260.000      6.57029e+00
261.000      6.16661e+00
262.000      5.73447e+00
263.000      5.28661e+00
264.000      4.83439e+00
265.000      4.38845e+00
266.000      3.95914e+00
267.000      3.55598e+00
268.000      3.18640e+00
269.000      2.85402e+00
270.000      2.55762e+00
271.000      2.29125e+00
272.000      2.04600e+00
273.000      1.81291e+00
274.000      1.58633e+00
275.000      1.36658e+00
276.000      1.16134e+00
277.000      9.85222e-01
278.000      8.57765e-01
279.000      8.00449e-01
280.000      8.33217e-01
281.000      9.71124e-01
282.000      1.22150e+00
283.000      1.58212e+00
284.000      2.04082e+00
285.000      2.57707e+00
286.000      3.16535e+00
287.000      3.77981e+00
288.000      4.39872e+00
289.000      5.00746e+00
290.000      5.59885e+00
291.000      6.17071e+00
292.000      6.72186e+00
293.000      7.24799e+00
294.000      7.73926e+00
295.000      8.18067e+00
296.000      8.55514e+00
297.000      8.84818e+00
298.000      9.05247e+00
299.000      9.17053e+00
300.000      9.21458e+00
301.000      9.20358e+00
302.000      9.15844e+00
303.000      9.09714e+00
304.000      9.03131e+00
305.000      8.96539e+00
306.000      8.89832e+00
307.000      8.82727e+00
308.000      8.75172e+00
309.000      8.67689e+00
310.000      8.61531e+00
311.000      8.58638e+00
312.000      8.61416e+00
313.000      8.72398e+00
314.000      8.93861e+00
315.000      9.27435e+00
316.000      9.73762e+00
317.000      1.03225e+01
318.000      1.10104e+01
319.000      1.17719e+01
320.000      1.25720e+01
321.000      1.33767e+01
322.000      1.41593e+01
323.000      1.49050e+01
324.000      1.56104e+01
325.000      1.62796e+01
326.000      1.69172e+01
327.000      1.75219e+01
328.000      1.80826e+01
329.000      1.85785e+01
330.000      1.89836e+01
331.000      1.92741e+01
332.000      1.94353e+01
333.000      1.94672e+01
334.000      1.93871e+01
335.000      1.92287e+01
336.000      1.90383e+01
337.000      1.88691e+01
338.000      1.87734e+01
339.000      1.87956e+01
340.000      1.89652e+01
341.000      1.92924e+01
342.000      1.97671e+01
343.000      2.03620e+01
344.000      2.10379e+01
345.000      2.17514e+01
346.000      2.24614e+01
347.000      2.31346e+01
348.000      2.37475e+01
349.000      2.42877e+01
350.000      2.47525e+01
351.000      2.51470e+01
352.000      2.54793e+01
353.000      2.57556e+01
354.000      2.59724e+01
355.000      2.61113e+01
356.000      2.61364e+01
357.000      2.59988e+01
358.000      2.56465e+01
359.000      2.50380e+01
360.000      2.41560e+01
361.000      2.30158e+01
362.000      2.16658e+01
363.000      2.01807e+01
364.000      1.86466e+01
365.000      1.71453e+01
366.000      1.57397e+01
367.000      1.44657e+01
368.000      1.33307e+01
369.000      1.23203e+01
370.000      1.14083e+01
371.000      1.05689e+01
372.000      9.78663e+00
373.000      9.06169e+00
374.000      8.41125e+00
375.000      7.86650e+00
376.000      7.46749e+00
377.000      7.25688e+00
378.000      7.27388e+00
379.000      7.54876e+00
380.000      8.09871e+00
381.000      8.92486e+00
382.000      1.00109e+01
383.000      1.13223e+01
384.000      1.28067e+01
385.000      1.43927e+01
386.000      1.59893e+01
387.000      1.74864e+01
388.000      1.87584e+01
389.000      1.96729e+01
390.000      2.01069e+01
391.000      1.99667e+01
392.000      1.92095e+01
393.000      1.78591e+01
394.000      1.60098e+01
395.000      1.38164e+01
396.000      1.14701e+01
397.000      9.16709e+00
398.000      7.07679e+00
399.000      5.31803e+00
400.000      3.94846e+00
401.000      2.96750e+00
402.000      2.32988e+00
403.000      1.96443e+00
404.000      1.79282e+00
405.000      1.74411e+00
406.000      1.76350e+00
407.000      1.81526e+00
408.000      1.88145e+00
409.000      1.95802e+00
410.000      2.04979e+00
411.000      2.16529e+00
412.000      2.31171e+00
413.000      2.49062e+00
414.000      2.69504e+00
415.000      2.90870e+00
416.000      3.10797e+00
417.000      3.26612e+00
418.000      3.35873e+00
419.000      3.36858e+00
420.000      3.28859e+00
421.000      3.12226e+00
422.000      2.88196e+00
423.000      2.58617e+00
424.000      2.25673e+00
425.000      1.91674e+00
426.000      1.58903e+00
427.000      1.29490e+00
428.000      1.05256e+00
429.000      8.75333e-01
430.000      7.69675e-01
431.000      7.33689e-01
432.000      7.56604e-01
433.000      8.19761e-01
434.000      8.99261e-01
435.000      9.69992e-01
436.000      1.01025e+00
437.000      1.00581e+00
438.000      9.52293e-01
439.000      8.55188e-01
440.000      7.27484e-01
441.000      5.85836e-01
442.000      4.46459e-01
443.000      3.21938e-01
444.000      2.19641e-01
445.000      1.41772e-01
446.000      8.65746e-02
447.000      5.00165e-02
448.000      2.73373e-02
449.000      1.41357e-02
450.000      6.91508e-03
451.000      3.20033e-03
452.000      1.40123e-03
453.000      5.80420e-04
454.000      2.27453e-04
455.000      8.43258e-05
456.000      2.95764e-05
457.000      9.81407e-06
458.000      3.08085e-06
459.000      9.14973e-07
460.000      2.57078e-07
461.000      6.83341e-08
462.000      1.71842e-08
463.000      4.08825e-09
464.000      9.20161e-10
465.000      1.95933e-10
466.000      3.94702e-11
467.000      7.52227e-12
468.000      1.35627e-12
469.000      2.31345e-13
470.000      3.73329e-14
471.000      5.69956e-15
472.000      8.23206e-16
473.000      1.12485e-16
474.000      1.45410e-17
475.000      1.77834e-18
476.000      2.05756e-19
477.000      2.25221e-20
478.000      2.33228e-21
479.000      2.28492e-22
480.000      2.11777e-23
481.000      1.85697e-24
482.000      1.54045e-25
483.000      1.20895e-26
484.000      8.97609e-28
485.000      6.30497e-29
486.000      4.18983e-30
487.000      2.63407e-31
488.000      1.56667e-32
489.000      8.81542e-34
490.000      4.69274e-35
491.000      2.36335e-36
492.000      1.12602e-37
493.000      5.07557e-39
494.000      2.16441e-40
495.000      8.73194e-42
496.000      3.33273e-43
497.000      1.20339e-44
498.000      4.11086e-46
499.000      1.32854e-47
500.000      4.06195e-49
