# Gaussian folded, width=10 cm^-1
# [cm^-1] arbitrary
0.000      3.00000e+00
1.000      2.91796e+00
2.000      2.68508e+00
3.000      2.33749e+00
4.000      1.92514e+00
5.000      1.50000e+00
6.000      1.10570e+00
7.000      7.71085e-01
8.000      5.08727e-01
9.000      3.17530e-01
10.000      1.87501e-01
11.000      1.04750e-01
12.000      5.53728e-02
13.000      2.77233e-02
14.000      1.32248e-02
15.000      6.23433e-03
16.000      3.49264e-03
17.000      3.58097e-03
18.000      6.64426e-03
19.000      1.45210e-02
20.000      3.13328e-02
21.000      6.44918e-02
22.000      1.25922e-01
23.000      2.33036e-01
24.000      4.08724e-01
25.000      6.79403e-01
26.000      1.07035e+00
27.000      1.59824e+00
28.000      2.26192e+00
29.000      3.03420e+00
30.000      3.85784e+00
31.000      4.64922e+00
32.000      5.31071e+00
33.000      5.74986e+00
34.000      5.90055e+00
35.000      5.73923e+00
36.000      5.29110e+00
37.000      4.62383e+00
38.000      3.83122e+00
39.000      3.01251e+00
40.000      2.25390e+00
41.000      1.61727e+00
42.000      1.13811e+00
43.000      8.30783e-01
44.000      6.97617e-01
45.000      7.37331e-01
46.000      9.49446e-01
47.000      1.33307e+00
48.000      1.88061e+00
49.000      2.56885e+00
50.000      3.35144e+00
51.000      4.15671e+00
52.000      4.89367e+00
53.000      5.46627e+00
54.000      5.79260e+00
55.000      5.82359e+00
56.000      5.55483e+00
57.000      5.02761e+00
58.000      4.31874e+00
59.000      3.52278e+00
60.000      2.73251e+00
61.000      2.02356e+00
62.000      1.44665e+00
63.000      1.02809e+00
64.000      7.76095e-01
65.000      6.89329e-01
66.000      7.63953e-01
67.000      9.96849e-01
68.000      1.38419e+00
69.000      1.91638e+00
70.000      2.57168e+00
71.000      3.31154e+00
72.000      4.08050e+00
73.000      4.81229e+00
74.000      5.44198e+00
75.000      5.92117e+00
76.000      6.23214e+00
77.000      6.39573e+00
78.000      6.46990e+00
79.000      6.53821e+00
80.000      6.69151e+00
81.000      7.00827e+00
82.000      7.53929e+00
83.000      8.30085e+00
84.000      9.27651e+00
85.000      1.04248e+01
86.000      1.16881e+01
87.000      1.29993e+01
88.000      1.42840e+01
89.000      1.54608e+01
90.000      1.64429e+01
91.000      1.71430e+01
92.000      1.74843e+01
93.000      1.74144e+01
94.000      1.69186e+01
95.000      1.60275e+01
96.000      1.48156e+01
97.000      1.33911e+01
98.000      1.18775e+01
99.000      1.03956e+01
100.000      9.04812e+00
101.000      7.91140e+00
102.000      7.03540e+00
103.000      6.44826e+00
104.000      6.16255e+00
105.000      6.18002e+00
106.000      6.49357e+00
107.000      7.08688e+00
108.000      7.93330e+00
109.000      8.99543e+00
110.000      1.02261e+01
111.000      1.15707e+01
112.000      1.29709e+01
113.000      1.43679e+01
114.000      1.57063e+01
115.000      1.69362e+01
116.000      1.80134e+01
117.000      1.88989e+01
118.000      1.95575e+01
119.000      1.99578e+01
120.000      2.00745e+01
121.000      1.98937e+01
122.000      1.94191e+01
123.000      1.86778e+01
124.000      1.77215e+01
125.000      1.66231e+01
126.000      1.54677e+01
127.000      1.43423e+01
128.000      1.33251e+01
129.000      1.24773e+01
130.000      1.18383e+01
131.000      1.14240e+01
132.000      1.12282e+01
133.000      1.12257e+01
134.000      1.13775e+01
135.000      1.16371e+01
136.000      1.19568e+01
137.000      1.22923e+01
138.000      1.26045e+01
139.000      1.28588e+01
140.000      1.30219e+01
141.000      1.30612e+01
142.000      1.29457e+01
143.000      1.26516e+01
144.000      1.21690e+01
145.000      1.15080e+01
146.000      1.06999e+01
147.000      9.79371e+00
148.000      8.84724e+00
149.000      7.91704e+00
150.000      7.04942e+00
151.000      6.27536e+00
152.000      5.61005e+00
153.000      5.05653e+00
154.000      4.61180e+00
155.000      4.27345e+00
156.000      4.04484e+00
157.000      3.93710e+00
158.000      3.96715e+00
159.000      4.15193e+00
160.000      4.50037e+00
161.000      5.00580e+00
162.000      5.64158e+00
163.000      6.36271e+00
164.000      7.11447e+00
165.000      7.84685e+00
166.000      8.53110e+00
167.000      9.17230e+00
168.000      9.81185e+00
169.000      1.05161e+01
170.000      1.13528e+01
171.000      1.23617e+01
172.000      1.35317e+01
173.000      1.47935e+01
174.000      1.60322e+01
175.000      1.71187e+01
176.000      1.79460e+01
177.000      1.84605e+01
178.000      1.86748e+01
179.000      1.86602e+01
180.000      1.85212e+01
181.000      1.83613e+01
182.000      1.82514e+01
183.000      1.82103e+01
184.000      1.82038e+01
185.000      1.81627e+01
186.000      1.80162e+01
187.000      1.77303e+01
188.000      1.73388e+01
189.000      1.69548e+01
190.000      1.67551e+01
191.000      1.69389e+01
192.000      1.76706e+01
193.000      1.90251e+01
194.000      2.09518e+01
195.000      2.32734e+01
196.000      2.57198e+01
197.000      2.79900e+01
198.000      2.98229e+01
199.000      3.10554e+01
200.000      3.16501e+01
201.000      3.16851e+01
202.000      3.13108e+01
203.000      3.06913e+01
204.000      2.99502e+01
205.000      2.91394e+01
206.000      2.82388e+01
207.000      2.71826e+01
208.000      2.58999e+01
209.000      2.43509e+01
210.000      2.25482e+01
211.000      2.05576e+01
212.000      1.84819e+01
213.000      1.64372e+01
214.000      1.45305e+01
215.000      1.28434e+01
216.000      1.14241e+01
217.000      1.02854e+01
218.000      9.40703e+00
219.000      8.74069e+00
220.000      8.21803e+00
221.000      7.76186e+00
222.000      7.30006e+00
223.000      6.77990e+00
224.000      6.17945e+00
225.000      5.51269e+00
226.000      4.82692e+00
227.000      4.19271e+00
228.000      3.68927e+00
229.000      3.38906e+00
230.000      3.34509e+00
231.000      3.58374e+00
232.000      4.10370e+00
233.000      4.88042e+00
234.000      5.87379e+00
235.000      7.03622e+00
236.000      8.31850e+00
237.000      9.67214e+00
238.000      1.10484e+01
239.000      1.23960e+01
240.000      1.36600e+01
241.000      1.47827e+01
242.000      1.57069e+01
243.000      1.63806e+01
244.000      1.67600e+01
245.000      1.68119e+01
246.000      1.65157e+01
247.000      1.58674e+01
248.000      1.48842e+01
249.000      1.36100e+01
250.000      1.21168e+01
251.000      1.05005e+01
252.000      8.86908e+00
253.000      7.32692e+00
254.000      5.95847e+00
255.000      4.81726e+00
256.000      3.92260e+00
257.000      3.26456e+00
258.000      2.81501e+00
259.000      2.54143e+00
260.000      2.42010e+00
261.000      2.44627e+00
262.000      2.63973e+00
263.000      3.04470e+00
264.000      3.72368e+00
265.000      4.74508e+00
266.000      6.16601e+00
267.000      8.01322e+00
268.000      1.02666e+01
269.000      1.28505e+01
270.000      1.56374e+01
271.000      1.84654e+01
272.000      2.11654e+01
273.000      2.35944e+01
274.000      2.56627e+01
275.000      2.73486e+01
276.000      2.86956e+01
277.000      2.97919e+01
278.000      3.07381e+01
279.000      3.16119e+01
280.000      3.24389e+01
281.000      3.31779e+01
282.000      3.37242e+01
283.000      3.39310e+01
284.000      3.36442e+01
285.000      3.27414e+01
286.000      3.11677e+01
287.000      2.89557e+01
288.000      2.62268e+01
289.000      2.31721e+01
290.000      2.00178e+01
291.000      1.69852e+01
292.000      1.42550e+01
293.000      1.19445e+01
294.000      1.01016e+01
295.000      8.71376e+00
296.000      7.72671e+00
297.000      7.06644e+00
298.000      6.65737e+00
299.000      6.43325e+00
300.000      6.33981e+00
301.000      6.33108e+00
302.000      6.36299e+00
303.000      6.38881e+00
304.000      6.35907e+00
305.000      6.22717e+00
306.000      5.95879e+00
307.000      5.54136e+00
308.000      4.98987e+00
309.000      4.34618e+00
310.000      3.67169e+00
311.000      3.03537e+00
312.000      2.50068e+00
313.000      2.11464e+00
314.000      1.90141e+00
315.000      1.86110e+00
316.000      1.97318e+00
317.000      2.20307e+00
318.000      2.51014e+00
319.000      2.85516e+00
320.000      3.20546e+00
321.000      3.53685e+00
322.000      3.83205e+00
323.000      4.07693e+00
324.000      4.25677e+00
325.000      4.35464e+00
326.000      4.35346e+00
327.000      4.24110e+00
328.000      4.01665e+00
329.000      3.69467e+00
330.000      3.30516e+00
331.000      2.88841e+00
332.000      2.48604e+00
333.000      2.13144e+00
334.000      1.84266e+00
335.000      1.62021e+00
336.000      1.45006e+00
337.000      1.31046e+00
338.000      1.17982e+00
339.000      1.04303e+00
340.000      8.94481e-01
341.000      7.37467e-01
342.000      5.81006e-01
343.000      4.35713e-01
344.000      3.10279e-01
345.000      2.09507e-01
346.000      1.34013e-01
347.000      8.11651e-02
348.000      4.65287e-02
349.000      2.52417e-02
350.000      1.29572e-02
351.000      6.29318e-03
352.000      2.89184e-03
353.000      1.25722e-03
354.000      5.17105e-04
355.000      2.01219e-04
356.000      7.40767e-05
357.000      2.57997e-05
358.000      8.50091e-06
359.000      2.64993e-06
360.000      7.81489e-07
361.000      2.18036e-07
362.000      5.75509e-08
363.000      1.43712e-08
364.000      3.39510e-09
365.000      7.58803e-10
366.000      1.60444e-10
367.000      3.20949e-11
368.000      6.07386e-12
369.000      1.08746e-12
370.000      1.84195e-13
371.000      2.95161e-14
372.000      4.47465e-15
373.000      6.41766e-16
374.000      8.70786e-17
375.000      1.11780e-17
376.000      1.35748e-18
377.000      1.55963e-19
378.000      1.69523e-20
379.000      1.74322e-21
380.000      1.69587e-22
381.000      1.56081e-23
382.000      1.35902e-24
383.000      1.11949e-25
384.000      8.72431e-27
385.000      6.43220e-28
386.000      4.48648e-29
387.000      2.96053e-30
388.000      1.84821e-31
389.000      1.09157e-32
390.000      6.09912e-34
391.000      3.22405e-35
392.000      1.61233e-36
393.000      7.62822e-38
394.000      3.41437e-39
395.000      1.44582e-40
396.000      5.79212e-42
397.000      2.19522e-43
398.000      7.87109e-45
399.000      2.66999e-46
400.000      8.56846e-48
401.000      2.60144e-49
402.000      7.47207e-51
403.000      2.03042e-52
404.000      5.21975e-54
405.000      1.26949e-55
406.000      2.92098e-57
407.000      6.35835e-59
408.000      1.30942e-60
409.000      2.55111e-62
410.000      4.70217e-64
411.000      8.19944e-66
412.000      1.35266e-67
413.000      2.11111e-69
414.000      3.11709e-71
415.000      4.35417e-73
416.000      5.75414e-75
417.000      7.19403e-77
418.000      8.50906e-79
419.000      9.52157e-81
420.000      1.00798e-82
421.000      1.00952e-84
422.000      9.56524e-87
423.000      8.57419e-89
424.000      7.27124e-91
425.000      5.83366e-93
426.000      4.42784e-95
427.000      3.17950e-97
428.000      2.15996e-99
429.000     1.38819e-101
430.000     8.44051e-104
431.000     4.85520e-106
432.000     2.64219e-108
433.000     1.36031e-110
434.000     6.62564e-113
435.000     3.05307e-115
436.000     1.33095e-117
437.000     5.48917e-120
438.000     2.14175e-122
439.000     7.90583e-125
440.000     2.76086e-127
441.000     9.12134e-130
442.000     2.85096e-132
443.000     8.43025e-135
444.000     2.35835e-137
445.000     6.24155e-140
446.000     1.56277e-142
447.000     3.70181e-145
448.000     8.29568e-148
449.000     1.75876e-150
450.000     3.52760e-153
451.000     6.69376e-156
452.000     1.20165e-158
453.000     2.04082e-161
454.000     3.27904e-164
455.000     4.98434e-167
456.000     7.16780e-170
457.000     9.75174e-173
458.000     1.25515e-175
459.000     1.52836e-178
460.000     1.76066e-181
461.000     1.91885e-184
462.000     1.97845e-187
463.000     1.92987e-190
464.000     1.78093e-193
465.000     1.55483e-196
466.000     1.28421e-199
467.000     1.00348e-202
468.000     7.41821e-206
469.000     5.18808e-209
470.000     3.43266e-212
471.000     2.14869e-215
472.000     1.27243e-218
473.000     7.12871e-222
474.000     3.77838e-225
475.000     1.89461e-228
476.000     8.98771e-232
477.000     4.03364e-235
478.000     1.71263e-238
479.000     6.87933e-242
480.000     2.61425e-245
481.000     9.39864e-249
482.000     3.19669e-252
483.000     1.02862e-255
484.000     3.13131e-259
485.000     9.01809e-263
486.000     2.45709e-266
487.000     6.33352e-270
488.000     1.54449e-273
489.000     3.56324e-277
490.000     7.77718e-281
491.000     1.60589e-284
492.000     3.13710e-288
493.000     5.79773e-292
494.000     1.01369e-295
495.000     1.67676e-299
496.000     2.62393e-303
497.000     3.88466e-307
498.000     5.44089e-311
499.000     7.20950e-315
500.000     9.03770e-319
