# Gaussian folded, width=10 cm^-1
# [cm^-1] arbitrary
0.000      3.00000e+00
1.000      2.91796e+00
2.000      2.68508e+00
3.000      2.33749e+00
4.000      1.92514e+00
5.000      1.50000e+00
6.000      1.10570e+00
7.000      7.71085e-01
8.000      5.08727e-01
9.000      3.17529e-01
10.000      1.87500e-01
11.000      1.04746e-01
12.000      5.53590e-02
13.000      2.76795e-02
14.000      1.30932e-02
15.000      5.85938e-03
16.000      2.48074e-03
17.000      9.93751e-04
18.000      3.77052e-04
19.000      1.36925e-04
20.000      5.23933e-05
21.000      3.59521e-05
22.000      6.92237e-05
23.000      1.88257e-04
24.000      5.12100e-04
25.000      1.32821e-03
26.000      3.26896e-03
27.000      7.63231e-03
28.000      1.69077e-02
29.000      3.55463e-02
30.000      7.09413e-02
31.000      1.34435e-01
32.000      2.41970e-01
33.000      4.13778e-01
34.000      6.72452e-01
35.000      1.03890e+00
36.000      1.52627e+00
37.000      2.13287e+00
38.000      2.83588e+00
39.000      3.58849e+00
40.000      4.32248e+00
41.000      4.95717e+00
42.000      5.41347e+00
43.000      5.62991e+00
44.000      5.57611e+00
45.000      5.25972e+00
46.000      4.72463e+00
47.000      4.04110e+00
48.000      3.29070e+00
49.000      2.55063e+00
50.000      1.88137e+00
51.000      1.32024e+00
52.000      8.81185e-01
53.000      5.59266e-01
54.000      3.37543e-01
55.000      1.93998e-01
56.000      1.06968e-01
57.000      5.85348e-02
58.000      3.60947e-02
59.000      3.27564e-02
60.000      4.72573e-02
61.000      8.38456e-02
62.000      1.52222e-01
63.000      2.67262e-01
64.000      4.47975e-01
65.000      7.15094e-01
66.000      1.08693e+00
67.000      1.57367e+00
68.000      2.17111e+00
69.000      2.85549e+00
70.000      3.58146e+00
71.000      4.28492e+00
72.000      4.89116e+00
73.000      5.32739e+00
74.000      5.53674e+00
75.000      5.49033e+00
76.000      5.19381e+00
77.000      4.68659e+00
78.000      4.03377e+00
79.000      3.31335e+00
80.000      2.60220e+00
81.000      1.96468e+00
82.000      1.44603e+00
83.000      1.07117e+00
84.000      8.47476e-01
85.000      7.69176e-01
86.000      8.21339e-01
87.000      9.82355e-01
88.000      1.22520e+00
89.000      1.51878e+00
90.000      1.83054e+00
91.000      2.13105e+00
92.000      2.39928e+00
93.000      2.62687e+00
94.000      2.81901e+00
95.000      2.99089e+00
96.000      3.16043e+00
97.000      3.33969e+00
98.000      3.52845e+00
99.000      3.71253e+00
100.000      3.86809e+00
101.000      3.97065e+00
102.000      4.00596e+00
103.000      3.97908e+00
104.000      3.91837e+00
105.000      3.87263e+00
106.000      3.90159e+00
107.000      4.06205e+00
108.000      4.39311e+00
109.000      4.90482e+00
110.000      5.57348e+00
111.000      6.34532e+00
112.000      7.14794e+00
113.000      7.90653e+00
114.000      8.56022e+00
115.000      9.07374e+00
116.000      9.44092e+00
117.000      9.67950e+00
118.000      9.81950e+00
119.000      9.89012e+00
120.000      9.91021e+00
121.000      9.88557e+00
122.000      9.81341e+00
123.000      9.69068e+00
124.000      9.52188e+00
125.000      9.32211e+00
126.000      9.11407e+00
127.000      8.92027e+00
128.000      8.75453e+00
129.000      8.61646e+00
130.000      8.49167e+00
131.000      8.35733e+00
132.000      8.19078e+00
133.000      7.97775e+00
134.000      7.71719e+00
135.000      7.42152e+00
136.000      7.11287e+00
137.000      6.81716e+00
138.000      6.55826e+00
139.000      6.35397e+00
140.000      6.21453e+00
141.000      6.14336e+00
142.000      6.13919e+00
143.000      6.19827e+00
144.000      6.31553e+00
145.000      6.48439e+00
146.000      6.69541e+00
147.000      6.93484e+00
148.000      7.18438e+00
149.000      7.42304e+00
150.000      7.63124e+00
151.000      7.79619e+00
152.000      7.91720e+00
153.000      8.00906e+00
154.000      8.10225e+00
155.000      8.23947e+00
156.000      8.46846e+00
157.000      8.83228e+00
158.000      9.35858e+00
159.000      1.00503e+01
160.000      1.08801e+01
161.000      1.17911e+01
162.000      1.27044e+01
163.000      1.35321e+01
164.000      1.41939e+01
165.000      1.46312e+01
166.000      1.48166e+01
167.000      1.47551e+01
168.000      1.44782e+01
169.000      1.40329e+01
170.000      1.34696e+01
171.000      1.28318e+01
172.000      1.21510e+01
173.000      1.14458e+01
174.000      1.07242e+01
175.000      9.98834e+00
176.000      9.23884e+00
177.000      8.47776e+00
178.000      7.71051e+00
179.000      6.94675e+00
180.000      6.20132e+00
181.000      5.49500e+00
182.000      4.85462e+00
183.000      4.31133e+00
184.000      3.89632e+00
185.000      3.63434e+00
186.000      3.53686e+00
187.000      3.59729e+00
188.000      3.79047e+00
189.000      4.07710e+00
190.000      4.41177e+00
191.000      4.75208e+00
192.000      5.06587e+00
193.000      5.33495e+00
194.000      5.55482e+00
195.000      5.73181e+00
196.000      5.87905e+00
197.000      6.01274e+00
198.000      6.14926e+00
199.000      6.30290e+00
200.000      6.48393e+00
201.000      6.69677e+00
202.000      6.93832e+00
203.000      7.19722e+00
204.000      7.45440e+00
205.000      7.68541e+00
206.000      7.86432e+00
207.000      7.96825e+00
208.000      7.98142e+00
209.000      7.89757e+00
210.000      7.72034e+00
211.000      7.46199e+00
212.000      7.14113e+00
213.000      6.78010e+00
214.000      6.40238e+00
215.000      6.02989e+00
216.000      5.68029e+00
217.000      5.36472e+00
218.000      5.08652e+00
219.000      4.84164e+00
220.000      4.62024e+00
221.000      4.40919e+00
222.000      4.19429e+00
223.000      3.96205e+00
224.000      3.70104e+00
225.000      3.40330e+00
226.000      3.06594e+00
227.000      2.69279e+00
228.000      2.29492e+00
229.000      1.88957e+00
230.000      1.49733e+00
231.000      1.13819e+00
232.000      8.27709e-01
233.000      5.74603e-01
234.000      3.80134e-01
235.000      2.39331e-01
236.000      1.43251e-01
237.000      8.14470e-02
238.000      4.39599e-02
239.000      2.25124e-02
240.000      1.09345e-02
241.000      5.03561e-03
242.000      2.19818e-03
243.000      9.09371e-04
244.000      3.56458e-04
245.000      1.32373e-04
246.000      4.65645e-05
247.000      1.55141e-05
248.000      4.89546e-06
249.000      1.46392e-06
250.000      4.19449e-07
251.000      1.34821e-07
252.000      1.24767e-07
253.000      3.75524e-07
254.000      1.33271e-06
255.000      4.54646e-06
256.000      1.46888e-05
257.000      4.49024e-05
258.000      1.29869e-04
259.000      3.55395e-04
260.000      9.20244e-04
261.000      2.25482e-03
262.000      5.22857e-03
263.000      1.14756e-02
264.000      2.38442e-02
265.000      4.69174e-02
266.000      8.74611e-02
267.000      1.54559e-01
268.000      2.59151e-01
269.000      4.12789e-01
270.000      6.25701e-01
271.000      9.04658e-01
272.000      1.25149e+00
273.000      1.66304e+00
274.000      2.13279e+00
275.000      2.65344e+00
276.000      3.21853e+00
277.000      3.82151e+00
278.000      4.45132e+00
279.000      5.08616e+00
280.000      5.68907e+00
281.000      6.20976e+00
282.000      6.59517e+00
283.000      6.80745e+00
284.000      6.84385e+00
285.000      6.75053e+00
286.000      6.62311e+00
287.000      6.59128e+00
288.000      6.79006e+00
289.000      7.32560e+00
290.000      8.24556e+00
291.000      9.52267e+00
292.000      1.10564e+01
293.000      1.26917e+01
294.000      1.42494e+01
295.000      1.55593e+01
296.000      1.64879e+01
297.000      1.69562e+01
298.000      1.69458e+01
299.000      1.64975e+01
300.000      1.57032e+01
301.000      1.46955e+01
302.000      1.36324e+01
303.000      1.26765e+01
304.000      1.19691e+01
305.000      1.16025e+01
306.000      1.15987e+01
307.000      1.19007e+01
308.000      1.23833e+01
309.000      1.28819e+01
310.000      1.32323e+01
311.000      1.33128e+01
312.000      1.30750e+01
313.000      1.25584e+01
314.000      1.18830e+01
315.000      1.12237e+01
316.000      1.07726e+01
317.000      1.06966e+01
318.000      1.11016e+01
319.000      1.20091e+01
320.000      1.33531e+01
321.000      1.49962e+01
322.000      1.67625e+01
323.000      1.84779e+01
324.000      2.00067e+01
325.000      2.12752e+01
326.000      2.22756e+01
327.000      2.30516e+01
328.000      2.36725e+01
329.000      2.42036e+01
330.000      2.46839e+01
331.000      2.51165e+01
332.000      2.54726e+01
333.000      2.57061e+01
334.000      2.57726e+01
335.000      2.56453e+01
336.000      2.53242e+01
337.000      2.48351e+01
338.000      2.42233e+01
339.000      2.35433e+01
340.000      2.28499e+01
341.000      2.21928e+01
342.000      2.16153e+01
343.000      2.11540e+01
344.000      2.08387e+01
345.000      2.06907e+01
346.000      2.07198e+01
347.000      2.09211e+01
348.000      2.12748e+01
349.000      2.17475e+01
350.000      2.22977e+01
351.000      2.28831e+01
352.000      2.34674e+01
353.000      2.40265e+01
354.000      2.45499e+01
355.000      2.50385e+01
356.000      2.54973e+01
357.000      2.59258e+01
358.000      2.63094e+01
359.000      2.66140e+01
360.000      2.67882e+01
361.000      2.67714e+01
362.000      2.65070e+01
363.000      2.59566e+01
364.000      2.51098e+01
365.000      2.39876e+01
366.000      2.26380e+01
367.000      2.11256e+01
368.000      1.95185e+01
369.000      1.78777e+01
370.000      1.62516e+01
371.000      1.46773e+01
372.000      1.31861e+01
373.000      1.18099e+01
374.000      1.05848e+01
375.000      9.54862e+00
376.000      8.73563e+00
377.000      8.17057e+00
378.000      7.86637e+00
379.000      7.82753e+00
380.000      8.05772e+00
381.000      8.56698e+00
382.000      9.37346e+00
383.000      1.04962e+01
384.000      1.19406e+01
385.000      1.36817e+01
386.000      1.56550e+01
387.000      1.77595e+01
388.000      1.98760e+01
389.000      2.18916e+01
390.000      2.37215e+01
391.000      2.53160e+01
392.000      2.66492e+01
393.000      2.76939e+01
394.000      2.83969e+01
395.000      2.86691e+01
396.000      2.83973e+01
397.000      2.74772e+01
398.000      2.58546e+01
399.000      2.35583e+01
400.000      2.07113e+01
401.000      1.75156e+01
402.000      1.42155e+01
403.000      1.10506e+01
404.000      8.21590e+00
405.000      5.83511e+00
406.000      3.95529e+00
407.000      2.55760e+00
408.000      1.57851e+00
409.000      9.33473e-01
410.000      5.36890e-01
411.000      3.15373e-01
412.000      2.13852e-01
413.000      1.96048e-01
414.000      2.41398e-01
415.000      3.40386e-01
416.000      4.89706e-01
417.000      6.88179e-01
418.000      9.33930e-01
419.000      1.22302e+00
420.000      1.54928e+00
421.000      1.90491e+00
422.000      2.28096e+00
423.000      2.66735e+00
424.000      3.05199e+00
425.000      3.41968e+00
426.000      3.75146e+00
427.000      4.02511e+00
428.000      4.21731e+00
429.000      4.30693e+00
430.000      4.27884e+00
431.000      4.12728e+00
432.000      3.85785e+00
433.000      3.48770e+00
434.000      3.04389e+00
435.000      2.56000e+00
436.000      2.07161e+00
437.000      1.61174e+00
438.000      1.20695e+00
439.000      8.75127e-01
440.000      6.25120e-01
441.000      4.58081e-01
442.000      3.69551e-01
443.000      3.51418e-01
444.000      3.93013e-01
445.000      4.81228e-01
446.000      6.00127e-01
447.000      7.30915e-01
448.000      8.53019e-01
449.000      9.46541e-01
450.000      9.95585e-01
451.000      9.91425e-01
452.000      9.34297e-01
453.000      8.33061e-01
454.000      7.02756e-01
455.000      5.60864e-01
456.000      4.23478e-01
457.000      3.02499e-01
458.000      2.04425e-01
459.000      1.30696e-01
460.000      7.90510e-02
461.000      4.52346e-02
462.000      2.44879e-02
463.000      1.25415e-02
464.000      6.07668e-03
465.000      2.78548e-03
466.000      1.20796e-03
467.000      4.95587e-04
468.000      1.92356e-04
469.000      7.06335e-05
470.000      2.45376e-05
471.000      8.06440e-06
472.000      2.50743e-06
473.000      7.37570e-07
474.000      2.05256e-07
475.000      5.40387e-08
476.000      1.34596e-08
477.000      3.17159e-09
478.000      7.07033e-10
479.000      1.49115e-10
480.000      2.97521e-11
481.000      5.61608e-12
482.000      1.00292e-12
483.000      1.69440e-13
484.000      2.70823e-14
485.000      4.09516e-15
486.000      5.85833e-16
487.000      7.92857e-17
488.000      1.01516e-17
489.000      1.22967e-18
490.000      1.40917e-19
491.000      1.52776e-20
492.000      1.56698e-21
493.000      1.52051e-22
494.000      1.39584e-23
495.000      1.21226e-24
496.000      9.96036e-26
497.000      7.74234e-27
498.000      5.69360e-28
499.000      3.96113e-29
500.000      2.60717e-30
