4.500000000000000000e+01
4.376940000000000452e+01
4.027619999999999578e+01
3.506234999999999502e+01
2.887709999999999511e+01
2.250000000000000000e+01
1.658550000000000324e+01
1.156627499999999920e+01
7.630905000000002936e+00
4.762950000000000017e+00
2.812500000000000000e+00
1.571190000000000087e+00
8.304146000000000027e-01
4.152929999999999677e-01
1.967245999999999995e-01
8.889841000000001103e-02
4.015828000000000453e-02
2.307566000000000131e-02
2.711787999999999352e-02
5.549720000000000347e-02
1.269336399999999865e-01
2.828025999999999596e-01
5.997736999999999652e-01
1.206834299999999915e+00
2.302963000000000093e+00
4.167829000000000228e+00
7.153925999999999341e+00
1.164722700000000088e+01
1.798759999999999692e+01
2.635245999999999356e+01
3.662623999999999569e+01
4.829542000000001423e+01
6.041967999999999250e+01
7.171715000000000373e+01
8.076966000000000179e+01
8.630959999999998900e+01
8.750974999999999682e+01
8.418570000000001130e+01
7.684260000000000446e+01
6.655081000000001268e+01
5.469278999999999513e+01
4.266622999999999877e+01
3.163206999999999880e+01
2.237203999999999837e+01
1.527229099999999917e+01
1.040982999999999947e+01
7.691367000000000509e+00
6.991407000000000593e+00
8.247017999999998850e+00
1.148598199999999814e+01
1.678423000000000087e+01
2.416597999999999757e+01
3.347643999999999664e+01
4.426745000000000374e+01
5.574232999999999549e+01
6.679497999999999536e+01
7.615463000000001159e+01
8.261232000000001108e+01
8.527174999999999727e+01
8.375145999999999447e+01
7.827480999999998801e+01
6.961863000000001023e+01
5.893852000000000402e+01
4.752696000000000254e+01
3.657757999999999754e+01
2.701855999999999725e+01
1.944652999999999565e+01
1.415570300000000259e+01
1.122822199999999881e+01
1.063906500000000044e+01
1.233384000000000036e+01
1.625380299999999778e+01
2.230482000000000298e+01
3.028729000000000227e+01
3.981969000000000136e+01
5.029308999999999941e+01
6.088971000000000089e+01
7.067986999999999398e+01
7.878691000000000599e+01
8.458444999999998970e+01
8.787120999999999071e+01
8.896790000000000020e+01
8.869773999999999603e+01
8.824386999999998693e+01
8.891395000000001403e+01
9.187247999999999593e+01
9.791018999999998584e+01
1.073089799999999912e+02
1.198279300000000092e+02
1.347981399999999610e+02
1.512827700000000277e+02
1.682474999999999739e+02
1.846924999999999955e+02
1.997266999999999655e+02
2.125851000000000113e+02
2.226219000000000108e+02
2.292982000000000085e+02
2.321968999999999710e+02
2.310619999999999834e+02
2.258557999999999595e+02
2.168108000000000004e+02
2.044512999999999749e+02
1.895727999999999724e+02
1.731747999999999763e+02
1.563538900000000069e+02
1.401832799999999963e+02
1.256077399999999926e+02
1.133775499999999994e+02
1.040314900000000051e+02
9.792072999999999183e+01
9.524963000000001045e+01
9.610595999999999606e+01
1.004632399999999990e+02
1.081575599999999895e+02
1.188567999999999927e+02
1.320483700000000056e+02
1.470621599999999773e+02
1.631311999999999500e+02
1.794731000000000165e+02
1.953701999999999828e+02
2.102235000000000582e+02
2.235725000000000193e+02
2.350810000000000173e+02
2.445078000000000316e+02
2.516766999999999825e+02
2.564592999999999847e+02
2.587845000000000368e+02
2.586598999999999933e+02
2.561958999999999946e+02
2.516173000000000570e+02
2.452492000000000019e+02
2.374807999999999879e+02
2.287228000000000350e+02
2.193661999999999921e+02
2.097623000000000104e+02
2.002279000000000337e+02
1.910569000000000415e+02
1.825346000000000117e+02
1.749333999999999492e+02
1.684913100000000270e+02
1.633744699999999739e+02
1.596404799999999966e+02
1.572138699999999858e+02
1.558864699999999743e+02
1.553406500000000108e+02
1.551934799999999939e+02
1.550505499999999870e+02
1.545579899999999895e+02
1.534445200000000398e+02
1.515488200000000347e+02
1.488268600000000106e+02
1.453456400000000031e+02
1.412610300000000052e+02
1.367870800000000031e+02
1.321589500000000044e+02
1.275978599999999972e+02
1.232823099999999954e+02
1.193348600000000204e+02
1.158265199999999879e+02
1.127985200000000106e+02
1.102932999999999879e+02
1.083829299999999733e+02
1.071823899999999981e+02
1.068405899999999917e+02
1.075088299999999748e+02
1.092964999999999947e+02
1.122291199999999947e+02
1.162252500000000026e+02
1.211010999999999740e+02
1.266039700000000181e+02
1.324630000000000223e+02
1.384412599999999998e+02
1.443713700000000131e+02
1.501677999999999997e+02
1.558136000000000081e+02
1.613320099999999968e+02
1.667549099999999669e+02
1.720994000000000028e+02
1.773557000000000130e+02
1.824898000000000309e+02
1.874536999999999978e+02
1.922001000000000204e+02
1.966953000000000031e+02
2.009278000000000191e+02
2.049154000000000053e+02
2.087007000000000403e+02
2.123492999999999995e+02
2.159439999999999884e+02
2.195798000000000343e+02
2.233593999999999653e+02
2.273872000000000355e+02
2.317598000000000127e+02
2.365550000000000068e+02
2.418209999999999695e+02
2.475647999999999911e+02
2.537494000000000369e+02
2.602878000000000043e+02
2.670397999999999570e+02
2.738014000000000010e+02
2.802937000000000012e+02
2.861530000000000200e+02
2.909334000000000060e+02
2.941308999999999969e+02
2.952259999999999991e+02
2.937504000000000133e+02
2.893563999999999510e+02
2.818842000000000212e+02
2.713990999999999758e+02
2.582050000000000409e+02
2.428152999999999793e+02
2.259009000000000356e+02
2.082203999999999837e+02
1.905511400000000037e+02
1.736292300000000068e+02
1.581117900000000134e+02
1.445505300000000091e+02
1.333807500000000061e+02
1.249093799999999987e+02
1.193051200000000023e+02
1.165874900000000025e+02
1.166165100000000052e+02
1.190924100000000010e+02
1.235694599999999781e+02
1.294900999999999840e+02
1.362399399999999901e+02
1.432208100000000002e+02
1.499312799999999868e+02
1.560372099999999875e+02
1.614175600000000088e+02
1.661674399999999991e+02
1.705590000000000259e+02
1.749618999999999858e+02
1.797495000000000118e+02
1.852093000000000131e+02
1.914836999999999989e+02
1.985460999999999956e+02
2.062126000000000090e+02
2.141776000000000124e+02
2.220557000000000016e+02
2.294253999999999962e+02
2.358610000000000184e+02
2.409668999999999812e+02
2.444044000000000096e+02
2.459184000000000196e+02
2.453579000000000008e+02
2.426877999999999815e+02
2.379847999999999786e+02
2.314211000000000240e+02
2.232406000000000290e+02
2.137317000000000178e+02
2.032055699999999945e+02
1.919825800000000129e+02
1.803851599999999848e+02
1.687323700000000031e+02
1.573321899999999687e+02
1.464671299999999690e+02
1.363752999999999815e+02
1.272301299999999884e+02
1.191248999999999967e+02
1.120659499999999866e+02
1.059795000000000016e+02
1.007309600000000103e+02
9.615560999999999581e+01
9.209877000000000180e+01
8.846197000000000799e+01
8.525160999999999945e+01
8.262213999999998748e+01
8.090299999999999159e+01
8.059590000000000032e+01
8.233087000000000444e+01
8.677819999999999823e+01
9.452573000000001002e+01
1.059433700000000158e+02
1.210673999999999779e+02
1.395342999999999734e+02
1.605842399999999941e+02
1.831382399999999677e+02
2.059311999999999898e+02
2.276716000000000122e+02
2.471890999999999963e+02
2.635473000000000070e+02
2.760977000000000317e+02
2.844794999999999732e+02
2.885825000000000387e+02
2.884934000000000083e+02
2.844533999999999878e+02
2.768322000000000003e+02
2.661188000000000216e+02
2.529196000000000311e+02
2.379346000000000174e+02
2.219149999999999636e+02
2.055932999999999993e+02
1.896117999999999597e+02
1.744579999999999984e+02
1.604392499999999870e+02
1.476883799999999667e+02
1.362050099999999873e+02
1.259065000000000225e+02
1.166786299999999983e+02
1.084076199999999943e+02
1.009926899999999961e+02
9.434262999999999977e+01
8.836557000000000528e+01
8.296371000000000606e+01
7.803830999999999563e+01
7.350565000000000282e+01
6.931768999999999892e+01
6.547777000000000669e+01
6.204289000000000698e+01
5.910978999999999672e+01
5.678824999999999790e+01
5.517108999999999241e+01
5.430965000000000487e+01
5.420143000000000200e+01
5.479020999999998764e+01
5.597576000000000107e+01
5.762819000000000358e+01
5.960408999999999935e+01
6.176359000000000066e+01
6.398764999999999503e+01
6.619464000000000681e+01
6.835479000000002259e+01
7.050018999999998925e+01
7.272938999999999510e+01
7.520555999999999131e+01
7.814742999999999995e+01
8.180969999999999231e+01
8.645124000000001274e+01
9.229093999999999198e+01
9.945769000000002791e+01
1.079470099999999917e+02
1.175995599999999826e+02
1.281122200000000078e+02
1.390828400000000045e+02
1.500774999999999864e+02
1.607000199999999950e+02
1.706431699999999694e+02
1.797081000000000017e+02
1.877934999999999661e+02
1.948616000000000099e+02
2.009007000000000005e+02
2.058933000000000106e+02
2.097986999999999966e+02
2.125492000000000417e+02
2.140528999999999940e+02
2.141990999999999872e+02
2.128682999999999765e+02
2.099406999999999925e+02
2.053196999999999832e+02
1.989564000000000021e+02
1.908884999999999934e+02
1.812695000000000221e+02
1.703927600000000098e+02
1.586872299999999996e+02
1.466874599999999873e+02
1.349765400000000000e+02
1.241119899999999916e+02
1.145493699999999961e+02
1.065834800000000087e+02
1.003172600000000187e+02
9.566432000000000357e+01
9.238176000000001409e+01
9.012302999999998576e+01
8.849913999999998282e+01
8.713600999999999885e+01
8.572078000000000486e+01
8.403055000000000518e+01
8.194348999999998284e+01
7.943406000000000233e+01
7.655675999999999704e+01
7.342440000000000566e+01
7.018581000000000358e+01
6.700623000000000218e+01
6.405214999999999748e+01
6.148026000000000124e+01
5.943054000000000059e+01
5.802188999999999908e+01
5.734893000000000285e+01
5.747461999999999449e+01
5.841633000000000209e+01
6.012241999999999820e+01
6.244503999999999877e+01
6.512047999999998638e+01
6.777307999999999311e+01
6.995349999999999113e+01
7.121169999999999334e+01
7.118771000000000981e+01
6.969315000000000282e+01
6.675472000000000605e+01
6.260438000000001324e+01
5.761968999999999852e+01
5.223658000000000357e+01
4.686263000000001000e+01
4.181524999999999892e+01
3.729411999999999949e+01
3.338381000000000398e+01
3.007479000000000013e+01
2.728955000000000197e+01
2.490844000000000236e+01
2.279263999999999868e+01
2.080629299999999660e+01
1.883765300000000309e+01
1.681613600000000375e+01
1.472169199999999911e+01
1.258259000000000150e+01
1.046273200000000081e+01
8.442382000000000275e+00
6.598251199999999983e+00
4.988246099999999572e+00
3.643722700000000092e+00
2.569017399999999895e+00
1.746312269999999778e+00
1.143002869999999893e+00
7.192942400000000847e-01
4.345122959999999646e-01
2.515405000000000557e-01
1.393149290000000040e-01
7.370161790000001600e-02
3.718806770000000067e-02
1.787310713999999690e-02
8.172630370000001296e-03
3.551869279000000219e-03
1.465946789000000406e-03
5.741724343999999843e-04
2.132939369500000133e-04
7.511393523000002136e-05
2.506701562899999887e-05
7.924831264499999139e-06
2.372872082300000356e-06
6.727718994899998398e-07
1.805929604760000065e-07
4.588992152489999174e-08
1.103754386507000354e-08
2.512647159210000502e-09
5.413333541149999645e-10
1.103695434934000041e-10
2.129453872160999769e-11
3.887806412367001353e-12
6.716573826677999802e-13
1.097966665378800030e-13
1.698317741720400210e-14
2.485613455620399997e-15
3.442125871048899474e-16
4.510185344684499522e-17
5.591552883943699783e-18
6.559028874980499072e-19
7.279685928883899985e-20
7.644523129685900465e-21
7.595396473248029204e-22
7.140248931276492066e-23
6.350892852135239635e-24
5.344616522061103909e-25
4.255554755139379041e-26
3.205925288558962435e-27
2.285116220746620471e-28
1.541058004183953569e-29
9.832991750199167471e-31
5.936186932905104930e-32
3.390661907076167771e-33
1.832381887334087569e-34
9.369128821149129784e-36
4.532488410054868692e-37
2.074567697390993089e-38
8.984016281326495997e-40
3.680993381488494780e-41
1.426955992833302640e-42
5.233703821245207388e-44
1.816174718989975203e-45
5.962877935563878708e-47
1.852270531032404800e-48
5.443800832844511285e-50
1.513734451031680721e-51
3.982397248228423860e-53
9.912620634826484695e-55
2.334427039378451702e-56
5.201396700929686021e-58
1.096495635576608805e-59
2.186953032912491515e-61
4.126862588532287244e-63
7.367932311847577033e-65
1.244565318384303988e-66
1.988989414926397899e-68
3.007417511696603849e-70
4.302296597136608200e-72
5.823040659403945804e-74
7.456640689036549416e-76
9.034000681307926186e-78
1.035523063745964905e-79
1.123007056437279349e-81
1.152250047280448162e-83
1.118544037479765165e-85
1.027309028113029333e-87
8.926680199532208674e-90
7.338720134001795719e-92
5.708090085152710986e-94
4.200496051200275075e-96
2.924493029129293838e-98
1.926379015680908897e-100
1.200518007987155419e-102
7.078422038493831744e-105
3.948598017553619225e-107
