# Gaussian folded, width=10 cm^-1
# [cm^-1] arbitrary
0.000      3.00000e+00
1.000      2.91796e+00
2.000      2.68508e+00
3.000      2.33749e+00
4.000      1.92514e+00
5.000      1.50000e+00
6.000      1.10570e+00
7.000      7.71085e-01
8.000      5.08727e-01
9.000      3.17530e-01
10.000      1.87503e-01
11.000      1.04757e-01
12.000      5.53942e-02
13.000      2.77860e-02
14.000      1.33987e-02
15.000      6.68950e-03
16.000      4.61907e-03
17.000      6.21485e-03
18.000      1.24612e-02
19.000      2.66492e-02
20.000      5.51932e-02
21.000      1.08753e-01
22.000      2.03271e-01
23.000      3.60235e-01
24.000      6.05265e-01
25.000      9.64177e-01
26.000      1.45621e+00
27.000      2.08523e+00
28.000      2.83105e+00
29.000      3.64424e+00
30.000      4.44767e+00
31.000      5.14665e+00
32.000      5.64653e+00
33.000      5.87359e+00
34.000      5.79285e+00
35.000      5.41705e+00
36.000      4.80356e+00
37.000      4.04059e+00
38.000      3.22740e+00
39.000      2.45515e+00
40.000      1.79380e+00
41.000      1.28768e+00
42.000      9.58864e-01
43.000      8.14847e-01
44.000      8.56387e-01
45.000      1.08177e+00
46.000      1.48585e+00
47.000      2.05438e+00
48.000      2.75632e+00
49.000      3.53794e+00
50.000      4.32256e+00
51.000      5.01817e+00
52.000      5.53241e+00
53.000      5.79118e+00
54.000      5.75548e+00
55.000      5.43073e+00
56.000      4.86555e+00
57.000      4.14019e+00
58.000      3.34876e+00
59.000      2.58087e+00
60.000      1.90795e+00
61.000      1.37720e+00
62.000      1.01297e+00
63.000      8.23064e-01
64.000      8.06166e-01
65.000      9.57292e-01
66.000      1.26933e+00
67.000      1.73076e+00
68.000      2.32128e+00
69.000      3.00785e+00
70.000      3.74401e+00
71.000      4.47409e+00
72.000      5.14260e+00
73.000      5.70663e+00
74.000      6.14814e+00
75.000      6.48167e+00
76.000      6.75441e+00
77.000      7.03748e+00
78.000      7.41014e+00
79.000      7.94113e+00
80.000      8.67238e+00
81.000      9.60938e+00
82.000      1.07200e+01
83.000      1.19409e+01
84.000      1.31889e+01
85.000      1.43730e+01
86.000      1.54066e+01
87.000      1.62163e+01
88.000      1.67492e+01
89.000      1.69774e+01
90.000      1.68994e+01
91.000      1.65382e+01
92.000      1.59362e+01
93.000      1.51482e+01
94.000      1.42335e+01
95.000      1.32509e+01
96.000      1.22542e+01
97.000      1.12922e+01
98.000      1.04094e+01
99.000      9.64820e+00
100.000      9.05031e+00
101.000      8.65670e+00
102.000      8.50496e+00
103.000      8.62407e+00
104.000      9.02734e+00
105.000      9.70514e+00
106.000      1.06201e+01
107.000      1.17071e+01
108.000      1.28805e+01
109.000      1.40468e+01
110.000      1.51220e+01
111.000      1.60465e+01
112.000      1.67946e+01
113.000      1.73726e+01
114.000      1.78086e+01
115.000      1.81346e+01
116.000      1.83708e+01
117.000      1.85160e+01
118.000      1.85488e+01
119.000      1.84386e+01
120.000      1.81606e+01
121.000      1.77101e+01
122.000      1.71095e+01
123.000      1.64076e+01
124.000      1.56698e+01
125.000      1.49649e+01
126.000      1.43503e+01
127.000      1.38607e+01
128.000      1.35022e+01
129.000      1.32536e+01
130.000      1.30734e+01
131.000      1.29117e+01
132.000      1.27228e+01
133.000      1.24751e+01
134.000      1.21567e+01
135.000      1.17749e+01
136.000      1.13502e+01
137.000      1.09081e+01
138.000      1.04703e+01
139.000      1.00482e+01
140.000      9.63977e+00
141.000      9.23172e+00
142.000      8.80383e+00
143.000      8.33644e+00
144.000      7.81763e+00
145.000      7.24805e+00
146.000      6.64185e+00
147.000      6.02286e+00
148.000      5.41759e+00
149.000      4.84757e+00
150.000      4.32401e+00
151.000      3.84715e+00
152.000      3.41040e+00
153.000      3.00754e+00
154.000      2.64010e+00
155.000      2.32171e+00
156.000      2.07807e+00
157.000      1.94243e+00
158.000      1.94849e+00
159.000      2.12277e+00
160.000      2.47843e+00
161.000      3.01161e+00
162.000      3.70032e+00
163.000      4.50568e+00
164.000      5.37582e+00
165.000      6.25264e+00
166.000      7.08216e+00
167.000      7.82730e+00
168.000      8.48030e+00
169.000      9.06979e+00
170.000      9.65779e+00
171.000      1.03242e+01
172.000      1.11414e+01
173.000      1.21469e+01
174.000      1.33240e+01
175.000      1.45981e+01
176.000      1.58524e+01
177.000      1.69577e+01
178.000      1.78059e+01
179.000      1.83382e+01
180.000      1.85567e+01
181.000      1.85204e+01
182.000      1.83249e+01
183.000      1.80746e+01
184.000      1.78539e+01
185.000      1.77064e+01
186.000      1.76275e+01
187.000      1.75731e+01
188.000      1.74842e+01
189.000      1.73206e+01
190.000      1.70915e+01
191.000      1.68725e+01
192.000      1.67993e+01
193.000      1.70377e+01
194.000      1.77376e+01
195.000      1.89854e+01
196.000      2.07706e+01
197.000      2.29777e+01
198.000      2.54072e+01
199.000      2.78160e+01
200.000      2.99669e+01
201.000      3.16703e+01
202.000      3.28086e+01
203.000      3.33415e+01
204.000      3.32940e+01
205.000      3.27359e+01
206.000      3.17602e+01
207.000      3.04643e+01
208.000      2.89382e+01
209.000      2.72568e+01
210.000      2.54793e+01
211.000      2.36514e+01
212.000      2.18116e+01
213.000      1.99982e+01
214.000      1.82533e+01
215.000      1.66211e+01
216.000      1.51405e+01
217.000      1.38338e+01
218.000      1.26979e+01
219.000      1.17022e+01
220.000      1.07953e+01
221.000      9.92149e+00
222.000      9.03868e+00
223.000      8.13546e+00
224.000      7.23957e+00
225.000      6.41634e+00
226.000      5.75732e+00
227.000      5.36203e+00
228.000      5.31739e+00
229.000      5.67930e+00
230.000      6.46045e+00
231.000      7.62669e+00
232.000      9.10296e+00
233.000      1.07871e+01
234.000      1.25689e+01
235.000      1.43490e+01
236.000      1.60537e+01
237.000      1.76414e+01
238.000      1.90995e+01
239.000      2.04336e+01
240.000      2.16533e+01
241.000      2.27593e+01
242.000      2.37366e+01
243.000      2.45541e+01
244.000      2.51714e+01
245.000      2.55470e+01
246.000      2.56466e+01
247.000      2.54464e+01
248.000      2.49337e+01
249.000      2.41056e+01
250.000      2.29688e+01
251.000      2.15433e+01
252.000      1.98668e+01
253.000      1.79991e+01
254.000      1.60209e+01
255.000      1.40261e+01
256.000      1.21079e+01
257.000      1.03435e+01
258.000      8.78298e+00
259.000      7.44726e+00
260.000      6.33458e+00
261.000      5.43337e+00
262.000      4.73598e+00
263.000      4.24821e+00
264.000      3.99200e+00
265.000      4.00123e+00
266.000      4.31304e+00
267.000      4.95766e+00
268.000      5.94949e+00
269.000      7.28106e+00
270.000      8.92027e+00
271.000      1.08111e+01
272.000      1.28768e+01
273.000      1.50265e+01
274.000      1.71616e+01
275.000      1.91848e+01
276.000      2.10061e+01
277.000      2.25491e+01
278.000      2.37533e+01
279.000      2.45753e+01
280.000      2.49889e+01
281.000      2.49842e+01
282.000      2.45672e+01
283.000      2.37598e+01
284.000      2.25992e+01
285.000      2.11375e+01
286.000      1.94406e+01
287.000      1.75856e+01
288.000      1.56573e+01
289.000      1.37424e+01
290.000      1.19230e+01
291.000      1.02683e+01
292.000      8.82804e+00
293.000      7.62902e+00
294.000      6.67462e+00
295.000      5.94886e+00
296.000      5.42288e+00
297.000      5.06195e+00
298.000      4.83118e+00
299.000      4.69866e+00
300.000      4.63601e+00
301.000      4.61723e+00
302.000      4.61732e+00
303.000      4.61188e+00
304.000      4.57837e+00
305.000      4.49881e+00
306.000      4.36308e+00
307.000      4.17170e+00
308.000      3.93682e+00
309.000      3.68098e+00
310.000      3.43318e+00
311.000      3.22322e+00
312.000      3.07546e+00
313.000      3.00354e+00
314.000      3.00756e+00
315.000      3.07433e+00
316.000      3.18060e+00
317.000      3.29810e+00
318.000      3.39923e+00
319.000      3.46178e+00
320.000      3.47187e+00
321.000      3.42474e+00
322.000      3.32367e+00
323.000      3.17779e+00
324.000      2.99947e+00
325.000      2.80211e+00
326.000      2.59842e+00
327.000      2.39925e+00
328.000      2.21255e+00
329.000      2.04248e+00
330.000      1.88870e+00
331.000      1.74644e+00
332.000      1.60775e+00
333.000      1.46388e+00
334.000      1.30819e+00
335.000      1.13860e+00
336.000      9.58529e-01
337.000      7.76055e-01
338.000      6.01570e-01
339.000      4.44960e-01
340.000      3.13273e-01
341.000      2.09563e-01
342.000      1.33028e-01
343.000      8.00610e-02
344.000      4.56529e-02
345.000      2.46543e-02
346.000      1.26054e-02
347.000      6.10049e-03
348.000      2.79415e-03
349.000      1.21106e-03
350.000      4.96680e-04
351.000      1.92735e-04
352.000      7.07624e-05
353.000      2.45804e-05
354.000      8.07816e-06
355.000      2.51170e-06
356.000      7.38838e-07
357.000      2.05615e-07
358.000      5.41358e-08
359.000      1.34845e-08
360.000      3.17764e-09
361.000      7.08424e-10
362.000      1.49417e-10
363.000      2.98145e-11
364.000      5.62824e-12
365.000      1.00516e-12
366.000      1.69830e-13
367.000      2.71465e-14
368.000      4.10515e-15
369.000      5.87304e-16
370.000      7.94904e-17
371.000      1.01785e-17
372.000      1.23302e-18
373.000      1.41311e-19
374.000      1.53213e-20
375.000      1.57158e-21
376.000      1.52508e-22
377.000      1.40013e-23
378.000      1.21607e-24
379.000      9.99241e-26
380.000      7.76779e-27
381.000      5.71272e-28
382.000      3.97471e-29
383.000      2.61629e-30
384.000      1.62924e-31
385.000      9.59841e-33
386.000      5.34974e-34
387.000      2.82087e-35
388.000      1.40719e-36
389.000      6.64106e-38
390.000      2.96511e-39
391.000      1.25246e-40
392.000      5.00497e-42
393.000      1.89216e-43
394.000      6.76755e-45
395.000      2.28993e-46
396.000      7.33047e-48
397.000      2.22003e-49
398.000      6.36068e-51
399.000      1.72411e-52
400.000      4.42125e-54
401.000      1.07261e-55
402.000      2.46182e-57
403.000      5.34551e-59
404.000      1.09809e-60
405.000      2.13406e-62
406.000      3.92366e-64
407.000      6.82487e-66
408.000      1.12309e-67
409.000      1.74845e-69
410.000      2.57518e-71
411.000      3.58824e-73
412.000      4.73012e-75
413.000      5.89903e-77
414.000      6.95996e-79
415.000      7.76873e-81
416.000      8.20373e-83
417.000      8.19578e-85
418.000      7.74616e-87
419.000      6.92629e-89
420.000      5.85911e-91
421.000      4.68901e-93
422.000      3.55016e-95
423.000      2.54292e-97
424.000      1.72319e-99
425.000     1.10472e-101
426.000     6.70025e-104
427.000     3.84455e-106
428.000     2.08698e-108
429.000     1.07179e-110
430.000     5.20734e-113
431.000     2.39354e-115
432.000     1.04084e-117
433.000     4.28197e-120
434.000     1.66656e-122
435.000     6.13645e-125
436.000     2.13762e-127
437.000     7.04468e-130
438.000     2.19639e-132
439.000     6.47852e-135
440.000     1.80784e-137
441.000     4.77266e-140
442.000     1.19201e-142
443.000     2.81654e-145
444.000     6.29607e-148
445.000     1.33150e-150
446.000     2.66398e-153
447.000     5.04240e-156
448.000     9.02945e-159
449.000     1.52969e-161
450.000     2.45168e-164
451.000     3.71741e-167
452.000     5.33255e-170
453.000     7.23681e-173
454.000     9.29132e-176
455.000     1.12856e-178
456.000     1.29685e-181
457.000     1.40985e-184
458.000     1.45002e-187
459.000     1.41088e-190
460.000     1.29875e-193
461.000     1.13105e-196
462.000     9.31860e-200
463.000     7.26339e-203
464.000     5.35606e-206
465.000     3.73653e-209
466.000     2.46610e-212
467.000     1.53982e-215
468.000     9.09589e-219
469.000     5.08322e-222
470.000     2.68751e-225
471.000     1.34425e-228
472.000     6.36102e-232
473.000     2.84768e-235
474.000     1.20607e-238
475.000     4.83251e-242
476.000     1.83185e-245
477.000     6.56938e-249
478.000     2.22883e-252
479.000     7.15397e-256
480.000     2.17237e-259
481.000     6.24079e-263
482.000     1.69614e-266
483.000     4.36117e-270
484.000     1.06087e-273
485.000     2.44139e-277
486.000     5.31532e-281
487.000     1.09481e-284
488.000     2.13338e-288
489.000     3.93292e-292
490.000     6.85928e-296
491.000     1.13177e-299
492.000     1.76668e-303
493.000     2.60900e-307
494.000     3.64509e-311
495.000     4.81793e-315
496.000     6.02464e-319
497.000     6.91692e-323
498.000      0.00000e+00
499.000      0.00000e+00
500.000      0.00000e+00
