# Gaussian folded, width=10 cm^-1
# [cm^-1] arbitrary
0.000      3.00000e+00
1.000      2.91796e+00
2.000      2.68508e+00
3.000      2.33749e+00
4.000      1.92514e+00
5.000      1.50000e+00
6.000      1.10570e+00
7.000      7.71085e-01
8.000      5.08727e-01
9.000      3.17529e-01
10.000      1.87500e-01
11.000      1.04746e-01
12.000      5.53591e-02
13.000      2.76798e-02
14.000      1.30944e-02
15.000      5.86347e-03
16.000      2.49412e-03
17.000      1.03531e-03
18.000      4.99200e-04
19.000      4.77020e-04
20.000      9.49444e-04
21.000      2.27775e-03
22.000      5.37802e-03
23.000      1.21027e-02
24.000      2.58566e-02
25.000      5.24333e-02
26.000      1.00957e-01
27.000      1.84647e-01
28.000      3.20944e-01
29.000      5.30403e-01
30.000      8.33857e-01
31.000      1.24769e+00
32.000      1.77773e+00
33.000      2.41309e+00
34.000      3.12186e+00
35.000      3.85074e+00
36.000      4.52995e+00
37.000      5.08331e+00
38.000      5.44188e+00
39.000      5.55778e+00
40.000      5.41455e+00
41.000      5.03095e+00
42.000      4.45706e+00
43.000      3.76371e+00
44.000      3.02828e+00
45.000      2.32081e+00
46.000      1.69384e+00
47.000      1.17788e+00
48.000      7.82539e-01
49.000      5.01843e-01
50.000      3.21453e-01
51.000      2.25721e-01
52.000      2.03086e-01
53.000      2.49118e-01
54.000      3.67037e-01
55.000      5.65899e-01
56.000      8.56847e-01
57.000      1.24804e+00
58.000      1.73924e+00
59.000      2.31723e+00
60.000      2.95336e+00
61.000      3.60415e+00
62.000      4.21527e+00
63.000      4.72824e+00
64.000      5.08901e+00
65.000      5.25654e+00
66.000      5.20999e+00
67.000      4.95283e+00
68.000      4.51307e+00
69.000      3.93901e+00
70.000      3.29167e+00
71.000      2.63521e+00
72.000      2.02795e+00
73.000      1.51609e+00
74.000      1.13122e+00
75.000      8.91391e-01
76.000      8.04327e-01
77.000      8.70541e-01
78.000      1.08468e+00
79.000      1.43449e+00
80.000      1.89818e+00
81.000      2.44219e+00
82.000      3.02136e+00
83.000      3.58300e+00
84.000      4.07469e+00
85.000      4.45402e+00
86.000      4.69760e+00
87.000      4.80664e+00
88.000      4.80761e+00
89.000      4.74781e+00
90.000      4.68723e+00
91.000      4.68855e+00
92.000      4.80697e+00
93.000      5.08153e+00
94.000      5.52882e+00
95.000      6.14037e+00
96.000      6.88431e+00
97.000      7.71150e+00
98.000      8.56524e+00
99.000      9.39207e+00
100.000      1.01508e+01
101.000      1.08169e+01
102.000      1.13815e+01
103.000      1.18456e+01
104.000      1.22121e+01
105.000      1.24796e+01
106.000      1.26396e+01
107.000      1.26782e+01
108.000      1.25817e+01
109.000      1.23432e+01
110.000      1.19675e+01
111.000      1.14739e+01
112.000      1.08944e+01
113.000      1.02698e+01
114.000      9.64429e+00
115.000      9.05919e+00
116.000      8.54864e+00
117.000      8.13645e+00
118.000      7.83505e+00
119.000      7.64650e+00
120.000      7.56503e+00
121.000      7.58057e+00
122.000      7.68243e+00
123.000      7.86197e+00
124.000      8.11358e+00
125.000      8.43358e+00
126.000      8.81755e+00
127.000      9.25721e+00
128.000      9.73827e+00
129.000      1.02404e+01
130.000      1.07396e+01
131.000      1.12119e+01
132.000      1.16378e+01
133.000      1.20049e+01
134.000      1.23086e+01
135.000      1.25505e+01
136.000      1.27345e+01
137.000      1.28634e+01
138.000      1.29356e+01
139.000      1.29450e+01
140.000      1.28822e+01
141.000      1.27383e+01
142.000      1.25090e+01
143.000      1.21980e+01
144.000      1.18176e+01
145.000      1.13877e+01
146.000      1.09315e+01
147.000      1.04725e+01
148.000      1.00309e+01
149.000      9.62281e+00
150.000      9.26084e+00
151.000      8.95520e+00
152.000      8.71439e+00
153.000      8.54472e+00
154.000      8.44896e+00
155.000      8.42490e+00
156.000      8.46474e+00
157.000      8.55567e+00
158.000      8.68146e+00
159.000      8.82429e+00
160.000      8.96602e+00
161.000      9.08874e+00
162.000      9.17469e+00
163.000      9.20647e+00
164.000      9.16802e+00
165.000      9.04688e+00
166.000      8.83712e+00
167.000      8.54201e+00
168.000      8.17520e+00
169.000      7.75978e+00
170.000      7.32508e+00
171.000      6.90219e+00
172.000      6.51926e+00
173.000      6.19770e+00
174.000      5.94979e+00
175.000      5.77791e+00
176.000      5.67529e+00
177.000      5.62789e+00
178.000      5.61749e+00
179.000      5.62542e+00
180.000      5.63624e+00
181.000      5.64056e+00
182.000      5.63626e+00
183.000      5.62775e+00
184.000      5.62392e+00
185.000      5.63558e+00
186.000      5.67324e+00
187.000      5.74576e+00
188.000      5.85963e+00
189.000      6.01842e+00
190.000      6.22211e+00
191.000      6.46633e+00
192.000      6.74191e+00
193.000      7.03521e+00
194.000      7.32938e+00
195.000      7.60637e+00
196.000      7.84920e+00
197.000      8.04408e+00
198.000      8.18235e+00
199.000      8.26211e+00
200.000      8.28967e+00
201.000      8.28026e+00
202.000      8.25714e+00
203.000      8.24854e+00
204.000      8.28195e+00
205.000      8.37685e+00
206.000      8.53781e+00
207.000      8.75020e+00
208.000      8.98095e+00
209.000      9.18475e+00
210.000      9.31488e+00
211.000      9.33548e+00
212.000      9.23168e+00
213.000      9.01424e+00
214.000      8.71729e+00
215.000      8.38989e+00
216.000      8.08450e+00
217.000      7.84588e+00
218.000      7.70351e+00
219.000      7.66887e+00
220.000      7.73703e+00
221.000      7.89113e+00
222.000      8.10767e+00
223.000      8.36156e+00
224.000      8.63001e+00
225.000      8.89505e+00
226.000      9.14452e+00
227.000      9.37142e+00
228.000      9.57198e+00
229.000      9.74305e+00
230.000      9.88007e+00
231.000      9.97634e+00
232.000      1.00241e+01
233.000      1.00172e+01
234.000      9.95348e+00
235.000      9.83723e+00
236.000      9.67917e+00
237.000      9.49481e+00
238.000      9.30112e+00
239.000      9.11251e+00
240.000      8.93728e+00
241.000      8.77554e+00
242.000      8.61918e+00
243.000      8.45417e+00
244.000      8.26451e+00
245.000      8.03686e+00
246.000      7.76457e+00
247.000      7.44978e+00
248.000      7.10309e+00
249.000      6.74077e+00
250.000      6.38072e+00
251.000      6.03835e+00
252.000      5.72396e+00
253.000      5.44191e+00
254.000      5.19175e+00
255.000      4.97036e+00
256.000      4.77427e+00
257.000      4.60135e+00
258.000      4.45177e+00
259.000      4.32798e+00
260.000      4.23390e+00
261.000      4.17329e+00
262.000      4.14736e+00
263.000      4.15223e+00
264.000      4.17716e+00
265.000      4.20453e+00
266.000      4.21229e+00
267.000      4.17841e+00
268.000      4.08618e+00
269.000      3.92837e+00
270.000      3.70878e+00
271.000      3.44051e+00
272.000      3.14182e+00
273.000      2.83106e+00
274.000      2.52264e+00
275.000      2.22549e+00
276.000      1.94419e+00
277.000      1.68206e+00
278.000      1.44479e+00
279.000      1.24292e+00
280.000      1.09240e+00
281.000      1.01281e+00
282.000      1.02387e+00
283.000      1.14109e+00
284.000      1.37162e+00
285.000      1.71120e+00
286.000      2.14310e+00
287.000      2.63946e+00
288.000      3.16522e+00
289.000      3.68404e+00
290.000      4.16513e+00
291.000      4.58917e+00
292.000      4.95169e+00
293.000      5.26262e+00
294.000      5.54183e+00
295.000      5.81197e+00
296.000      6.09067e+00
297.000      6.38464e+00
298.000      6.68775e+00
299.000      6.98354e+00
300.000      7.25141e+00
301.000      7.47407e+00
302.000      7.64397e+00
303.000      7.76652e+00
304.000      7.85944e+00
305.000      7.94870e+00
306.000      8.06257e+00
307.000      8.22531e+00
308.000      8.45234e+00
309.000      8.74769e+00
310.000      9.10420e+00
311.000      9.50628e+00
312.000      9.93421e+00
313.000      1.03689e+01
314.000      1.07962e+01
315.000      1.12089e+01
316.000      1.16078e+01
317.000      1.19999e+01
318.000      1.23965e+01
319.000      1.28104e+01
320.000      1.32541e+01
321.000      1.37393e+01
322.000      1.42765e+01
323.000      1.48765e+01
324.000      1.55496e+01
325.000      1.63052e+01
326.000      1.71478e+01
327.000      1.80728e+01
328.000      1.90625e+01
329.000      2.00840e+01
330.000      2.10915e+01
331.000      2.20335e+01
332.000      2.28618e+01
333.000      2.35426e+01
334.000      2.40631e+01
335.000      2.44338e+01
336.000      2.46847e+01
337.000      2.48564e+01
338.000      2.49902e+01
339.000      2.51180e+01
340.000      2.52575e+01
341.000      2.54112e+01
342.000      2.55693e+01
343.000      2.57159e+01
344.000      2.58342e+01
345.000      2.59112e+01
346.000      2.59393e+01
347.000      2.59162e+01
348.000      2.58437e+01
349.000      2.57257e+01
350.000      2.55665e+01
351.000      2.53687e+01
352.000      2.51322e+01
353.000      2.48520e+01
354.000      2.45181e+01
355.000      2.41154e+01
356.000      2.36251e+01
357.000      2.30282e+01
358.000      2.23090e+01
359.000      2.14588e+01
360.000      2.04785e+01
361.000      1.93804e+01
362.000      1.81876e+01
363.000      1.69326e+01
364.000      1.56547e+01
365.000      1.43958e+01
366.000      1.31962e+01
367.000      1.20897e+01
368.000      1.10991e+01
369.000      1.02333e+01
370.000      9.48803e+00
371.000      8.84928e+00
372.000      8.30012e+00
373.000      7.82824e+00
374.000      7.43167e+00
375.000      7.12097e+00
376.000      6.91735e+00
377.000      6.84785e+00
378.000      6.93979e+00
379.000      7.21604e+00
380.000      7.69172e+00
381.000      8.37194e+00
382.000      9.24942e+00
383.000      1.03018e+01
384.000      1.14888e+01
385.000      1.27512e+01
386.000      1.40122e+01
387.000      1.51820e+01
388.000      1.61662e+01
389.000      1.68757e+01
390.000      1.72379e+01
391.000      1.72057e+01
392.000      1.67656e+01
393.000      1.59402e+01
394.000      1.47872e+01
395.000      1.33921e+01
396.000      1.18567e+01
397.000      1.02847e+01
398.000      8.76732e+00
399.000      7.37284e+00
400.000      6.14162e+00
401.000      5.08838e+00
402.000      4.20951e+00
403.000      3.49257e+00
404.000      2.92447e+00
405.000      2.49586e+00
406.000      2.20114e+00
407.000      2.03534e+00
408.000      1.99001e+00
409.000      2.05030e+00
410.000      2.19404e+00
411.000      2.39304e+00
412.000      2.61553e+00
413.000      2.82902e+00
414.000      3.00306e+00
415.000      3.11170e+00
416.000      3.13597e+00
417.000      3.06597e+00
418.000      2.90252e+00
419.000      2.65756e+00
420.000      2.35309e+00
421.000      2.01837e+00
422.000      1.68592e+00
423.000      1.38674e+00
424.000      1.14584e+00
425.000      9.78583e-01
426.000      8.88521e-01
427.000      8.67193e-01
428.000      8.95883e-01
429.000      9.49272e-01
430.000      1.00038e+00
431.000      1.02582e+00
432.000      1.01022e+00
433.000      9.48559e-01
434.000      8.45996e-01
435.000      7.15284e-01
436.000      5.72743e-01
437.000      4.34101e-01
438.000      3.11357e-01
439.000      2.11302e-01
440.000      1.35675e-01
441.000      8.24190e-02
442.000      4.73676e-02
443.000      2.57548e-02
444.000      1.32481e-02
445.000      6.44716e-03
446.000      2.96826e-03
447.000      1.29286e-03
448.000      5.32747e-04
449.000      2.07686e-04
450.000      7.65970e-05
451.000      2.67260e-05
452.000      8.82211e-06
453.000      2.75505e-06
454.000      8.13961e-07
455.000      2.27508e-07
456.000      6.01597e-08
457.000      1.50499e-08
458.000      3.56187e-09
459.000      7.97517e-10
460.000      1.68935e-10
461.000      3.38546e-11
462.000      6.41849e-12
463.000      1.15124e-12
464.000      1.95351e-13
465.000      3.13606e-14
466.000      4.76288e-15
467.000      6.84342e-16
468.000      9.30238e-17
469.000      1.19628e-17
470.000      1.45542e-18
471.000      1.67518e-19
472.000      1.82412e-20
473.000      1.87915e-21
474.000      1.83142e-22
475.000      1.68862e-23
476.000      1.47297e-24
477.000      1.21555e-25
478.000      9.49010e-27
479.000      7.00947e-28
480.000      4.89798e-29
481.000      3.23793e-30
482.000      2.02504e-31
483.000      1.19817e-32
484.000      6.70689e-34
485.000      3.55174e-35
486.000      1.77942e-36
487.000      8.43402e-38
488.000      3.78188e-39
489.000      1.60435e-40
490.000      6.43881e-42
491.000      2.44473e-43
492.000      8.78162e-45
493.000      2.98425e-46
494.000      9.59432e-48
495.000      2.91817e-49
496.000      8.39699e-51
497.000      2.28589e-52
498.000      5.88713e-54
499.000      1.43440e-55
500.000      3.30639e-57
