# Gaussian folded, width=10 cm^-1
# [cm^-1] arbitrary
0.000      3.00000e+00
1.000      2.91796e+00
2.000      2.68508e+00
3.000      2.33749e+00
4.000      1.92514e+00
5.000      1.50000e+00
6.000      1.10570e+00
7.000      7.71085e-01
8.000      5.08727e-01
9.000      3.17529e-01
10.000      1.87500e-01
11.000      1.04746e-01
12.000      5.53590e-02
13.000      2.76795e-02
14.000      1.30932e-02
15.000      5.85948e-03
16.000      2.48111e-03
17.000      9.95125e-04
18.000      3.81758e-04
19.000      1.52173e-04
20.000      9.91198e-05
21.000      1.71369e-04
22.000      4.40341e-04
23.000      1.14992e-03
24.000      2.86794e-03
25.000      6.78334e-03
26.000      1.52061e-02
27.000      3.23107e-02
28.000      6.50908e-02
29.000      1.24352e-01
30.000      2.25360e-01
31.000      3.87562e-01
32.000      6.32720e-01
33.000      9.81025e-01
34.000      1.44530e+00
35.000      2.02431e+00
36.000      2.69706e+00
37.000      3.42032e+00
38.000      4.13129e+00
39.000      4.75584e+00
40.000      5.22116e+00
41.000      5.46966e+00
42.000      5.47056e+00
43.000      5.22588e+00
44.000      4.76945e+00
45.000      4.15927e+00
46.000      3.46575e+00
47.000      2.75888e+00
48.000      2.09742e+00
49.000      1.52219e+00
50.000      1.05408e+00
51.000      6.96250e-01
52.000      4.38907e-01
53.000      2.65134e-01
54.000      1.56235e-01
55.000      9.58135e-02
56.000      7.23915e-02
57.000      8.07542e-02
58.000      1.22375e-01
59.000      2.05117e-01
60.000      3.42158e-01
61.000      5.49902e-01
62.000      8.44626e-01
63.000      1.23795e+00
64.000      1.73170e+00
65.000      2.31333e+00
66.000      2.95342e+00
67.000      3.60641e+00
68.000      4.21536e+00
69.000      4.71995e+00
70.000      5.06630e+00
71.000      5.21628e+00
72.000      5.15416e+00
73.000      4.88900e+00
74.000      4.45264e+00
75.000      3.89380e+00
76.000      3.27005e+00
77.000      2.63928e+00
78.000      2.05263e+00
79.000      1.54995e+00
80.000      1.15831e+00
81.000      8.93157e-01
82.000      7.61033e-01
83.000      7.62571e-01
84.000      8.94404e-01
85.000      1.14936e+00
86.000      1.51502e+00
87.000      1.97141e+00
88.000      2.48920e+00
89.000      3.02963e+00
90.000      3.54705e+00
91.000      3.99421e+00
92.000      4.32951e+00
93.000      4.52468e+00
94.000      4.57101e+00
95.000      4.48241e+00
96.000      4.29417e+00
97.000      4.05750e+00
98.000      3.83122e+00
99.000      3.67236e+00
100.000      3.62799e+00
101.000      3.72969e+00
102.000      3.99146e+00
103.000      4.41049e+00
104.000      4.97019e+00
105.000      5.64426e+00
106.000      6.40094e+00
107.000      7.20655e+00
108.000      8.02785e+00
109.000      8.83283e+00
110.000      9.59045e+00
111.000      1.02701e+01
112.000      1.08421e+01
113.000      1.12805e+01
114.000      1.15672e+01
115.000      1.16967e+01
116.000      1.16791e+01
117.000      1.15388e+01
118.000      1.13082e+01
119.000      1.10194e+01
120.000      1.06952e+01
121.000      1.03445e+01
122.000      9.96359e+00
123.000      9.54383e+00
124.000      9.08180e+00
125.000      8.58833e+00
126.000      8.09239e+00
127.000      7.63807e+00
128.000      7.27531e+00
129.000      7.04764e+00
130.000      6.98059e+00
131.000      7.07442e+00
132.000      7.30333e+00
133.000      7.62138e+00
134.000      7.97353e+00
135.000      8.30880e+00
136.000      8.59184e+00
137.000      8.80959e+00
138.000      8.97131e+00
139.000      9.10222e+00
140.000      9.23314e+00
141.000      9.38977e+00
142.000      9.58504e+00
143.000      9.81634e+00
144.000      1.00675e+01
145.000      1.03142e+01
146.000      1.05298e+01
147.000      1.06909e+01
148.000      1.07810e+01
149.000      1.07937e+01
150.000      1.07339e+01
151.000      1.06186e+01
152.000      1.04748e+01
153.000      1.03349e+01
154.000      1.02304e+01
155.000      1.01845e+01
156.000      1.02077e+01
157.000      1.02968e+01
158.000      1.04368e+01
159.000      1.06050e+01
160.000      1.07758e+01
161.000      1.09235e+01
162.000      1.10248e+01
163.000      1.10602e+01
164.000      1.10156e+01
165.000      1.08843e+01
166.000      1.06683e+01
167.000      1.03771e+01
168.000      1.00264e+01
169.000      9.63380e+00
170.000      9.21549e+00
171.000      8.78298e+00
172.000      8.34238e+00
173.000      7.89531e+00
174.000      7.44136e+00
175.000      6.98126e+00
176.000      6.51988e+00
177.000      6.06845e+00
178.000      5.64545e+00
179.000      5.27580e+00
180.000      4.98814e+00
181.000      4.81017e+00
182.000      4.76279e+00
183.000      4.85413e+00
184.000      5.07507e+00
185.000      5.39778e+00
186.000      5.77797e+00
187.000      6.16079e+00
188.000      6.48950e+00
189.000      6.71497e+00
190.000      6.80415e+00
191.000      6.74551e+00
192.000      6.55000e+00
193.000      6.24755e+00
194.000      5.87986e+00
195.000      5.49199e+00
196.000      5.12501e+00
197.000      4.81150e+00
198.000      4.57430e+00
199.000      4.42710e+00
200.000      4.37516e+00
201.000      4.41484e+00
202.000      4.53199e+00
203.000      4.70087e+00
204.000      4.88548e+00
205.000      5.04467e+00
206.000      5.14039e+00
207.000      5.14681e+00
208.000      5.05710e+00
209.000      4.88538e+00
210.000      4.66259e+00
211.000      4.42774e+00
212.000      4.21703e+00
213.000      4.05442e+00
214.000      3.94612e+00
215.000      3.88026e+00
216.000      3.83126e+00
217.000      3.76704e+00
218.000      3.65711e+00
219.000      3.47928e+00
220.000      3.22407e+00
221.000      2.89606e+00
222.000      2.51225e+00
223.000      2.09828e+00
224.000      1.68317e+00
225.000      1.29405e+00
226.000      9.51799e-01
227.000      6.68716e-01
228.000      4.48184e-01
229.000      2.86214e-01
230.000      1.73986e-01
231.000      1.00591e-01
232.000      5.52731e-02
233.000      2.88478e-02
234.000      1.42932e-02
235.000      6.72001e-03
236.000      2.99689e-03
237.000      1.26734e-03
238.000      5.08057e-04
239.000      1.93031e-04
240.000      6.94936e-05
241.000      2.37022e-05
242.000      7.65754e-06
243.000      2.34308e-06
244.000      6.78938e-07
245.000      1.86282e-07
246.000      4.83917e-08
247.000      1.19028e-08
248.000      2.78047e-09
249.000      6.62426e-10
250.000      3.87845e-10
251.000      1.26383e-09
252.000      5.57814e-09
253.000      2.37286e-08
254.000      9.55797e-08
255.000      3.64291e-07
256.000      1.31374e-06
257.000      4.48280e-06
258.000      1.44735e-05
259.000      4.42168e-05
260.000      1.27820e-04
261.000      3.49637e-04
262.000      9.05023e-04
263.000      2.21692e-03
264.000      5.13948e-03
265.000      1.12776e-02
266.000      2.34270e-02
267.000      4.60806e-02
268.000      8.58566e-02
269.000      1.51601e-01
270.000      2.53874e-01
271.000      4.03627e-01
272.000      6.10147e-01
273.000      8.78805e-01
274.000      1.20949e+00
275.000      1.59666e+00
276.000      2.03147e+00
277.000      2.50519e+00
278.000      3.01223e+00
279.000      3.55050e+00
280.000      4.11770e+00
281.000      4.70442e+00
282.000      5.28703e+00
283.000      5.82516e+00
284.000      6.26738e+00
285.000      6.56552e+00
286.000      6.69407e+00
287.000      6.66734e+00
288.000      6.54718e+00
289.000      6.43648e+00
290.000      6.45874e+00
291.000      6.72931e+00
292.000      7.32646e+00
293.000      8.27083e+00
294.000      9.51848e+00
295.000      1.09686e+01
296.000      1.24828e+01
297.000      1.39094e+01
298.000      1.51076e+01
299.000      1.59668e+01
300.000      1.64180e+01
301.000      1.64404e+01
302.000      1.60619e+01
303.000      1.53567e+01
304.000      1.44377e+01
305.000      1.34441e+01
306.000      1.25219e+01
307.000      1.18014e+01
308.000      1.13731e+01
309.000      1.12696e+01
310.000      1.14593e+01
311.000      1.18529e+01
312.000      1.23247e+01
313.000      1.27413e+01
314.000      1.29929e+01
315.000      1.30185e+01
316.000      1.28202e+01
317.000      1.24640e+01
318.000      1.20667e+01
319.000      1.17737e+01
320.000      1.17312e+01
321.000      1.20608e+01
322.000      1.28416e+01
323.000      1.41015e+01
324.000      1.58191e+01
325.000      1.79323e+01
326.000      2.03488e+01
327.000      2.29552e+01
328.000      2.56235e+01
329.000      2.82161e+01
330.000      3.05919e+01
331.000      3.26152e+01
332.000      3.41680e+01
333.000      3.51638e+01
334.000      3.55589e+01
335.000      3.53587e+01
336.000      3.46166e+01
337.000      3.34272e+01
338.000      3.19144e+01
339.000      3.02177e+01
340.000      2.84798e+01
341.000      2.68345e+01
342.000      2.53974e+01
343.000      2.42587e+01
344.000      2.34783e+01
345.000      2.30833e+01
346.000      2.30687e+01
347.000      2.34008e+01
348.000      2.40207e+01
349.000      2.48511e+01
350.000      2.58016e+01
351.000      2.67764e+01
352.000      2.76823e+01
353.000      2.84380e+01
354.000      2.89815e+01
355.000      2.92748e+01
356.000      2.93045e+01
357.000      2.90767e+01
358.000      2.86084e+01
359.000      2.79178e+01
360.000      2.70173e+01
361.000      2.59108e+01
362.000      2.45970e+01
363.000      2.30777e+01
364.000      2.13671e+01
365.000      1.95003e+01
366.000      1.75351e+01
367.000      1.55490e+01
368.000      1.36290e+01
369.000      1.18592e+01
370.000      1.03088e+01
371.000      9.02465e+00
372.000      8.02885e+00
373.000      7.32194e+00
374.000      6.88894e+00
375.000      6.70603e+00
376.000      6.74628e+00
377.000      6.98399e+00
378.000      7.39831e+00
379.000      7.97639e+00
380.000      8.71564e+00
381.000      9.62307e+00
382.000      1.07100e+01
383.000      1.19819e+01
384.000      1.34256e+01
385.000      1.50003e+01
386.000      1.66359e+01
387.000      1.82436e+01
388.000      1.97348e+01
389.000      2.10416e+01
390.000      2.21298e+01
391.000      2.29974e+01
392.000      2.36594e+01
393.000      2.41248e+01
394.000      2.43760e+01
395.000      2.43611e+01
396.000      2.40027e+01
397.000      2.32203e+01
398.000      2.19602e+01
399.000      2.02195e+01
400.000      1.80584e+01
401.000      1.55970e+01
402.000      1.29960e+01
403.000      1.04296e+01
404.000      8.05753e+00
405.000      6.00277e+00
406.000      4.33974e+00
407.000      3.09351e+00
408.000      2.24742e+00
409.000      1.75515e+00
410.000      1.55308e+00
411.000      1.57056e+00
412.000      1.73726e+00
413.000      1.98828e+00
414.000      2.26807e+00
415.000      2.53347e+00
416.000      2.75566e+00
417.000      2.92028e+00
418.000      3.02535e+00
419.000      3.07753e+00
420.000      3.08768e+00
421.000      3.06720e+00
422.000      3.02575e+00
423.000      2.97041e+00
424.000      2.90558e+00
425.000      2.83295e+00
426.000      2.75134e+00
427.000      2.65653e+00
428.000      2.54188e+00
429.000      2.39990e+00
430.000      2.22474e+00
431.000      2.01487e+00
432.000      1.77501e+00
433.000      1.51652e+00
434.000      1.25613e+00
435.000      1.01329e+00
436.000      8.06979e-01
437.000      6.52656e-01
438.000      5.59969e-01
439.000      5.31375e-01
440.000      5.61621e-01
441.000      6.38071e-01
442.000      7.41968e-01
443.000      8.50785e-01
444.000      9.41623e-01
445.000      9.95154e-01
446.000      9.99222e-01
447.000      9.51007e-01
448.000      8.57037e-01
449.000      7.30975e-01
450.000      5.89929e-01
451.000      4.50453e-01
452.000      3.25411e-01
453.000      2.22402e-01
454.000      1.43803e-01
455.000      8.79661e-02
456.000      5.09074e-02
457.000      2.78718e-02
458.000      1.44366e-02
459.000      7.07432e-03
460.000      3.27961e-03
461.000      1.43839e-03
462.000      5.96826e-04
463.000      2.34281e-04
464.000      8.70050e-05
465.000      3.05681e-05
466.000      1.01604e-05
467.000      3.19500e-06
468.000      9.50492e-07
469.000      2.67512e-07
470.000      7.12289e-08
471.000      1.79426e-08
472.000      4.27597e-09
473.000      9.64050e-10
474.000      2.05628e-10
475.000      4.14938e-11
476.000      7.92140e-12
477.000      1.43066e-12
478.000      2.44451e-13
479.000      3.95150e-14
480.000      6.04297e-15
481.000      8.74293e-16
482.000      1.19669e-16
483.000      1.54961e-17
484.000      1.89837e-18
485.000      2.20018e-19
486.000      2.41242e-20
487.000      2.50244e-21
488.000      2.45580e-22
489.000      2.28003e-23
490.000      2.00265e-24
491.000      1.66413e-25
492.000      1.30824e-26
493.000      9.72982e-28
494.000      6.84605e-29
495.000      4.55714e-30
496.000      2.86987e-31
497.000      1.70982e-32
498.000      9.63732e-34
499.000      5.13901e-35
500.000      2.59251e-36
