# Gaussian folded, width=10 cm^-1
# [cm^-1] arbitrary
0.000      3.00000e+00
1.000      2.91796e+00
2.000      2.68508e+00
3.000      2.33749e+00
4.000      1.92514e+00
5.000      1.50000e+00
6.000      1.10570e+00
7.000      7.71085e-01
8.000      5.08727e-01
9.000      3.17529e-01
10.000      1.87500e-01
11.000      1.04746e-01
12.000      5.53591e-02
13.000      2.76797e-02
14.000      1.30940e-02
15.000      5.86201e-03
16.000      2.48957e-03
17.000      1.02185e-03
18.000      4.61758e-04
19.000      3.78894e-04
20.000      7.07394e-04
21.000      1.71624e-03
22.000      4.15437e-03
23.000      9.60110e-03
24.000      2.10673e-02
25.000      4.38674e-02
26.000      8.66901e-02
27.000      1.62622e-01
28.000      2.89642e-01
29.000      4.89904e-01
30.000      7.87083e-01
31.000      1.20138e+00
32.000      1.74252e+00
33.000      2.40213e+00
34.000      3.14779e+00
35.000      3.92171e+00
36.000      4.64580e+00
37.000      5.23363e+00
38.000      5.60707e+00
39.000      5.71316e+00
40.000      5.53640e+00
41.000      5.10245e+00
42.000      4.47204e+00
43.000      3.72711e+00
44.000      2.95349e+00
45.000      2.22513e+00
46.000      1.59381e+00
47.000      1.08590e+00
48.000      7.05331e-01
49.000      4.40592e-01
50.000      2.73011e-01
51.000      1.84158e-01
52.000      1.61203e-01
53.000      1.99852e-01
54.000      3.04944e-01
55.000      4.88823e-01
56.000      7.67611e-01
57.000      1.15558e+00
58.000      1.65835e+00
59.000      2.26624e+00
60.000      2.94975e+00
61.000      3.65903e+00
62.000      4.32865e+00
63.000      4.88713e+00
64.000      5.26944e+00
65.000      5.42943e+00
66.000      5.34867e+00
67.000      5.03980e+00
68.000      4.54339e+00
69.000      3.91964e+00
70.000      3.23732e+00
71.000      2.56278e+00
72.000      1.95147e+00
73.000      1.44367e+00
74.000      1.06430e+00
75.000      8.26091e-01
76.000      7.34037e-01
77.000      7.89366e-01
78.000      9.91270e-01
79.000      1.33584e+00
80.000      1.81260e+00
81.000      2.40010e+00
82.000      3.06249e+00
83.000      3.74907e+00
84.000      4.39802e+00
85.000      4.94466e+00
86.000      5.33272e+00
87.000      5.52668e+00
88.000      5.52165e+00
89.000      5.34814e+00
90.000      5.06953e+00
91.000      4.77200e+00
92.000      4.54885e+00
93.000      4.48287e+00
94.000      4.63107e+00
95.000      5.01588e+00
96.000      5.62453e+00
97.000      6.41638e+00
98.000      7.33505e+00
99.000      8.32131e+00
100.000      9.32271e+00
101.000      1.02975e+01
102.000      1.12131e+01
103.000      1.20408e+01
104.000      1.27501e+01
105.000      1.33065e+01
106.000      1.36727e+01
107.000      1.38145e+01
108.000      1.37091e+01
109.000      1.33530e+01
110.000      1.27661e+01
111.000      1.19930e+01
112.000      1.10977e+01
113.000      1.01558e+01
114.000      9.24393e+00
115.000      8.42922e+00
116.000      7.76139e+00
117.000      7.26818e+00
118.000      6.95548e+00
119.000      6.81163e+00
120.000      6.81464e+00
121.000      6.94037e+00
122.000      7.16930e+00
123.000      7.49019e+00
124.000      7.89968e+00
125.000      8.39798e+00
126.000      8.98245e+00
127.000      9.64136e+00
128.000      1.03503e+01
129.000      1.10725e+01
130.000      1.17641e+01
131.000      1.23812e+01
132.000      1.28880e+01
133.000      1.32625e+01
134.000      1.34987e+01
135.000      1.36049e+01
136.000      1.35991e+01
137.000      1.35026e+01
138.000      1.33352e+01
139.000      1.31112e+01
140.000      1.28385e+01
141.000      1.25196e+01
142.000      1.21550e+01
143.000      1.17468e+01
144.000      1.13033e+01
145.000      1.08398e+01
146.000      1.03785e+01
147.000      9.94502e+00
148.000      9.56237e+00
149.000      9.24638e+00
150.000      9.00211e+00
151.000      8.82362e+00
152.000      8.69662e+00
153.000      8.60298e+00
154.000      8.52564e+00
155.000      8.45269e+00
156.000      8.37989e+00
157.000      8.31126e+00
158.000      8.25781e+00
159.000      8.23432e+00
160.000      8.25487e+00
161.000      8.32787e+00
162.000      8.45217e+00
163.000      8.61547e+00
164.000      8.79601e+00
165.000      8.96720e+00
166.000      9.10368e+00
167.000      9.18671e+00
168.000      9.20674e+00
169.000      9.16252e+00
170.000      9.05720e+00
171.000      8.89378e+00
172.000      8.67228e+00
173.000      8.39029e+00
174.000      8.04668e+00
175.000      7.64673e+00
176.000      7.20595e+00
177.000      6.75041e+00
178.000      6.31320e+00
179.000      5.92819e+00
180.000      5.62338e+00
181.000      5.41597e+00
182.000      5.31049e+00
183.000      5.29981e+00
184.000      5.36826e+00
185.000      5.49556e+00
186.000      5.66051e+00
187.000      5.84394e+00
188.000      6.03037e+00
189.000      6.20876e+00
190.000      6.37217e+00
191.000      6.51691e+00
192.000      6.64140e+00
193.000      6.74513e+00
194.000      6.82806e+00
195.000      6.89056e+00
196.000      6.93394e+00
197.000      6.96136e+00
198.000      6.97878e+00
199.000      6.99555e+00
200.000      7.02428e+00
201.000      7.08000e+00
202.000      7.17848e+00
203.000      7.33431e+00
204.000      7.55855e+00
205.000      7.85643e+00
206.000      8.22507e+00
207.000      8.65160e+00
208.000      9.11239e+00
209.000      9.57411e+00
210.000      9.99715e+00
211.000      1.03411e+01
212.000      1.05715e+01
213.000      1.06658e+01
214.000      1.06178e+01
215.000      1.04388e+01
216.000      1.01550e+01
217.000      9.80349e+00
218.000      9.42481e+00
219.000      9.05665e+00
220.000      8.72798e+00
221.000      8.45602e+00
222.000      8.24629e+00
223.000      8.09577e+00
224.000      7.99783e+00
225.000      7.94736e+00
226.000      7.94402e+00
227.000      7.99239e+00
228.000      8.09879e+00
229.000      8.26583e+00
230.000      8.48666e+00
231.000      8.74113e+00
232.000      8.99599e+00
233.000      9.20939e+00
234.000      9.33919e+00
235.000      9.35242e+00
236.000      9.23320e+00
237.000      8.98654e+00
238.000      8.63701e+00
239.000      8.22282e+00
240.000      7.78743e+00
241.000      7.37089e+00
242.000      7.00331e+00
243.000      6.70125e+00
244.000      6.46743e+00
245.000      6.29301e+00
246.000      6.16156e+00
247.000      6.05349e+00
248.000      5.95005e+00
249.000      5.83591e+00
250.000      5.70019e+00
251.000      5.53626e+00
252.000      5.34099e+00
253.000      5.11438e+00
254.000      4.85992e+00
255.000      4.58542e+00
256.000      4.30356e+00
257.000      4.03148e+00
258.000      3.78892e+00
259.000      3.59544e+00
260.000      3.46723e+00
261.000      3.41437e+00
262.000      3.43890e+00
263.000      3.53380e+00
264.000      3.68274e+00
265.000      3.86074e+00
266.000      4.03590e+00
267.000      4.17255e+00
268.000      4.23588e+00
269.000      4.19742e+00
270.000      4.04045e+00
271.000      3.76377e+00
272.000      3.38255e+00
273.000      2.92595e+00
274.000      2.43185e+00
275.000      1.94025e+00
276.000      1.48705e+00
277.000      1.09984e+00
278.000      7.96496e-01
279.000      5.86454e-01
280.000      4.73725e-01
281.000      4.60238e-01
282.000      5.48224e-01
283.000      7.40787e-01
284.000      1.04058e+00
285.000      1.44721e+00
286.000      1.95449e+00
287.000      2.54863e+00
288.000      3.20813e+00
289.000      3.90543e+00
290.000      4.60974e+00
291.000      5.29034e+00
292.000      5.91971e+00
293.000      6.47604e+00
294.000      6.94494e+00
295.000      7.32020e+00
296.000      7.60323e+00
297.000      7.80124e+00
298.000      7.92450e+00
299.000      7.98374e+00
300.000      7.98874e+00
301.000      7.94855e+00
302.000      7.87300e+00
303.000      7.77458e+00
304.000      7.66931e+00
305.000      7.57641e+00
306.000      7.51680e+00
307.000      7.51122e+00
308.000      7.57855e+00
309.000      7.73409e+00
310.000      7.98779e+00
311.000      8.34222e+00
312.000      8.79104e+00
313.000      9.31889e+00
314.000      9.90358e+00
315.000      1.05202e+01
316.000      1.11463e+01
317.000      1.17670e+01
318.000      1.23776e+01
319.000      1.29848e+01
320.000      1.36051e+01
321.000      1.42612e+01
322.000      1.49773e+01
323.000      1.57730e+01
324.000      1.66577e+01
325.000      1.76266e+01
326.000      1.86594e+01
327.000      1.97231e+01
328.000      2.07767e+01
329.000      2.17788e+01
330.000      2.26928e+01
331.000      2.34919e+01
332.000      2.41596e+01
333.000      2.46907e+01
334.000      2.50893e+01
335.000      2.53679e+01
336.000      2.55454e+01
337.000      2.56455e+01
338.000      2.56939e+01
339.000      2.57156e+01
340.000      2.57309e+01
341.000      2.57538e+01
342.000      2.57906e+01
343.000      2.58409e+01
344.000      2.59010e+01
345.000      2.59672e+01
346.000      2.60379e+01
347.000      2.61125e+01
348.000      2.61874e+01
349.000      2.62500e+01
350.000      2.62745e+01
351.000      2.62230e+01
352.000      2.60524e+01
353.000      2.57247e+01
354.000      2.52183e+01
355.000      2.45336e+01
356.000      2.36922e+01
357.000      2.27296e+01
358.000      2.16854e+01
359.000      2.05944e+01
360.000      1.94826e+01
361.000      1.83672e+01
362.000      1.72601e+01
363.000      1.61718e+01
364.000      1.51140e+01
365.000      1.40992e+01
366.000      1.31395e+01
367.000      1.22433e+01
368.000      1.14142e+01
369.000      1.06510e+01
370.000      9.94884e+00
371.000      9.30231e+00
372.000      8.70784e+00
373.000      8.16603e+00
374.000      7.68331e+00
375.000      7.27315e+00
376.000      6.95689e+00
377.000      6.76380e+00
378.000      6.72933e+00
379.000      6.89088e+00
380.000      7.28080e+00
381.000      7.91752e+00
382.000      8.79699e+00
383.000      9.88695e+00
384.000      1.11261e+01
385.000      1.24294e+01
386.000      1.36980e+01
387.000      1.48317e+01
388.000      1.57411e+01
389.000      1.63550e+01
390.000      1.66251e+01
391.000      1.65258e+01
392.000      1.60538e+01
393.000      1.52272e+01
394.000      1.40867e+01
395.000      1.26965e+01
396.000      1.11431e+01
397.000      9.52987e+00
398.000      7.96660e+00
399.000      6.55563e+00
400.000      5.37738e+00
401.000      4.47923e+00
402.000      3.87082e+00
403.000      3.52677e+00
404.000      3.39587e+00
405.000      3.41377e+00
406.000      3.51562e+00
407.000      3.64566e+00
408.000      3.76214e+00
409.000      3.83795e+00
410.000      3.85841e+00
411.000      3.81807e+00
412.000      3.71779e+00
413.000      3.56254e+00
414.000      3.35984e+00
415.000      3.11851e+00
416.000      2.84778e+00
417.000      2.55689e+00
418.000      2.25542e+00
419.000      1.95413e+00
420.000      1.66568e+00
421.000      1.40457e+00
422.000      1.18576e+00
423.000      1.02198e+00
424.000      9.20529e-01
425.000      8.80507e-01
426.000      8.91634e-01
427.000      9.35305e-01
428.000      9.87908e-01
429.000      1.02565e+00
430.000      1.02964e+00
431.000      9.89680e-01
432.000      9.05770e-01
433.000      7.86952e-01
434.000      6.48016e-01
435.000      5.05311e-01
436.000      3.72967e-01
437.000      2.60505e-01
438.000      1.72164e-01
439.000      1.07651e-01
440.000      6.36841e-02
441.000      3.56426e-02
442.000      1.88725e-02
443.000      9.45391e-03
444.000      4.48035e-03
445.000      2.00877e-03
446.000      8.52053e-04
447.000      3.41917e-04
448.000      1.29806e-04
449.000      4.66212e-05
450.000      1.58413e-05
451.000      5.09232e-06
452.000      1.54867e-06
453.000      4.45572e-07
454.000      1.21282e-07
455.000      3.12314e-08
456.000      7.60859e-09
457.000      1.75362e-09
458.000      3.82370e-10
459.000      7.88768e-11
460.000      1.53933e-11
461.000      2.84206e-12
462.000      4.96423e-13
463.000      8.20330e-14
464.000      1.28246e-14
465.000      1.89677e-15
466.000      2.65401e-16
467.000      3.51325e-17
468.000      4.39981e-18
469.000      5.21285e-19
470.000      5.84298e-20
471.000      6.19600e-21
472.000      6.21593e-22
473.000      5.89955e-23
474.000      5.29722e-24
475.000      4.49983e-25
476.000      3.61627e-26
477.000      2.74943e-27
478.000      1.97762e-28
479.000      1.34574e-29
480.000      8.66357e-31
481.000      5.27655e-32
482.000      3.04033e-33
483.000      1.65733e-34
484.000      8.54702e-36
485.000      4.17002e-37
486.000      1.92477e-38
487.000      8.40500e-40
488.000      3.47227e-41
489.000      1.35709e-42
490.000      5.01787e-44
491.000      1.75529e-45
492.000      5.80891e-47
493.000      1.81869e-48
494.000      5.38692e-50
495.000      1.50952e-51
496.000      4.00182e-53
497.000      1.00367e-54
498.000      2.38146e-56
499.000      5.34581e-58
500.000      1.13528e-59
