4.500000000000000000e+01
4.376940000000000452e+01
4.027619999999999578e+01
3.506234999999999502e+01
2.887709999999999511e+01
2.250000000000000000e+01
1.658550000000000324e+01
1.156627499999999920e+01
7.630905000000002936e+00
4.762935000000000585e+00
2.812500000000000000e+00
1.571190000000000087e+00
8.303850000000002618e-01
4.151925000000001309e-01
1.963979999999999893e-01
8.789224999999999122e-02
3.721674999999999983e-02
1.492679799999999980e-02
5.725481999999999620e-03
2.277850999999999574e-03
1.467057699999999932e-03
2.499744000000000358e-03
6.378224999999998653e-03
1.658755100000000246e-02
4.125022000000000411e-02
9.738331999999999544e-02
2.181166000000000493e-01
4.635480000000000711e-01
9.349733000000000072e-01
1.790240000000000054e+00
3.254969999999999253e+00
5.621219999999999217e+00
9.223383000000000109e+00
1.438341599999999687e+01
2.132476000000000127e+01
3.006746000000000052e+01
4.033122000000000185e+01
5.148175000000000523e+01
6.255533999999998684e+01
7.237593000000001098e+01
7.975361999999998375e+01
8.371886000000000649e+01
8.373033000000000925e+01
7.979509999999999081e+01
7.246465999999999497e+01
6.270900000000001029e+01
5.170805999999999614e+01
4.062165999999999144e+01
3.039860000000000184e+01
2.166483000000000203e+01
1.470194500000000382e+01
9.499368999999999730e+00
5.848442999999999614e+00
3.445129000000000552e+00
1.976828999999999725e+00
1.182271899999999931e+00
8.851104000000001859e-01
1.008276299999999903e+00
1.576962699999999939e+00
2.714426000000000894e+00
4.629457000000000377e+00
7.590158999999998990e+00
1.187766899999999914e+01
1.771768999999999750e+01
2.519606999999999886e+01
3.417502000000000351e+01
4.423528999999999201e+01
5.466940999999999207e+01
6.454340000000000543e+01
7.282520999999999844e+01
7.855818999999998198e+01
8.103979000000001065e+01
7.996053000000000566e+01
7.546644000000000574e+01
6.812924000000001001e+01
5.883296999999999599e+01
4.860942000000000007e+01
3.846623999999999910e+01
2.924872999999999834e+01
2.156294000000000111e+01
1.576583100000000215e+01
1.200856099999999849e+01
1.030559900000000084e+01
1.060039699999999918e+01
1.280466900000000052e+01
1.680227200000000209e+01
2.242279999999999873e+01
2.940088000000000434e+01
3.734241999999999706e+01
4.571644000000000574e+01
5.388306999999998936e+01
6.115838000000000108e+01
6.690505000000000280e+01
7.063125999999998328e+01
7.207804000000001565e+01
7.127721999999999980e+01
6.856880999999999915e+01
6.457437000000001603e+01
6.013001999999999470e+01
5.618755999999999773e+01
5.369497999999999394e+01
5.347001000000000204e+01
5.608309999999998752e+01
6.176865000000000805e+01
7.038383000000000322e+01
8.143020000000001346e+01
9.413967000000000951e+01
1.076103899999999953e+02
1.209614699999999914e+02
1.334667200000000093e+02
1.446344499999999869e+02
1.542158400000000142e+02
1.621496999999999957e+02
1.684719999999999800e+02
1.732240999999999929e+02
1.763956000000000017e+02
1.779116000000000213e+02
1.776646000000000072e+02
1.755667999999999722e+02
1.716090000000000089e+02
1.658972000000000264e+02
1.586681700000000035e+02
1.502818800000000010e+02
1.411965300000000241e+02
1.319359499999999912e+02
1.230524900000000343e+02
1.150868100000000140e+02
1.085247200000000021e+02
1.037500799999999970e+02
1.009967700000000121e+02
1.003076299999999890e+02
1.015145099999999871e+02
1.042549900000000065e+02
1.080352499999999907e+02
1.123327599999999933e+02
1.167146799999999871e+02
1.209346499999999907e+02
1.249716400000000078e+02
1.289933000000000050e+02
1.332520600000000002e+02
1.379519299999999760e+02
1.431328900000000033e+02
1.486151300000000219e+02
1.540206799999999987e+02
1.588593600000000094e+02
1.626469700000000103e+02
1.650181200000000104e+02
1.658002999999999929e+02
1.650429000000000030e+02
1.629998999999999967e+02
1.600877499999999998e+02
1.568247000000000071e+02
1.537612000000000023e+02
1.514086200000000133e+02
1.501685700000000168e+02
1.502706100000000049e+02
1.517351999999999919e+02
1.543714300000000037e+02
1.578107599999999877e+02
1.615754000000000019e+02
1.651600999999999999e+02
1.681085999999999956e+02
1.700684000000000253e+02
1.708137000000000398e+02
1.702428999999999917e+02
1.683541599999999789e+02
1.652107199999999807e+02
1.609085699999999690e+02
1.555510499999999467e+02
1.492330200000000104e+02
1.420425900000000183e+02
1.340750699999999824e+02
1.254571999999999861e+02
1.163735800000000040e+02
1.070842799999999926e+02
9.792445999999999628e+01
8.928230999999999540e+01
8.155854000000000781e+01
7.511757000000000062e+01
7.024263999999999442e+01
6.710464000000000340e+01
6.574824999999999875e+01
6.609218000000001325e+01
6.793855999999999540e+01
7.098651999999998452e+01
7.485043000000000291e+01
7.908708000000000027e+01
8.323653000000001612e+01
8.687689999999999202e+01
8.968498000000001014e+01
9.148784999999999457e+01
9.228775999999999158e+01
9.224913999999996861e+01
9.164806000000000097e+01
9.079824999999999591e+01
8.997629999999999484e+01
8.936820999999999060e+01
8.904961000000000126e+01
8.899891000000000929e+01
8.912967000000000439e+01
8.932513000000000147e+01
8.946117999999999881e+01
8.941347000000000378e+01
8.905503000000000213e+01
8.825517000000000678e+01
8.689018999999998982e+01
8.486773000000000877e+01
8.215887000000000739e+01
7.882425000000000637e+01
7.502092000000000382e+01
7.098161999999999239e+01
6.696891000000002236e+01
6.321543000000000490e+01
5.986832999999999316e+01
5.695414000000000243e+01
5.437391999999999115e+01
5.192931000000000097e+01
4.937136000000000280e+01
4.645994999999999209e+01
4.301923999999999637e+01
3.897840999999998957e+01
3.438927999999999940e+01
2.941749000000000436e+01
2.431020499999999984e+01
1.934766199999999969e+01
1.479064399999999857e+01
1.083683900000000122e+01
7.595699999999999896e+00
5.085157000000000593e+00
3.247480300000000319e+00
1.976176200000000049e+00
1.144859699999999814e+00
6.309670999999998919e-01
3.306167499999999593e-01
1.646232500000000265e-01
7.786236000000001933e-02
3.496939599999999981e-02
1.490917600000000141e-02
6.032894299999999252e-03
2.316448299999999700e-03
8.438696000000000088e-04
2.916268999999999979e-04
9.559416600000002098e-05
2.971975999999999343e-05
8.762594900000001162e-06
2.449979899999999768e-06
6.495429400000000024e-07
1.633012439999999728e-07
3.903108500000000450e-08
9.410258299999999179e-09
5.008377999999999804e-09
1.535957800000000434e-08
6.799706999999998592e-08
2.914789999999999858e-07
1.183401600000000056e-06
4.546231999999999810e-06
1.652531800000000176e-05
5.683662999999999931e-05
1.849653900000000021e-04
5.695602999999998736e-04
1.659529600000000070e-03
4.575472999999999173e-03
1.193737199999999644e-02
2.947308999999999693e-02
6.886841999999998576e-02
1.523144399999999954e-01
3.189027999999999863e-01
6.322299999999998477e-01
1.187244299999999919e+00
2.112854000000000010e+00
3.565939999999999444e+00
5.713476000000000887e+00
8.703245000000000786e+00
1.262992899999999885e+01
1.750924999999999798e+01
2.327437000000000467e+01
2.980180999999999969e+01
3.695922999999999803e+01
4.465053999999999945e+01
5.282560999999999041e+01
6.143277000000000498e+01
7.032142999999999233e+01
7.913915000000000077e+01
8.729004000000000474e+01
9.401121999999999446e+01
9.857975000000000421e+01
1.005981099999999913e+02
1.002559899999999971e+02
9.845651999999999759e+01
9.673196999999998980e+01
9.694887000000001365e+01
1.008773100000000085e+02
1.097491500000000002e+02
1.239311000000000149e+02
1.428008099999999843e+02
1.648475999999999999e+02
1.879562000000000239e+02
2.097824000000000524e+02
2.281336000000000297e+02
2.412685000000000173e+02
2.480941000000000258e+02
2.482588000000000363e+02
2.421683999999999912e+02
2.309461000000000013e+02
2.163283999999999878e+02
2.004810999999999694e+02
1.857178999999999860e+02
1.741386000000000251e+02
1.672456999999999994e+02
1.656338999999999828e+02
1.688526000000000238e+02
1.754923000000000002e+02
1.835050999999999988e+02
1.906761999999999944e+02
1.951446999999999719e+02
1.958420999999999879e+02
1.927513999999999896e+02
1.869304999999999950e+02
1.803029000000000224e+02
1.752747999999999990e+02
1.742622000000000071e+02
1.792537999999999840e+02
1.914924000000000035e+02
2.113407999999999447e+02
2.383274000000000115e+02
2.713154999999999859e+02
3.087137000000000739e+02
3.486569000000000074e+02
3.891251999999999498e+02
4.280194999999999936e+02
4.632316999999999894e+02
4.927644999999999413e+02
5.149024999999999181e+02
5.284221000000000004e+02
5.327728999999999360e+02
5.281820999999999913e+02
5.156416000000000395e+02
4.967744000000000142e+02
4.736138999999999442e+02
4.483455999999999904e+02
4.230703000000000316e+02
3.996189000000000533e+02
3.794481000000000108e+02
3.636002000000000294e+02
3.527217999999999734e+02
3.471018000000000256e+02
3.467201999999999771e+02
3.512789999999999964e+02
3.602123999999999455e+02
3.726849000000000274e+02
3.875921999999999343e+02
4.035978000000000065e+02
4.192232000000000767e+02
4.329869000000000483e+02
4.435769000000000233e+02
4.500015999999999963e+02
4.516862999999999602e+02
4.484774999999999636e+02
4.405622999999999365e+02
4.283347000000001117e+02
4.122526000000000295e+02
3.927403000000000475e+02
3.701583000000000538e+02
3.448462000000000103e+02
3.172116999999999507e+02
2.878253999999999451e+02
2.574759000000000242e+02
2.271624000000000194e+02
1.980161999999999978e+02
1.711707700000000045e+02
1.476210600000000284e+02
1.281043999999999699e+02
1.130379000000000218e+02
1.025117999999999938e+02
9.633448000000001343e+01
9.410587999999999909e+01
9.530330999999999619e+01
9.937331000000000358e+01
1.058283299999999940e+02
1.143440800000000195e+02
1.248360099999999875e+02
1.374780700000000024e+02
1.526265300000000025e+02
1.706413000000000011e+02
1.916450000000000102e+02
2.153094000000000108e+02
2.407698000000000320e+02
2.667336999999999989e+02
2.917543999999999755e+02
3.145699999999999932e+02
3.343507999999999925e+02
3.507450000000000045e+02
3.636871000000000436e+02
3.730756000000001222e+02
3.784713000000000420e+02
3.789789000000000101e+02
3.733901000000000749e+02
3.605461999999999989e+02
3.397875000000000227e+02
3.113247000000000639e+02
2.763897999999999797e+02
2.371221000000000174e+02
1.962218000000000302e+02
1.564855300000000113e+02
1.203522099999999853e+02
8.957290999999999315e+01
6.505949999999999989e+01
4.691749000000000080e+01
3.461332000000000875e+01
2.720842000000000027e+01
2.359485000000000099e+01
2.268564999999999898e+01
2.354145000000000465e+01
2.543135000000000190e+01
2.784186999999999657e+01
3.045079000000000136e+01
3.308096000000000458e+01
3.564864999999999640e+01
3.811643999999999721e+01
4.045757000000000403e+01
4.263420000000000698e+01
4.458858000000000743e+01
4.624255999999999744e+01
4.750151000000000323e+01
4.825933000000000561e+01
4.840439999999999543e+01
4.782874999999999943e+01
4.644227999999999668e+01
4.419234000000000862e+01
4.108625999999999578e+01
3.721063000000000187e+01
3.273996999999999957e+01
2.792963999999999913e+01
2.309136000000000166e+01
1.855582800000000177e+01
1.463022400000000012e+01
1.155975999999999893e+01
9.498912999999999940e+00
8.494781999999998945e+00
8.481408000000001834e+00
9.284296000000001214e+00
1.063607600000000275e+01
1.220596000000000103e+01
1.364401499999999956e+01
1.463603400000000043e+01
1.495798299999999870e+01
1.451523599999999803e+01
1.335371200000000158e+01
1.163854699999999909e+01
9.606655999999999196e+00
7.508570000000000633e+00
5.556773999999998992e+00
3.893623999999999974e+00
2.583109400000000111e+00
1.622498599999999902e+00
9.648863000000000856e-01
5.432693000000000660e-01
2.896002099999999135e-01
1.461590100000000059e-01
6.983821000000001167e-02
3.159356399999999759e-02
1.353131399999999915e-02
5.486740000000000367e-03
2.106296200000000191e-03
7.655132999999998862e-04
2.633972300000000152e-04
8.580087999999999224e-05
2.646015400000000545e-05
7.725184899999999180e-06
2.135199800000000024e-06
5.586988300000000374e-07
1.383961200000000025e-07
3.245439899999999878e-08
7.204801099999999294e-09
1.514142299999999808e-09
3.012337499999999577e-10
5.673212299999999204e-11
1.011436569999999777e-11
1.706982680000000237e-12
2.727067699999999693e-13
4.124153299999999811e-14
5.903956599999999620e-15
8.000474099999999278e-16
1.026238260000000005e-16
1.246053839999999934e-17
1.432113109999999800e-18
1.557989139999999950e-19
1.604335930000000386e-20
1.563742689999999994e-21
1.442677500000000117e-22
1.259807300000000150e-23
1.041274130000000067e-24
8.146054000000002477e-26
6.031808740000000008e-27
4.227277209999999610e-28
2.804039090000000433e-29
1.760397160000000007e-30
1.046018020000000195e-31
5.882537710000000572e-33
3.130993489999999649e-34
1.577208389999999877e-35
