# Gaussian folded, width=10 cm^-1
# [cm^-1] arbitrary
0.000      3.00000e+00
1.000      2.91796e+00
2.000      2.68508e+00
3.000      2.33749e+00
4.000      1.92514e+00
5.000      1.50000e+00
6.000      1.10570e+00
7.000      7.71085e-01
8.000      5.08727e-01
9.000      3.17529e-01
10.000      1.87500e-01
11.000      1.04746e-01
12.000      5.53591e-02
13.000      2.76797e-02
14.000      1.30939e-02
15.000      5.86180e-03
16.000      2.48891e-03
17.000      1.01999e-03
18.000      4.56829e-04
19.000      3.66613e-04
20.000      6.78718e-04
21.000      1.65353e-03
22.000      4.02596e-03
23.000      9.35484e-03
24.000      2.06242e-02
25.000      4.31160e-02
26.000      8.54795e-02
27.000      1.60742e-01
28.000      2.86772e-01
29.000      4.85498e-01
30.000      7.80182e-01
31.000      1.19038e+00
32.000      1.72500e+00
33.000      2.37492e+00
34.000      3.10752e+00
35.000      3.86583e+00
36.000      4.57401e+00
37.000      5.14923e+00
38.000      5.51751e+00
39.000      5.62937e+00
40.000      5.47071e+00
41.000      5.06563e+00
42.000      4.47042e+00
43.000      3.76084e+00
44.000      3.01659e+00
45.000      2.30729e+00
46.000      1.68311e+00
47.000      1.17160e+00
48.000      7.79761e-01
49.000      4.99811e-01
50.000      3.16319e-01
51.000      2.12899e-01
52.000      1.77350e-01
53.000      2.04779e-01
54.000      2.98620e-01
55.000      4.69577e-01
56.000      7.32548e-01
57.000      1.10169e+00
58.000      1.58418e+00
59.000      2.17378e+00
60.000      2.84588e+00
61.000      3.55575e+00
62.000      4.24149e+00
63.000      4.83192e+00
64.000      5.25819e+00
65.000      5.46658e+00
66.000      5.42945e+00
67.000      5.15114e+00
68.000      4.66737e+00
69.000      4.03811e+00
70.000      3.33609e+00
71.000      2.63402e+00
72.000      1.99396e+00
73.000      1.46102e+00
74.000      1.06243e+00
75.000      8.10641e-01
76.000      7.08631e-01
77.000      7.54666e-01
78.000      9.44786e-01
79.000      1.27220e+00
80.000      1.72421e+00
81.000      2.27829e+00
82.000      2.89942e+00
83.000      3.54033e+00
84.000      4.14563e+00
85.000      4.65915e+00
86.000      5.03330e+00
87.000      5.23807e+00
88.000      5.26787e+00
89.000      5.14459e+00
90.000      4.91598e+00
91.000      4.64977e+00
92.000      4.42422e+00
93.000      4.31678e+00
94.000      4.39306e+00
95.000      4.69788e+00
96.000      5.25005e+00
97.000      6.04124e+00
98.000      7.03826e+00
99.000      8.18767e+00
100.000      9.42128e+00
101.000      1.06620e+01
102.000      1.18299e+01
103.000      1.28488e+01
104.000      1.36537e+01
105.000      1.41975e+01
106.000      1.44564e+01
107.000      1.44315e+01
108.000      1.41461e+01
109.000      1.36390e+01
110.000      1.29570e+01
111.000      1.21476e+01
112.000      1.12549e+01
113.000      1.03204e+01
114.000      9.38499e+00
115.000      8.49244e+00
116.000      7.68984e+00
117.000      7.02480e+00
118.000      6.53925e+00
119.000      6.26215e+00
120.000      6.20406e+00
121.000      6.35582e+00
122.000      6.69209e+00
123.000      7.17848e+00
124.000      7.77915e+00
125.000      8.46217e+00
126.000      9.20061e+00
127.000      9.97015e+00
128.000      1.07451e+01
129.000      1.14956e+01
130.000      1.21880e+01
131.000      1.27883e+01
132.000      1.32669e+01
133.000      1.36036e+01
134.000      1.37901e+01
135.000      1.38304e+01
136.000      1.37392e+01
137.000      1.35389e+01
138.000      1.32563e+01
139.000      1.29194e+01
140.000      1.25554e+01
141.000      1.21881e+01
142.000      1.18369e+01
143.000      1.15163e+01
144.000      1.12354e+01
145.000      1.09976e+01
146.000      1.08020e+01
147.000      1.06433e+01
148.000      1.05143e+01
149.000      1.04075e+01
150.000      1.03165e+01
151.000      1.02367e+01
152.000      1.01655e+01
153.000      1.01004e+01
154.000      1.00381e+01
155.000      9.97405e+00
156.000      9.90208e+00
157.000      9.81619e+00
158.000      9.71156e+00
159.000      9.58507e+00
160.000      9.43485e+00
161.000      9.25928e+00
162.000      9.05650e+00
163.000      8.82529e+00
164.000      8.56736e+00
165.000      8.28992e+00
166.000      8.00668e+00
167.000      7.73612e+00
168.000      7.49685e+00
169.000      7.30187e+00
170.000      7.15409e+00
171.000      7.04524e+00
172.000      6.95881e+00
173.000      6.87565e+00
174.000      6.77963e+00
175.000      6.66120e+00
176.000      6.51763e+00
177.000      6.35082e+00
178.000      6.16447e+00
179.000      5.96248e+00
180.000      5.74926e+00
181.000      5.53146e+00
182.000      5.31957e+00
183.000      5.12824e+00
184.000      4.97501e+00
185.000      4.87785e+00
186.000      4.85277e+00
187.000      4.91172e+00
188.000      5.06110e+00
189.000      5.30023e+00
190.000      5.61948e+00
191.000      5.99859e+00
192.000      6.40616e+00
193.000      6.80170e+00
194.000      7.14101e+00
195.000      7.38425e+00
196.000      7.50480e+00
197.000      7.49600e+00
198.000      7.37345e+00
199.000      7.17182e+00
200.000      6.93716e+00
201.000      6.71714e+00
202.000      6.55226e+00
203.000      6.46997e+00
204.000      6.48270e+00
205.000      6.58893e+00
206.000      6.77630e+00
207.000      7.02532e+00
208.000      7.31314e+00
209.000      7.61655e+00
210.000      7.91430e+00
211.000      8.18828e+00
212.000      8.42375e+00
213.000      8.60883e+00
214.000      8.73404e+00
215.000      8.79255e+00
216.000      8.78141e+00
217.000      8.70361e+00
218.000      8.56967e+00
219.000      8.39782e+00
220.000      8.21167e+00
221.000      8.03575e+00
222.000      7.89012e+00
223.000      7.78596e+00
224.000      7.72369e+00
225.000      7.69439e+00
226.000      7.68385e+00
227.000      7.67758e+00
228.000      7.66537e+00
229.000      7.64382e+00
230.000      7.61657e+00
231.000      7.59264e+00
232.000      7.58367e+00
233.000      7.60088e+00
234.000      7.65255e+00
235.000      7.74199e+00
236.000      7.86626e+00
237.000      8.01546e+00
238.000      8.17288e+00
239.000      8.31636e+00
240.000      8.42115e+00
241.000      8.46394e+00
242.000      8.42721e+00
243.000      8.30280e+00
244.000      8.09355e+00
245.000      7.81256e+00
246.000      7.48057e+00
247.000      7.12241e+00
248.000      6.76345e+00
249.000      6.42671e+00
250.000      6.13068e+00
251.000      5.88757e+00
252.000      5.70187e+00
253.000      5.56956e+00
254.000      5.47830e+00
255.000      5.40940e+00
256.000      5.34163e+00
257.000      5.25651e+00
258.000      5.14376e+00
259.000      5.00535e+00
260.000      4.85647e+00
261.000      4.72269e+00
262.000      4.63355e+00
263.000      4.61456e+00
264.000      4.68011e+00
265.000      4.82951e+00
266.000      5.04730e+00
267.000      5.30685e+00
268.000      5.57537e+00
269.000      5.81809e+00
270.000      6.00076e+00
271.000      6.09107e+00
272.000      6.06058e+00
273.000      5.88833e+00
274.000      5.56615e+00
275.000      5.10380e+00
276.000      4.53155e+00
277.000      3.89824e+00
278.000      3.26456e+00
279.000      2.69297e+00
280.000      2.23704e+00
281.000      1.93271e+00
282.000      1.79367e+00
283.000      1.81129e+00
284.000      1.95884e+00
285.000      2.19873e+00
286.000      2.49098e+00
287.000      2.80095e+00
288.000      3.10500e+00
289.000      3.39265e+00
290.000      3.66568e+00
291.000      3.93468e+00
292.000      4.21458e+00
293.000      4.52009e+00
294.000      4.86185e+00
295.000      5.24345e+00
296.000      5.65959e+00
297.000      6.09578e+00
298.000      6.53033e+00
299.000      6.93857e+00
300.000      7.29873e+00
301.000      7.59764e+00
302.000      7.83451e+00
303.000      8.02129e+00
304.000      8.17955e+00
305.000      8.33462e+00
306.000      8.50901e+00
307.000      8.71665e+00
308.000      8.95951e+00
309.000      9.22756e+00
310.000      9.50222e+00
311.000      9.76274e+00
312.000      9.99412e+00
313.000      1.01942e+01
314.000      1.03774e+01
315.000      1.05734e+01
316.000      1.08208e+01
317.000      1.11568e+01
318.000      1.16072e+01
319.000      1.21800e+01
320.000      1.28647e+01
321.000      1.36380e+01
322.000      1.44733e+01
323.000      1.53500e+01
324.000      1.62597e+01
325.000      1.72056e+01
326.000      1.81969e+01
327.000      1.92395e+01
328.000      2.03268e+01
329.000      2.14348e+01
330.000      2.25210e+01
331.000      2.35304e+01
332.000      2.44032e+01
333.000      2.50858e+01
334.000      2.55402e+01
335.000      2.57520e+01
336.000      2.57345e+01
337.000      2.55286e+01
338.000      2.51966e+01
339.000      2.48134e+01
340.000      2.44536e+01
341.000      2.41810e+01
342.000      2.40389e+01
343.000      2.40470e+01
344.000      2.42014e+01
345.000      2.44786e+01
346.000      2.48414e+01
347.000      2.52449e+01
348.000      2.56416e+01
349.000      2.59856e+01
350.000      2.62351e+01
351.000      2.63545e+01
352.000      2.63148e+01
353.000      2.60947e+01
354.000      2.56812e+01
355.000      2.50696e+01
356.000      2.42647e+01
357.000      2.32806e+01
358.000      2.21402e+01
359.000      2.08740e+01
360.000      1.95180e+01
361.000      1.81118e+01
362.000      1.66960e+01
363.000      1.53101e+01
364.000      1.39894e+01
365.000      1.27628e+01
366.000      1.16499e+01
367.000      1.06599e+01
368.000      9.79247e+00
369.000      9.04023e+00
370.000      8.39342e+00
371.000      7.84437e+00
372.000      7.39107e+00
373.000      7.03859e+00
374.000      6.79819e+00
375.000      6.68455e+00
376.000      6.71234e+00
377.000      6.89333e+00
378.000      7.23474e+00
379.000      7.73893e+00
380.000      8.40358e+00
381.000      9.22128e+00
382.000      1.01776e+01
383.000      1.12481e+01
384.000      1.23946e+01
385.000      1.35640e+01
386.000      1.46897e+01
387.000      1.56962e+01
388.000      1.65072e+01
389.000      1.70539e+01
390.000      1.72841e+01
391.000      1.71682e+01
392.000      1.67042e+01
393.000      1.59192e+01
394.000      1.48665e+01
395.000      1.36202e+01
396.000      1.22651e+01
397.000      1.08855e+01
398.000      9.55434e+00
399.000      8.32540e+00
400.000      7.23009e+00
401.000      6.27891e+00
402.000      5.46634e+00
403.000      4.77734e+00
404.000      4.19360e+00
405.000      3.69827e+00
406.000      3.27864e+00
407.000      2.92688e+00
408.000      2.63918e+00
409.000      2.41379e+00
410.000      2.24849e+00
411.000      2.13819e+00
412.000      2.07326e+00
413.000      2.03918e+00
414.000      2.01774e+00
415.000      1.98950e+00
416.000      1.93710e+00
417.000      1.84842e+00
418.000      1.71901e+00
419.000      1.55314e+00
420.000      1.36324e+00
421.000      1.16781e+00
422.000      9.88079e-01
423.000      8.44012e-01
424.000      7.50463e-01
425.000      7.14101e-01
426.000      7.31783e-01
427.000      7.90776e-01
428.000      8.70942e-01
429.000      9.48601e-01
430.000      1.00133e+00
431.000      1.01260e+00
432.000      9.74930e-01
433.000      8.90861e-01
434.000      7.71356e-01
435.000      6.32354e-01
436.000      4.90630e-01
437.000      3.60206e-01
438.000      2.50212e-01
439.000      1.64439e-01
440.000      1.02242e-01
441.000      6.01415e-02
442.000      3.34689e-02
443.000      1.76208e-02
444.000      8.77669e-03
445.000      4.13574e-03
446.000      1.84371e-03
447.000      7.77588e-04
448.000      3.10259e-04
449.000      1.17116e-04
450.000      4.18242e-05
451.000      1.41304e-05
452.000      4.51649e-06
453.000      1.36573e-06
454.000      3.90701e-07
455.000      1.05741e-07
456.000      2.70744e-08
457.000      6.55832e-09
458.000      1.50295e-09
459.000      3.25846e-10
460.000      6.68341e-11
461.000      1.29689e-11
462.000      2.38080e-12
463.000      4.13488e-13
464.000      6.79390e-14
465.000      1.05607e-14
466.000      1.55305e-15
467.000      2.16070e-16
468.000      2.84395e-17
469.000      3.54133e-18
470.000      4.17185e-19
471.000      4.64953e-20
472.000      4.90237e-21
473.000      4.89014e-22
474.000      4.61481e-23
475.000      4.12007e-24
476.000      3.47994e-25
477.000      2.78072e-26
478.000      2.10214e-27
479.000      1.50342e-28
480.000      1.01723e-29
481.000      6.51142e-31
482.000      3.94320e-32
483.000      2.25912e-33
484.000      1.22447e-34
485.000      6.27878e-36
486.000      3.04592e-37
487.000      1.39791e-38
488.000      6.06959e-40
489.000      2.49319e-41
490.000      9.68881e-43
491.000      3.56207e-44
492.000      1.23894e-45
493.000      4.07680e-47
494.000      1.26912e-48
495.000      3.73771e-50
496.000      1.04142e-51
497.000      2.74513e-53
498.000      6.84571e-55
499.000      1.61507e-56
500.000      3.60480e-58
