4.500000000000000000e+01
4.376940000000000452e+01
4.027619999999999578e+01
3.506234999999999502e+01
2.887709999999999511e+01
2.250000000000000000e+01
1.658550000000000324e+01
1.156627499999999920e+01
7.630905000000002936e+00
4.762950000000000017e+00
2.812500000000000000e+00
1.571190000000000087e+00
8.303978000000000748e-01
4.152362999999999471e-01
1.965438999999999936e-01
8.835323999999998568e-02
3.860285000000000799e-02
1.887719999999999676e-02
1.639723800000000148e-02
2.960516000000000189e-02
6.780041000000000539e-02
1.551298300000000241e-01
3.392728000000000410e-01
7.047619999999999996e-01
1.389463899999999974e+00
2.600011999999999990e+00
4.618354000000000070e+00
7.788420000000000343e+00
1.247182100000000027e+01
1.896684999999999732e+01
2.739741000000000071e+01
3.759534000000000020e+01
4.901474999999999937e+01
6.072107999999999350e+01
7.148549000000001286e+01
7.998372999999999422e+01
8.505928999999999007e+01
8.598072000000000514e+01
8.261410999999999660e+01
7.545485999999999649e+01
6.550924000000000547e+01
5.406390999999999991e+01
4.241803000000000168e+01
3.165425999999999718e+01
2.250421000000000404e+01
1.532539300000000004e+01
1.017045800000000000e+01
6.909618000000000038e+00
5.360882999999999399e+00
5.393275000000000041e+00
6.981536000000000186e+00
1.020452000000000048e+01
1.519053699999999907e+01
2.202239000000000146e+01
3.062416000000000338e+01
4.066113000000000710e+01
5.148668999999999585e+01
6.216532999999999731e+01
7.158266000000000417e+01
7.862677999999999656e+01
8.240044999999999220e+01
8.240706000000000131e+01
7.865771999999999764e+01
7.166822000000000514e+01
6.234898000000001161e+01
5.182215000000000060e+01
4.122011000000000536e+01
3.151829000000000036e+01
2.343834000000000017e+01
1.742951000000000050e+01
1.371214599999999706e+01
1.234918500000000208e+01
1.331078599999999845e+01
1.650652799999999942e+01
2.177727999999999753e+01
2.885779000000000138e+01
3.733458999999999861e+01
4.662723999999999336e+01
5.601620999999999384e+01
6.472401999999999589e+01
7.204023999999999717e+01
7.746271000000000129e+01
8.082093000000000416e+01
8.234723999999997091e+01
8.267154999999999632e+01
8.273263000000001455e+01
8.361722999999999217e+01
8.635777000000000214e+01
9.173143000000000313e+01
1.001067800000000005e+02
1.113741199999999765e+02
1.249755399999999810e+02
1.400230399999999804e+02
1.554702400000000182e+02
1.702905000000000086e+02
1.836180999999999983e+02
1.948249999999999602e+02
2.035304000000000144e+02
2.095546999999999969e+02
2.128498000000000161e+02
2.134303000000000168e+02
2.113362000000000194e+02
2.066291999999999973e+02
1.994269999999999925e+02
1.899600000000000080e+02
1.786223999999999990e+02
1.660011999999999830e+02
1.528546499999999924e+02
1.400523499999999899e+02
1.284769799999999975e+02
1.189226999999999919e+02
1.120121900000000181e+02
1.081519199999999898e+02
1.075264899999999955e+02
1.101194200000000194e+02
1.157409099999999995e+02
1.240487200000000030e+02
1.345612100000000169e+02
1.466728799999999922e+02
1.596856699999999876e+02
1.728652999999999906e+02
1.855117999999999938e+02
1.970327000000000339e+02
2.069930999999999699e+02
2.151321999999999832e+02
2.213490000000000180e+02
2.256671000000000049e+02
2.281925999999999988e+02
2.290882000000000289e+02
2.285499999999999829e+02
2.267963000000000022e+02
2.240555999999999983e+02
2.205494999999999948e+02
2.164724999999999682e+02
2.119779000000000337e+02
2.071712999999999738e+02
2.021187999999999931e+02
1.968627000000000180e+02
1.914399999999999693e+02
1.858978000000000179e+02
1.803011000000000195e+02
1.747283999999999367e+02
1.692645999999999731e+02
1.639856299999999862e+02
1.589447900000000118e+02
1.541629399999999919e+02
1.496248899999999935e+02
1.452856699999999819e+02
1.410886399999999981e+02
1.369884499999999719e+02
1.329721300000000213e+02
1.290722000000000094e+02
1.253633999999999844e+02
1.219447399999999959e+02
1.189115600000000086e+02
1.163280500000000046e+02
1.142080499999999716e+02
1.125095599999999934e+02
1.111428200000000004e+02
1.099875499999999988e+02
1.089135600000000181e+02
1.078002599999999944e+02
1.065510400000000004e+02
1.051032600000000059e+02
1.034325699999999983e+02
1.015543899999999979e+02
9.952290999999999599e+01
9.742879999999999541e+01
9.539515000000000100e+01
9.357050000000000978e+01
9.211681999999998993e+01
9.119242000000001269e+01
9.092979999999998597e+01
9.141341999999998791e+01
9.266244000000001790e+01
9.462454999999999927e+01
9.718455000000000155e+01
1.001866500000000144e+02
1.034662800000000260e+02
1.068826200000000028e+02
1.103431799999999896e+02
1.138142899999999855e+02
1.173151999999999902e+02
1.208988299999999896e+02
1.246252199999999846e+02
1.285357300000000009e+02
1.326343599999999867e+02
1.368804199999999867e+02
1.411936800000000005e+02
1.454694300000000169e+02
1.495998100000000193e+02
1.534964600000000132e+02
1.571091499999999996e+02
1.604345700000000079e+02
1.635157199999999875e+02
1.664266299999999887e+02
1.692506000000000199e+02
1.720528000000000191e+02
1.748587999999999738e+02
1.776414000000000044e+02
1.803252000000000237e+02
1.828020000000000209e+02
1.849532999999999561e+02
1.866752999999999929e+02
1.878928999999999689e+02
1.885619000000000085e+02
1.886651999999999987e+02
1.881994000000000256e+02
1.871686999999999728e+02
1.855846000000000515e+02
1.834780000000000086e+02
1.809096999999999866e+02
1.779800000000000182e+02
1.748336900000000469e+02
1.716545200000000193e+02
1.686581199999999967e+02
1.660805799999999692e+02
1.641690600000000302e+02
1.631653400000000147e+02
1.632857400000000325e+02
1.646914099999999621e+02
1.674555900000000008e+02
1.715386000000000308e+02
1.767762000000000171e+02
1.828888999999999783e+02
1.895084000000000231e+02
1.962211000000000070e+02
2.026135000000000161e+02
2.083158999999999992e+02
2.130347999999999615e+02
2.165752999999999417e+02
2.188479999999999848e+02
2.198657000000000039e+02
2.197355000000000018e+02
2.186411999999999694e+02
2.168263999999999783e+02
2.145676999999999737e+02
2.121417999999999893e+02
2.097862999999999829e+02
2.076616999999999962e+02
2.058243999999999687e+02
2.042202000000000055e+02
2.027068999999999903e+02
2.010961000000000070e+02
1.992048999999999808e+02
1.968995999999999924e+02
1.941178000000000168e+02
1.908628999999999962e+02
1.871767999999999859e+02
1.831053599999999904e+02
1.786688900000000331e+02
1.738538100000000099e+02
1.686221199999999953e+02
1.629437599999999975e+02
1.568296599999999899e+02
1.503628499999999804e+02
1.437081500000000176e+02
1.370998500000000035e+02
1.308077900000000113e+02
1.250884899999999931e+02
1.201373500000000121e+02
1.160510699999999815e+02
1.128109100000000069e+02
1.102881699999999938e+02
1.082673799999999886e+02
1.064791799999999995e+02
1.046349199999999939e+02
1.024577600000000075e+02
9.970951999999998350e+01
9.621470000000000766e+01
9.188394999999999868e+01
8.673595999999999151e+01
8.091391999999999030e+01
7.468783000000000527e+01
6.843634000000001549e+01
6.260309999999999775e+01
5.763195000000000334e+01
5.389233000000000118e+01
5.161308999999999969e+01
5.084282999999999930e+01
5.144872999999999763e+01
5.315519000000000460e+01
5.560992999999999853e+01
5.845915600000000012e+01
6.141028999999998916e+01
6.426963999999999544e+01
6.694957999999999743e+01
6.945059999999999434e+01
7.182774999999999466e+01
7.415175000000000693e+01
7.647234999999999161e+01
7.879056999999998823e+01
8.104279999999999973e+01
8.310065000000001589e+01
8.478676000000000101e+01
8.590421999999999514e+01
8.627379999999999427e+01
8.576997999999998967e+01
8.434819000000000244e+01
8.205827999999999633e+01
7.904399000000000797e+01
7.553188000000000102e+01
7.181428000000001077e+01
6.822812000000000410e+01
6.513136000000000081e+01
6.287480000000000047e+01
6.177088000000000534e+01
6.206132999999999100e+01
6.388907000000000380e+01
6.727967999999999904e+01
7.213661999999999352e+01
7.825192000000001258e+01
8.533132999999999413e+01
9.303037000000000489e+01
1.009973700000000036e+02
1.089177799999999934e+02
1.165537699999999859e+02
1.237724599999999953e+02
1.305572300000000041e+02
1.369989400000000046e+02
1.432688100000000020e+02
1.495789500000000203e+02
1.561410199999999975e+02
1.631300899999999956e+02
1.706652399999999830e+02
1.788024000000000058e+02
1.875405000000000086e+02
1.968371999999999957e+02
2.066213000000000193e+02
2.168078000000000145e+02
2.273034999999999570e+02
2.380111999999999739e+02
2.488267000000000166e+02
2.596331000000000699e+02
2.702943999999999392e+02
2.806512000000000171e+02
2.905235999999999876e+02
2.997229000000000383e+02
3.080676999999999452e+02
3.154024000000000569e+02
3.216114000000000033e+02
3.266234000000000037e+02
3.304053999999999292e+02
3.329504000000000588e+02
3.342598999999999592e+02
3.343314999999999486e+02
3.331497999999999138e+02
3.306826000000000363e+02
3.268860999999999422e+02
3.217139000000000237e+02
3.151302999999999770e+02
3.071266999999999712e+02
2.977361000000000217e+02
2.870461999999999989e+02
2.752050000000000409e+02
2.624204999999999472e+02
2.489522999999999797e+02
2.350992999999999995e+02
2.211768999999999892e+02
2.074912000000000205e+02
1.943127000000000066e+02
1.818526000000000238e+02
1.702493000000000052e+02
1.595667499999999848e+02
1.498101599999999962e+02
1.409453799999999717e+02
1.329248200000000111e+02
1.257003399999999971e+02
1.192275300000000016e+02
1.134576799999999821e+02
1.083263299999999845e+02
1.037458199999999806e+02
9.961007999999998219e+01
9.581360999999999706e+01
9.228370000000001028e+01
8.901914999999999623e+01
8.612617999999999086e+01
8.384010999999999569e+01
8.252128000000000441e+01
8.261490999999999474e+01
8.457273999999998182e+01
8.874246999999998309e+01
9.524500999999999351e+01
1.038685800000000228e+02
1.140134800000000155e+02
1.247147700000000157e+02
1.347519900000000348e+02
1.428341499999999940e+02
1.478228900000000010e+02
1.489412700000000029e+02
1.459180200000000127e+02
1.390327199999999834e+02
1.290442400000000021e+02
1.170303799999999939e+02
1.041765199999999965e+02
9.156696999999998354e+01
8.002670999999999424e+01
7.004177999999998860e+01
6.176252999999999105e+01
5.507273999999998892e+01
4.969310000000000116e+01
4.528717999999999932e+01
4.154404000000000252e+01
3.822672999999999632e+01
3.518586999999999421e+01
3.235004000000000701e+01
2.970431000000000665e+01
2.726738000000000284e+01
2.507169000000000381e+01
2.314675199999999933e+01
2.150423200000000179e+01
2.012588700000000230e+01
1.895644000000000062e+01
1.790695700000000556e+01
1.686933800000000261e+01
1.574049399999999999e+01
1.444821799999999890e+01
1.296985100000000024e+01
1.133685999999999972e+01
9.623908000000000129e+00
7.926976999999999940e+00
6.338629599999999975e+00
4.928738400000000297e+00
3.735244499999999856e+00
2.765203870000000119e+00
2.002770899999999799e+00
1.419527530000000093e+00
9.833223520000000661e-01
6.638785699999999457e-01
4.351951176999999671e-01
2.758333799000000086e-01
1.683336903899999848e-01
9.854238795999997746e-02
5.516022485600000080e-02
2.944831122299999826e-02
1.496422011289999868e-02
7.226571150800001168e-03
3.312782123599998952e-03
1.440312277531000150e-03
5.935317166090000110e-04
2.317116295143000133e-04
8.566698106784002029e-05
2.998674258797999592e-05
9.935973569845998272e-06
3.115984918466800313e-06
9.247789503191401002e-07
2.597182265909770802e-07
6.901834116328359592e-08
1.735425198887720209e-08
4.128645451878831164e-09
9.293159453068077848e-10
1.979073892695666360e-10
3.987491209955217437e-11
7.601001681014823409e-12
1.370790025304453026e-12
2.338818177198651401e-13
3.775270767926439203e-14
5.765311777051927671e-15
8.329493771200064609e-16
1.138510164568556297e-16
1.472220627874226319e-17
1.801065688560065051e-18
2.084506123587694537e-19
2.282433365016496980e-20
2.364339148774598050e-21
2.317085131595124207e-22
2.148282589661407646e-23
1.884332270746269905e-24
1.563664402365222893e-25
1.227568813872395888e-26
9.117301041961770460e-28
6.406267970982901141e-29
4.258544504362883516e-30
2.678147117017627277e-31
1.593403304420288239e-32
8.968824517390677267e-34
4.775976034878104963e-35
2.406062373747919865e-36
1.146750883444968138e-37
5.170693111001861999e-39
2.205701036555653645e-40
8.901453267817078522e-42
3.398550974732180394e-43
1.227560275090742843e-44
4.194800734559565354e-46
1.356110185581600437e-47
4.147620443606401695e-49
1.200110100325823484e-50
3.285170214673506002e-52
8.507730434603023356e-54
2.084430083244170570e-55
4.831460150855377107e-57
1.059470025864778496e-58
2.197930041956639064e-60
4.313770064392008684e-62
8.009730093498014276e-64
1.407010012844367747e-65
2.338260016693812843e-67
3.676270020527505304e-69
5.468140023881014200e-71
7.694650026284585672e-73
