# Gaussian folded, width=10 cm^-1
# [cm^-1] arbitrary
0.000      3.00000e+00
1.000      2.91796e+00
2.000      2.68508e+00
3.000      2.33749e+00
4.000      1.92514e+00
5.000      1.50000e+00
6.000      1.10570e+00
7.000      7.71085e-01
8.000      5.08727e-01
9.000      3.17529e-01
10.000      1.87500e-01
11.000      1.04746e-01
12.000      5.53591e-02
13.000      2.76798e-02
14.000      1.30944e-02
15.000      5.86338e-03
16.000      2.49392e-03
17.000      1.03492e-03
18.000      4.98791e-04
19.000      4.77895e-04
20.000      9.56932e-04
21.000      2.30889e-03
22.000      5.47951e-03
23.000      1.23877e-02
24.000      2.65703e-02
25.000      5.40545e-02
26.000      1.04322e-01
27.000      1.91052e-01
28.000      3.32122e-01
29.000      5.48236e-01
30.000      8.59674e-01
31.000      1.28112e+00
32.000      1.81532e+00
33.000      2.44717e+00
34.000      3.14047e+00
35.000      3.83925e+00
36.000      4.47457e+00
37.000      4.97592e+00
38.000      5.28451e+00
39.000      5.36484e+00
40.000      5.21132e+00
41.000      4.84827e+00
42.000      4.32368e+00
43.000      3.69890e+00
44.000      3.03733e+00
45.000      2.39486e+00
46.000      1.81369e+00
47.000      1.32008e+00
48.000      9.25428e-01
49.000      6.29786e-01
50.000      4.26468e-01
51.000      3.06826e-01
52.000      2.64286e-01
53.000      2.96979e-01
54.000      4.08511e-01
55.000      6.06631e-01
56.000      8.99924e-01
57.000      1.29313e+00
58.000      1.78216e+00
59.000      2.35021e+00
60.000      2.96622e+00
61.000      3.58651e+00
62.000      4.15949e+00
63.000      4.63244e+00
64.000      4.95906e+00
65.000      5.10623e+00
66.000      5.05887e+00
67.000      4.82219e+00
68.000      4.42107e+00
69.000      3.89675e+00
70.000      3.30111e+00
71.000      2.68984e+00
72.000      2.11556e+00
73.000      1.62256e+00
74.000      1.24395e+00
75.000      1.00127e+00
76.000      9.05970e-01
77.000      9.61001e-01
78.000      1.16162e+00
79.000      1.49465e+00
80.000      1.93695e+00
81.000      2.45439e+00
82.000      3.00302e+00
83.000      3.53340e+00
84.000      3.99797e+00
85.000      4.35969e+00
86.000      4.59980e+00
87.000      4.72217e+00
88.000      4.75321e+00
89.000      4.73712e+00
90.000      4.72813e+00
91.000      4.78125e+00
92.000      4.94358e+00
93.000      5.24722e+00
94.000      5.70450e+00
95.000      6.30594e+00
96.000      7.02133e+00
97.000      7.80394e+00
98.000      8.59769e+00
99.000      9.34610e+00
100.000      1.00015e+01
101.000      1.05325e+01
102.000      1.09277e+01
103.000      1.11951e+01
104.000      1.13577e+01
105.000      1.14453e+01
106.000      1.14868e+01
107.000      1.15031e+01
108.000      1.15033e+01
109.000      1.14839e+01
110.000      1.14322e+01
111.000      1.13303e+01
112.000      1.11618e+01
113.000      1.09164e+01
114.000      1.05947e+01
115.000      1.02100e+01
116.000      9.78764e+00
117.000      9.36181e+00
118.000      8.97044e+00
119.000      8.64939e+00
120.000      8.42752e+00
121.000      8.32361e+00
122.000      8.34547e+00
123.000      8.49055e+00
124.000      8.74719e+00
125.000      9.09565e+00
126.000      9.50891e+00
127.000      9.95405e+00
128.000      1.03951e+01
129.000      1.07976e+01
130.000      1.11352e+01
131.000      1.13942e+01
132.000      1.15765e+01
133.000      1.16975e+01
134.000      1.17795e+01
135.000      1.18428e+01
136.000      1.18986e+01
137.000      1.19447e+01
138.000      1.19672e+01
139.000      1.19462e+01
140.000      1.18630e+01
141.000      1.17065e+01
142.000      1.14753e+01
143.000      1.11783e+01
144.000      1.08318e+01
145.000      1.04572e+01
146.000      1.00787e+01
147.000      9.72106e+00
148.000      9.40719e+00
149.000      9.15465e+00
150.000      8.97236e+00
151.000      8.85879e+00
152.000      8.80264e+00
153.000      8.78641e+00
154.000      8.79161e+00
155.000      8.80399e+00
156.000      8.81687e+00
157.000      8.83185e+00
158.000      8.85679e+00
159.000      8.90203e+00
160.000      8.97601e+00
161.000      9.08153e+00
162.000      9.21354e+00
163.000      9.35890e+00
164.000      9.49785e+00
165.000      9.60669e+00
166.000      9.66068e+00
167.000      9.63651e+00
168.000      9.51416e+00
169.000      9.27850e+00
170.000      8.92146e+00
171.000      8.44504e+00
172.000      7.86465e+00
173.000      7.21150e+00
174.000      6.53220e+00
175.000      5.88429e+00
176.000      5.32797e+00
177.000      4.91568e+00
178.000      4.68222e+00
179.000      4.63820e+00
180.000      4.76862e+00
181.000      5.03667e+00
182.000      5.39157e+00
183.000      5.77819e+00
184.000      6.14600e+00
185.000      6.45552e+00
186.000      6.68145e+00
187.000      6.81289e+00
188.000      6.85178e+00
189.000      6.81089e+00
190.000      6.71195e+00
191.000      6.58386e+00
192.000      6.46012e+00
193.000      6.37496e+00
194.000      6.35812e+00
195.000      6.42925e+00
196.000      6.59379e+00
197.000      6.84162e+00
198.000      7.14960e+00
199.000      7.48734e+00
200.000      7.82471e+00
201.000      8.13873e+00
202.000      8.41741e+00
203.000      8.65935e+00
204.000      8.86933e+00
205.000      9.05163e+00
206.000      9.20399e+00
207.000      9.31476e+00
208.000      9.36441e+00
209.000      9.33111e+00
210.000      9.19790e+00
211.000      8.95906e+00
212.000      8.62355e+00
213.000      8.21495e+00
214.000      7.76853e+00
215.000      7.32675e+00
216.000      6.93410e+00
217.000      6.63187e+00
218.000      6.45326e+00
219.000      6.41924e+00
220.000      6.53598e+00
221.000      6.79449e+00
222.000      7.17242e+00
223.000      7.63742e+00
224.000      8.15067e+00
225.000      8.66982e+00
226.000      9.15138e+00
227.000      9.55321e+00
228.000      9.83819e+00
229.000      9.97905e+00
230.000      9.96335e+00
231.000      9.79681e+00
232.000      9.50313e+00
233.000      9.11951e+00
234.000      8.68854e+00
235.000      8.24885e+00
236.000      7.82720e+00
237.000      7.43485e+00
238.000      7.06951e+00
239.000      6.72216e+00
240.000      6.38641e+00
241.000      6.06650e+00
242.000      5.78064e+00
243.000      5.55788e+00
244.000      5.42952e+00
245.000      5.41812e+00
246.000      5.52838e+00
247.000      5.74344e+00
248.000      6.02756e+00
249.000      6.33391e+00
250.000      6.61423e+00
251.000      6.82725e+00
252.000      6.94373e+00
253.000      6.94800e+00
254.000      6.83728e+00
255.000      6.62008e+00
256.000      6.31487e+00
257.000      5.94869e+00
258.000      5.55508e+00
259.000      5.17062e+00
260.000      4.83014e+00
261.000      4.56174e+00
262.000      4.38282e+00
263.000      4.29852e+00
264.000      4.30276e+00
265.000      4.38106e+00
266.000      4.51390e+00
267.000      4.67929e+00
268.000      4.85414e+00
269.000      5.01489e+00
270.000      5.13829e+00
271.000      5.20327e+00
272.000      5.19406e+00
273.000      5.10379e+00
274.000      4.93715e+00
275.000      4.71105e+00
276.000      4.45230e+00
277.000      4.19281e+00
278.000      3.96321e+00
279.000      3.78689e+00
280.000      3.67595e+00
281.000      3.63037e+00
282.000      3.64050e+00
283.000      3.69194e+00
284.000      3.77121e+00
285.000      3.87031e+00
286.000      3.98878e+00
287.000      4.13300e+00
288.000      4.31317e+00
289.000      4.53941e+00
290.000      4.81846e+00
291.000      5.15182e+00
292.000      5.53556e+00
293.000      5.96126e+00
294.000      6.41733e+00
295.000      6.88991e+00
296.000      7.36338e+00
297.000      7.82046e+00
298.000      8.24264e+00
299.000      8.61115e+00
300.000      8.90859e+00
301.000      9.12092e+00
302.000      9.23948e+00
303.000      9.26267e+00
304.000      9.19719e+00
305.000      9.05866e+00
306.000      8.87140e+00
307.000      8.66694e+00
308.000      8.48127e+00
309.000      8.35080e+00
310.000      8.30794e+00
311.000      8.37686e+00
312.000      8.57069e+00
313.000      8.89033e+00
314.000      9.32513e+00
315.000      9.85511e+00
316.000      1.04542e+01
317.000      1.10941e+01
318.000      1.17482e+01
319.000      1.23959e+01
320.000      1.30253e+01
321.000      1.36360e+01
322.000      1.42385e+01
323.000      1.48519e+01
324.000      1.54991e+01
325.000      1.62005e+01
326.000      1.69681e+01
327.000      1.78016e+01
328.000      1.86877e+01
329.000      1.96019e+01
330.000      2.05127e+01
331.000      2.13859e+01
332.000      2.21879e+01
333.000      2.28885e+01
334.000      2.34633e+01
335.000      2.38955e+01
336.000      2.41787e+01
337.000      2.43194e+01
338.000      2.43381e+01
339.000      2.42683e+01
340.000      2.41528e+01
341.000      2.40371e+01
342.000      2.39623e+01
343.000      2.39582e+01
344.000      2.40371e+01
345.000      2.41924e+01
346.000      2.43989e+01
347.000      2.46181e+01
348.000      2.48055e+01
349.000      2.49208e+01
350.000      2.49363e+01
351.000      2.48434e+01
352.000      2.46530e+01
353.000      2.43893e+01
354.000      2.40789e+01
355.000      2.37381e+01
356.000      2.33621e+01
357.000      2.29222e+01
358.000      2.23714e+01
359.000      2.16570e+01
360.000      2.07369e+01
361.000      1.95943e+01
362.000      1.82450e+01
363.000      1.67372e+01
364.000      1.51429e+01
365.000      1.35458e+01
366.000      1.20272e+01
367.000      1.06549e+01
368.000      9.47528e+00
369.000      8.51072e+00
370.000      7.76045e+00
371.000      7.20589e+00
372.000      6.81825e+00
373.000      6.56720e+00
374.000      6.42842e+00
375.000      6.38852e+00
376.000      6.44643e+00
377.000      6.61144e+00
378.000      6.89905e+00
379.000      7.32567e+00
380.000      7.90347e+00
381.000      8.63603e+00
382.000      9.51527e+00
383.000      1.05201e+01
384.000      1.16166e+01
385.000      1.27602e+01
386.000      1.38985e+01
387.000      1.49741e+01
388.000      1.59283e+01
389.000      1.67028e+01
390.000      1.72424e+01
391.000      1.74982e+01
392.000      1.74315e+01
393.000      1.70199e+01
394.000      1.62630e+01
395.000      1.51876e+01
396.000      1.38495e+01
397.000      1.23301e+01
398.000      1.07281e+01
399.000      9.14560e+00
400.000      7.67423e+00
401.000      6.38188e+00
402.000      5.30580e+00
403.000      4.45261e+00
404.000      3.80489e+00
405.000      3.33161e+00
406.000      2.99861e+00
407.000      2.77583e+00
408.000      2.63980e+00
409.000      2.57204e+00
410.000      2.55544e+00
411.000      2.57127e+00
412.000      2.59853e+00
413.000      2.61570e+00
414.000      2.60391e+00
415.000      2.54979e+00
416.000      2.44692e+00
417.000      2.29551e+00
418.000      2.10103e+00
419.000      1.87260e+00
420.000      1.62172e+00
421.000      1.36144e+00
422.000      1.10560e+00
423.000      8.67884e-01
424.000      6.60594e-01
425.000      4.93622e-01
426.000      3.73769e-01
427.000      3.04638e-01
428.000      2.86829e-01
429.000      3.18046e-01
430.000      3.92808e-01
431.000      5.01840e-01
432.000      6.31633e-01
433.000      7.64854e-01
434.000      8.82114e-01
435.000      9.65018e-01
436.000      9.99799e-01
437.000      9.80356e-01
438.000      9.09580e-01
439.000      7.98440e-01
440.000      6.63090e-01
441.000      5.20983e-01
442.000      3.87253e-01
443.000      2.72323e-01
444.000      1.81172e-01
445.000      1.14029e-01
446.000      6.78980e-02
447.000      3.82487e-02
448.000      2.03842e-02
449.000      1.02775e-02
450.000      4.90232e-03
451.000      2.21224e-03
452.000      9.44452e-04
453.000      3.81457e-04
454.000      1.45757e-04
455.000      5.26901e-05
456.000      1.80197e-05
457.000      5.83020e-06
458.000      1.78458e-06
459.000      5.16782e-07
460.000      1.41578e-07
461.000      3.66946e-08
462.000      8.99759e-09
463.000      2.08722e-09
464.000      4.58064e-10
465.000      9.51050e-11
466.000      1.86809e-11
467.000      3.47144e-12
468.000      6.10293e-13
469.000      1.01505e-13
470.000      1.59717e-14
471.000      2.37757e-15
472.000      3.34836e-16
473.000      4.46118e-17
474.000      5.62322e-18
475.000      6.70560e-19
476.000      7.56498e-20
477.000      8.07412e-21
478.000      8.15269e-22
479.000      7.78796e-23
480.000      7.03825e-24
481.000      6.01759e-25
482.000      4.86742e-26
483.000      3.72471e-27
484.000      2.69652e-28
485.000      1.84685e-29
486.000      1.19668e-30
487.000      7.33570e-32
488.000      4.25425e-33
489.000      2.33411e-34
490.000      1.21154e-35
491.000      5.94940e-37
492.000      2.76391e-38
493.000      1.21477e-39
494.000      5.05104e-41
495.000      1.98694e-42
496.000      7.39449e-44
497.000      2.60344e-45
498.000      8.67172e-47
499.000      2.73263e-48
500.000      8.14653e-50
