# Gaussian folded, width=10 cm^-1
# [cm^-1] arbitrary
0.000      3.00000e+00
1.000      2.91796e+00
2.000      2.68508e+00
3.000      2.33749e+00
4.000      1.92514e+00
5.000      1.50000e+00
6.000      1.10570e+00
7.000      7.71085e-01
8.000      5.08727e-01
9.000      3.17530e-01
10.000      1.87503e-01
11.000      1.04756e-01
12.000      5.53925e-02
13.000      2.77813e-02
14.000      1.33865e-02
15.000      6.66038e-03
16.000      4.55339e-03
17.000      6.07604e-03
18.000      1.21869e-02
19.000      2.61443e-02
20.000      5.43311e-02
21.000      1.07398e-01
22.000      2.01331e-01
23.000      3.57757e-01
24.000      6.02561e-01
25.000      9.61943e-01
26.000      1.45557e+00
27.000      2.08764e+00
28.000      2.83801e+00
29.000      3.65683e+00
30.000      4.46602e+00
31.000      5.16958e+00
32.000      5.67151e+00
33.000      5.89716e+00
34.000      5.81140e+00
35.000      5.42772e+00
36.000      4.80504e+00
37.000      4.03339e+00
38.000      3.21369e+00
39.000      2.43816e+00
40.000      1.77708e+00
41.000      1.27444e+00
42.000      9.51485e-01
43.000      8.14675e-01
44.000      8.63573e-01
45.000      1.09517e+00
46.000      1.50296e+00
47.000      2.07148e+00
48.000      2.76885e+00
49.000      3.54136e+00
50.000      4.31347e+00
51.000      4.99544e+00
52.000      5.49778e+00
53.000      5.74917e+00
54.000      5.71237e+00
55.000      5.39302e+00
56.000      4.83826e+00
57.000      4.12573e+00
58.000      3.34657e+00
59.000      2.58792e+00
60.000      1.91973e+00
61.000      1.38891e+00
62.000      1.02048e+00
63.000      8.23606e-01
64.000      7.98701e-01
65.000      9.42694e-01
66.000      1.25038e+00
67.000      1.71188e+00
68.000      2.30792e+00
69.000      3.00547e+00
70.000      3.75684e+00
71.000      4.50410e+00
72.000      5.18898e+00
73.000      5.76614e+00
74.000      6.21611e+00
75.000      6.55323e+00
76.000      6.82528e+00
77.000      7.10378e+00
78.000      7.46722e+00
79.000      7.98191e+00
80.000      8.68638e+00
81.000      9.58346e+00
82.000      1.06419e+01
83.000      1.18052e+01
84.000      1.30040e+01
85.000      1.41664e+01
86.000      1.52243e+01
87.000      1.61150e+01
88.000      1.67808e+01
89.000      1.71704e+01
90.000      1.72437e+01
91.000      1.69800e+01
92.000      1.63872e+01
93.000      1.55071e+01
94.000      1.44134e+01
95.000      1.32027e+01
96.000      1.19784e+01
97.000      1.08354e+01
98.000      9.84825e+00
99.000      9.06722e+00
100.000      8.52115e+00
101.000      8.22493e+00
102.000      8.18650e+00
103.000      8.41025e+00
104.000      8.89550e+00
105.000      9.63146e+00
106.000      1.05915e+01
107.000      1.17300e+01
108.000      1.29830e+01
109.000      1.42742e+01
110.000      1.55236e+01
111.000      1.66570e+01
112.000      1.76145e+01
113.000      1.83550e+01
114.000      1.88571e+01
115.000      1.91163e+01
116.000      1.91406e+01
117.000      1.89462e+01
118.000      1.85543e+01
119.000      1.79919e+01
120.000      1.72934e+01
121.000      1.65039e+01
122.000      1.56799e+01
123.000      1.48861e+01
124.000      1.41877e+01
125.000      1.36396e+01
126.000      1.32756e+01
127.000      1.31023e+01
128.000      1.30976e+01
129.000      1.32166e+01
130.000      1.34004e+01
131.000      1.35866e+01
132.000      1.37170e+01
133.000      1.37438e+01
134.000      1.36316e+01
135.000      1.33598e+01
136.000      1.29232e+01
137.000      1.23328e+01
138.000      1.16148e+01
139.000      1.08077e+01
140.000      9.95661e+00
141.000      9.10628e+00
142.000      8.29466e+00
143.000      7.54806e+00
144.000      6.87953e+00
145.000      6.29031e+00
146.000      5.77313e+00
147.000      5.31599e+00
148.000      4.90506e+00
149.000      4.52613e+00
150.000      4.16545e+00
151.000      3.81086e+00
152.000      3.45425e+00
153.000      3.09510e+00
154.000      2.74378e+00
155.000      2.42303e+00
156.000      2.16628e+00
157.000      2.01268e+00
158.000      2.00013e+00
159.000      2.15797e+00
160.000      2.50104e+00
161.000      3.02613e+00
162.000      3.71088e+00
163.000      4.51516e+00
164.000      5.38516e+00
165.000      6.26053e+00
166.000      7.08518e+00
167.000      7.82062e+00
168.000      8.45880e+00
169.000      9.02953e+00
170.000      9.59744e+00
171.000      1.02461e+01
172.000      1.10522e+01
173.000      1.20567e+01
174.000      1.32448e+01
175.000      1.45412e+01
176.000      1.58257e+01
177.000      1.69634e+01
178.000      1.78398e+01
179.000      1.83902e+01
180.000      1.86140e+01
181.000      1.85704e+01
182.000      1.83586e+01
183.000      1.80881e+01
184.000      1.78489e+01
185.000      1.76878e+01
186.000      1.76009e+01
187.000      1.75428e+01
188.000      1.74520e+01
189.000      1.72858e+01
190.000      1.70527e+01
191.000      1.68299e+01
192.000      1.67571e+01
193.000      1.70059e+01
194.000      1.77316e+01
195.000      1.90239e+01
196.000      2.08708e+01
197.000      2.31490e+01
198.000      2.56452e+01
199.000      2.80991e+01
200.000      3.02574e+01
201.000      3.19202e+01
202.000      3.29706e+01
203.000      3.33799e+01
204.000      3.31944e+01
205.000      3.25095e+01
206.000      3.14423e+01
207.000      3.01071e+01
208.000      2.85997e+01
209.000      2.69895e+01
210.000      2.53199e+01
211.000      2.36152e+01
212.000      2.18916e+01
213.000      2.01688e+01
214.000      1.84767e+01
215.000      1.68558e+01
216.000      1.53487e+01
217.000      1.39878e+01
218.000      1.27831e+01
219.000      1.17173e+01
220.000      1.07503e+01
221.000      9.83301e+00
222.000      8.92556e+00
223.000      8.01411e+00
224.000      7.12084e+00
225.000      6.30431e+00
226.000      5.65016e+00
227.000      5.25491e+00
228.000      5.20659e+00
229.000      5.56663e+00
230.000      6.35661e+00
231.000      7.55222e+00
232.000      9.08573e+00
233.000      1.08562e+01
234.000      1.27452e+01
235.000      1.46355e+01
236.000      1.64283e+01
237.000      1.80557e+01
238.000      1.94864e+01
239.000      2.07238e+01
240.000      2.17957e+01
241.000      2.27397e+01
242.000      2.35860e+01
243.000      2.43428e+01
244.000      2.49881e+01
245.000      2.54705e+01
246.000      2.57183e+01
247.000      2.56554e+01
248.000      2.52196e+01
249.000      2.43782e+01
250.000      2.31375e+01
251.000      2.15446e+01
252.000      1.96816e+01
253.000      1.76538e+01
254.000      1.55755e+01
255.000      1.35543e+01
256.000      1.16792e+01
257.000      1.00115e+01
258.000      8.58236e+00
259.000      7.39570e+00
260.000      6.43562e+00
261.000      5.67667e+00
262.000      5.09445e+00
263.000      4.67502e+00
264.000      4.42162e+00
265.000      4.35762e+00
266.000      4.52519e+00
267.000      4.97880e+00
268.000      5.77396e+00
269.000      6.95239e+00
270.000      8.52614e+00
271.000      1.04647e+01
272.000      1.26886e+01
273.000      1.50733e+01
274.000      1.74629e+01
275.000      1.96929e+01
276.000      2.16154e+01
277.000      2.31214e+01
278.000      2.41534e+01
279.000      2.47055e+01
280.000      2.48103e+01
281.000      2.45208e+01
282.000      2.38905e+01
283.000      2.29623e+01
284.000      2.17661e+01
285.000      2.03264e+01
286.000      1.86753e+01
287.000      1.68632e+01
288.000      1.49641e+01
289.000      1.30715e+01
290.000      1.12879e+01
291.000      9.70840e+00
292.000      8.40588e+00
293.000      7.42007e+00
294.000      6.75327e+00
295.000      6.37274e+00
296.000      6.21836e+00
297.000      6.21317e+00
298.000      6.27480e+00
299.000      6.32629e+00
300.000      6.30528e+00
301.000      6.17086e+00
302.000      5.90698e+00
303.000      5.52201e+00
304.000      5.04410e+00
305.000      4.51358e+00
306.000      3.97402e+00
307.000      3.46455e+00
308.000      3.01497e+00
309.000      2.64445e+00
310.000      2.36314e+00
311.000      2.17513e+00
312.000      2.08127e+00
313.000      2.08066e+00
314.000      2.17072e+00
315.000      2.34590e+00
316.000      2.59579e+00
317.000      2.90298e+00
318.000      3.24160e+00
319.000      3.57723e+00
320.000      3.86925e+00
321.000      4.07609e+00
322.000      4.16275e+00
323.000      4.10896e+00
324.000      3.91513e+00
325.000      3.60391e+00
326.000      3.21583e+00
327.000      2.80018e+00
328.000      2.40360e+00
329.000      2.05988e+00
330.000      1.78423e+00
331.000      1.57311e+00
332.000      1.40940e+00
333.000      1.27037e+00
334.000      1.13571e+00
335.000      9.93026e-01
336.000      8.39688e-01
337.000      6.81156e-01
338.000      5.27276e-01
339.000      3.88176e-01
340.000      2.71216e-01
341.000      1.79619e-01
342.000      1.12669e-01
343.000      6.69074e-02
344.000      3.76047e-02
345.000      2.00003e-02
346.000      1.00650e-02
347.000      4.79234e-03
348.000      2.15886e-03
349.000      9.20094e-04
350.000      3.70994e-04
351.000      1.41522e-04
352.000      5.10742e-05
353.000      1.74381e-05
354.000      5.63269e-06
355.000      1.72128e-06
356.000      4.97627e-07
357.000      1.36105e-07
358.000      3.52178e-08
359.000      8.62122e-09
360.000      1.99661e-09
361.000      4.37456e-10
362.000      9.06762e-11
363.000      1.77816e-11
364.000      3.29886e-12
365.000      5.78997e-13
366.000      9.61403e-14
367.000      1.51026e-14
368.000      2.24449e-15
369.000      3.15573e-16
370.000      4.19759e-17
371.000      5.28223e-18
372.000      6.28858e-19
373.000      7.08280e-20
374.000      7.54702e-21
375.000      7.60787e-22
376.000      7.25553e-23
377.000      6.54624e-24
378.000      5.58770e-25
379.000      4.51223e-26
380.000      3.44720e-27
381.000      2.49150e-28
382.000      1.70362e-29
383.000      1.10205e-30
384.000      6.74445e-32
385.000      3.90491e-33
386.000      2.13891e-34
387.000      1.10839e-35
388.000      5.43385e-37
389.000      2.52024e-38
390.000      1.10584e-39
391.000      4.59054e-41
392.000      1.80281e-42
393.000      6.69816e-44
394.000      2.35439e-45
395.000      7.82921e-47
396.000      2.46306e-48
397.000      7.33079e-50
398.000      2.06416e-51
399.000      5.49862e-53
400.000      1.38574e-54
401.000      3.30390e-56
402.000      7.45230e-58
403.000      1.59027e-59
404.000      3.21048e-61
405.000      6.13176e-63
406.000      1.10795e-64
407.000      1.89396e-66
408.000      3.06294e-68
409.000      4.68624e-70
410.000      6.78311e-72
411.000      9.28860e-74
412.000      1.20334e-75
413.000      1.47484e-77
414.000      1.71010e-79
415.000      1.87591e-81
416.000      1.94680e-83
417.000      1.91139e-85
418.000      1.77539e-87
419.000      1.56011e-89
420.000      1.29699e-91
421.000      1.02008e-93
422.000      7.59013e-96
423.000      5.34296e-98
424.000     3.55821e-100
425.000     2.24182e-102
426.000     1.33624e-104
427.000     7.53509e-107
428.000     4.01985e-109
429.000     2.02884e-111
430.000     9.68732e-114
431.000     4.37600e-116
432.000     1.87012e-118
433.000     7.56096e-121
434.000     2.89203e-123
435.000     1.04652e-125
436.000     3.58269e-128
437.000     1.16035e-130
438.000     3.55537e-133
439.000     1.03062e-135
440.000     2.82638e-138
441.000     7.33298e-141
442.000     1.79990e-143
443.000     4.17958e-146
444.000     9.18195e-149
445.000     1.90834e-151
446.000     3.75226e-154
447.000     6.97987e-157
448.000     1.22834e-159
449.000     2.04508e-162
450.000     3.22121e-165
451.000     4.80003e-168
452.000     6.76686e-171
453.000     9.02502e-174
454.000     1.13874e-176
455.000     1.35932e-179
456.000     1.53510e-182
457.000     1.64009e-185
458.000     1.65774e-188
459.000     1.58519e-191
460.000     1.43406e-194
461.000     1.22735e-197
462.000     9.93772e-201
463.000     7.61243e-204
464.000     5.51668e-207
465.000     3.78225e-210
466.000     2.45324e-213
467.000     1.50538e-216
468.000     8.73919e-220
469.000     4.79970e-223
470.000     2.49387e-226
471.000     1.22589e-229
472.000     5.70094e-233
473.000     2.50818e-236
474.000     1.04397e-239
475.000     4.11091e-243
476.000     1.53145e-246
477.000     5.39742e-250
478.000     1.79965e-253
479.000     5.67682e-257
480.000     1.69411e-260
481.000     4.78294e-264
482.000     1.27751e-267
483.000     3.22816e-271
484.000     7.71722e-275
485.000     1.74536e-278
486.000     3.73445e-282
487.000     7.55937e-286
488.000     1.44765e-289
489.000     2.62275e-293
490.000     4.49541e-297
491.000     7.28951e-301
492.000     1.11827e-304
493.000     1.62297e-308
494.000     2.22840e-312
495.000     2.89463e-316
496.000     3.55727e-320
497.000     4.94066e-324
498.000      0.00000e+00
499.000      0.00000e+00
500.000      0.00000e+00
