4.500000000000000000e+01
4.376940000000000452e+01
4.027619999999999578e+01
3.506234999999999502e+01
2.887709999999999511e+01
2.250000000000000000e+01
1.658550000000000324e+01
1.156627499999999920e+01
7.630905000000002936e+00
4.762950000000000017e+00
2.812545000000000073e+00
1.571333999999999786e+00
8.308633000000000823e-01
4.166554000000000091e-01
2.006383999999999945e-01
9.953433999999999893e-02
6.749526999999999610e-02
8.951587999999997824e-02
1.797704000000000246e-01
3.869572000000000567e-01
8.068253000000000785e-01
1.599577999999999944e+00
3.006194999999999951e+00
5.353168000000000148e+00
9.031612000000000862e+00
1.443737900000000351e+01
2.186712000000000344e+01
3.138249000000000066e+01
4.267626000000000630e+01
5.499197000000000202e+01
6.714834999999999354e+01
7.769682000000000244e+01
8.519428999999999519e+01
8.852496000000000720e+01
8.717256000000000427e+01
8.135321000000000424e+01
7.196257000000001369e+01
6.035762999999998613e+01
4.805112000000000450e+01
3.641881999999999664e+01
2.650394000000000005e+01
1.895584999999999809e+01
1.408746799999999944e+01
1.199736600000000308e+01
1.269017600000000101e+01
1.614092999999999734e+01
2.227773999999999788e+01
3.089217000000000013e+01
4.151861999999999853e+01
5.334264000000000294e+01
6.519724999999999682e+01
7.568121000000000720e+01
8.339048999999998557e+01
8.720551000000000386e+01
8.654787000000001740e+01
8.152012999999998044e+01
7.288042999999998983e+01
6.186078999999999439e+01
4.989143999999998869e+01
3.832099000000000188e+01
2.821196999999999733e+01
2.025598000000000098e+01
1.480272700000000086e+01
1.196259800000000162e+01
1.172442500000000010e+01
1.403796700000000008e+01
1.883225000000000193e+01
2.597013000000000460e+01
3.516691000000000145e+01
4.591620000000000346e+01
5.747218000000000160e+01
6.891905000000001280e+01
7.933176000000000272e+01
8.799277999999999622e+01
9.460137999999999181e+01
9.940055999999998448e+01
1.031658499999999918e+02
1.070429899999999748e+02
1.122732999999999635e+02
1.198871699999999976e+02
1.304575199999999882e+02
1.439823599999999999e+02
1.599163999999999817e+02
1.773205000000000098e+02
1.950621999999999900e+02
2.119962000000000160e+02
2.270832000000000050e+02
2.394378999999999849e+02
2.483372999999999706e+02
2.532249000000000194e+02
2.537401000000000408e+02
2.497734000000000094e+02
2.415268999999999835e+02
2.295444000000000244e+02
2.146905999999999608e+02
1.980727000000000260e+02
1.809192999999999643e+02
1.644591000000000065e+02
1.498153500000000236e+02
1.379427399999999864e+02
1.295972700000000088e+02
1.253227799999999945e+02
1.254350000000000023e+02
1.299932699999999954e+02
1.387657800000000066e+02
1.512081499999999892e+02
1.664775999999999954e+02
1.834994999999999834e+02
2.010850999999999829e+02
2.180775999999999613e+02
2.334980000000000189e+02
2.466453000000000202e+02
2.571342999999999392e+02
2.648562000000000012e+02
2.698919999999999959e+02
2.724040999999999713e+02
2.725561000000000149e+02
2.704802000000000248e+02
2.663052000000000135e+02
2.602250999999999976e+02
2.525731000000000392e+02
2.438685999999999865e+02
2.348067999999999813e+02
2.261802000000000135e+02
2.187497999999999934e+02
2.130986000000000331e+02
2.095082000000000448e+02
2.078968999999999596e+02
2.078354000000000212e+02
2.086435999999999638e+02
2.095319000000000358e+02
2.097582999999999629e+02
2.087535999999999774e+02
2.061945000000000050e+02
2.020029000000000110e+02
1.962947000000000344e+02
1.892958999999999889e+02
1.812550999999999988e+02
1.723869999999999720e+02
1.628508099999999956e+02
1.527639200000000130e+02
1.422389399999999853e+02
1.314178799999999967e+02
1.204968700000000013e+02
1.097235099999999903e+02
9.937241000000000213e+01
8.970118999999999687e+01
8.089898999999999774e+01
7.304201999999999373e+01
6.607229000000000951e+01
5.981330000000001235e+01
5.402643000000000484e+01
4.849772999999999712e+01
4.313150999999999158e+01
3.802008999999999617e+01
3.346458000000000510e+01
2.993787000000000020e+01
2.799941000000000102e+01
2.818596999999999753e+01
3.090553999999999846e+01
3.635566000000000031e+01
4.447503999999999991e+01
5.492942999999999643e+01
6.712976000000000454e+01
8.028761000000001502e+01
9.351749000000000933e+01
1.059935499999999990e+02
1.171465499999999906e+02
1.268556499999999971e+02
1.355604999999999905e+02
1.442180600000000368e+02
1.540678000000000338e+02
1.662445999999999913e+02
1.813536999999999750e+02
1.991642999999999972e+02
2.185494000000000199e+02
2.377153000000000418e+02
2.546567000000000007e+02
2.676836000000000695e+02
2.758548000000000116e+02
2.791809000000000651e+02
2.785561999999999898e+02
2.754552999999999656e+02
2.714928000000000452e+02
2.679782000000000153e+02
2.655836999999999648e+02
2.642266999999999371e+02
2.632137000000000171e+02
2.616215000000000259e+02
2.588177000000000021e+02
2.549441000000000201e+02
2.511852999999999838e+02
2.496833999999999776e+02
2.530801999999999907e+02
2.638006000000000313e+02
2.832873000000000161e+02
3.114401000000000295e+02
3.464463000000000079e+02
3.850637999999999579e+02
4.232685999999999922e+02
4.570734999999999673e+02
4.832691000000000372e+02
4.999027999999998997e+02
5.064100000000001387e+02
5.034291000000000054e+02
4.924194999999999141e+02
4.752248000000000161e+02
4.536943999999999164e+02
4.294253000000000497e+02
4.036304999999999836e+02
3.771280999999999608e+02
3.504237999999999147e+02
3.238499000000000478e+02
2.977245000000000346e+02
2.724560000000000173e+02
2.485655999999999608e+02
2.265917000000000030e+02
2.069270999999999674e+02
1.896550000000000296e+02
1.744695000000000391e+02
1.607340999999999838e+02
1.476754400000000089e+02
1.346485399999999970e+02
1.213946499999999844e+02
1.082033500000000004e+02
9.593093000000000359e+01
8.586955000000000382e+01
7.950266000000000588e+01
7.820663000000001830e+01
8.296673000000001252e+01
9.416603999999998109e+01
1.114899399999999901e+02
1.339630400000000066e+02
1.601105999999999767e+02
1.882110999999999876e+02
2.165804000000000258e+02
2.438311999999999671e+02
2.690376999999999725e+02
2.917818000000000325e+02
3.120714000000000965e+02
3.301640999999999622e+02
3.463527000000000839e+02
3.607697000000000003e+02
3.732608000000000175e+02
3.833505000000000109e+02
3.903009999999999877e+02
3.932388999999999442e+02
3.913181000000000154e+02
3.838874000000000137e+02
3.706306000000000154e+02
3.516660999999999149e+02
3.275842999999999847e+02
2.994180999999999813e+02
2.685455000000000041e+02
2.365358999999999980e+02
2.049605000000000246e+02
1.752091000000000065e+02
1.483455500000000029e+02
1.250367399999999805e+02
1.055634999999999906e+02
8.990131999999996992e+01
7.784501000000000204e+01
6.914294999999999902e+01
6.361355000000001070e+01
6.122465000000000401e+01
6.212751000000000801e+01
6.664159999999999684e+01
7.519170999999998628e+01
8.820055000000000689e+01
1.059511200000000031e+02
1.284409500000000151e+02
1.552623099999999852e+02
1.855427999999999997e+02
2.179744999999999777e+02
2.509309000000000083e+02
2.826570000000000391e+02
3.114748000000000161e+02
3.359610999999999876e+02
3.550464999999999804e+02
3.680309000000000310e+02
3.745313000000000443e+02
3.744107000000000198e+02
3.677352999999999952e+02
3.547810999999999808e+02
3.360860000000000127e+02
3.125079000000000065e+02
2.852470999999999322e+02
2.557921000000000618e+02
2.257863000000000397e+02
1.968412999999999613e+02
1.703427000000000078e+02
1.472905100000000118e+02
1.282178799999999796e+02
1.131947700000000054e+02
1.019055300000000273e+02
9.377373000000000047e+01
8.809875999999999863e+01
8.417498999999997977e+01
8.137466999999999473e+01
7.918877000000000521e+01
7.723167999999999722e+01
7.522358999999998730e+01
7.296629000000000076e+01
7.032764999999999134e+01
6.724192999999999643e+01
6.372537999999999414e+01
5.989562999999999704e+01
5.597883000000000209e+01
5.229038000000001318e+01
4.918413000000000324e+01
4.697998000000000474e+01
4.589048000000000371e+01
4.597017999999999915e+01
4.710477000000000203e+01
4.904089999999999350e+01
5.144423999999999353e+01
5.396302999999999628e+01
5.627685000000000315e+01
5.812066000000000798e+01
5.928558000000000305e+01
5.961081000000000074e+01
5.898027999999999338e+01
5.733370000000000744e+01
5.468962000000000501e+01
5.116760000000000019e+01
4.699369000000000085e+01
4.247632000000000119e+01
3.795304000000000855e+01
3.372070000000000078e+01
2.997236000000000189e+01
2.676239999999999952e+01
2.401338999999999402e+01
2.156131999999999849e+01
1.922246999999999773e+01
1.685745900000000219e+01
1.441111900000000112e+01
1.191840499999999814e+01
9.480020999999998921e+00
7.221478000000000286e+00
5.252673999999998955e+00
3.640772999999999815e+00
2.401454699999999942e+00
1.505996300000000065e+00
8.973840000000001815e-01
5.078708999999999030e-01
2.729129599999999822e-01
1.392191000000000123e-01
6.740763999999999090e-02
3.097408299999999948e-02
1.350578999999999669e-02
5.587649100000000556e-03
2.193230400000000142e-03
8.166655599999999866e-04
2.884479499999999968e-04
9.662989899999998493e-05
3.069973399999999984e-05
9.248942700000001662e-06
2.642051299999999605e-06
7.155464099999999723e-07
1.837123570000000220e-07
4.470944000000000810e-08
1.031281299999999939e-08
2.254397989999999929e-09
4.670017599999999203e-10
9.166435600000000395e-11
1.704663439999999773e-11
3.003276940000000276e-12
5.012275519999999115e-13
7.923631979999999854e-14
1.186394818000000016e-14
1.682363332000000019e-15
2.259256067999999933e-16
2.873036090000000251e-17
3.459541019999999754e-18
3.944321860000000349e-19
4.257764465999998960e-20
4.351334724999999948e-21
4.209940651000000293e-22
3.855865346999999677e-23
3.343036543000000220e-24
2.743603796999999821e-25
2.131281401999999371e-26
1.567077964999999735e-27
1.090568691099999941e-28
7.183191430000001032e-30
4.477858432999999094e-31
2.641810458300000939e-32
1.475034553499999783e-33
7.794005819999999540e-35
3.897338373000000257e-36
1.844246048000000140e-37
8.258500882999998877e-39
3.499531929100000378e-40
1.403264223000000034e-41
5.324533419599998780e-43
1.911754436000000627e-44
6.495087134999999473e-46
2.088022342369999895e-47
6.351525117399999552e-49
1.828141081859999764e-50
4.978807735800000254e-52
1.282984138060000155e-53
3.128203345530000041e-55
7.216749202000000330e-57
1.575282761910000029e-58
3.253466797790000365e-60
6.357663816159999595e-62
1.175471304347999842e-63
2.056305857960000000e-65
3.403467480690000387e-67
5.329812758520000184e-69
7.896912041200000016e-71
1.107019694013000137e-72
1.468268933226999851e-74
1.842488258078999773e-76
2.187530289914000563e-78
2.457249803027000246e-80
2.611499412018000082e-82
2.625889713516999637e-84
2.498090056713000320e-86
2.248432248745000025e-88
1.914677318785999804e-90
1.542593976568700053e-92
1.175838618539300161e-94
8.479746444482000355e-97
5.785724424104998534e-99
3.734824704929700714e-101
2.280970523403499647e-103
1.317971514731300127e-105
7.204914722387999430e-108
3.726380011542100284e-110
1.823395843249899917e-112
8.441296317397300831e-115
3.697187409865199871e-117
1.532031534103650375e-119
6.006171143138799814e-122
2.227721238780790644e-124
7.817295899722897036e-127
2.595283917790270278e-129
8.151625033744900796e-132
2.422351205974999995e-134
6.810199355878699703e-137
1.811397656521259883e-139
4.558273734678520760e-142
1.085216695956958925e-144
2.444345300209600265e-147
5.208829280431498322e-150
1.050141114993685281e-152
2.003017875832147491e-155
3.614518914600100103e-158
6.170875724225720020e-161
9.967188707491172120e-164
1.523092055442305097e-166
2.201965456038780044e-169
3.011775585929237494e-172
3.897297698240975590e-175
4.771257534469724009e-178
5.526245332982832196e-181
6.055584679798274470e-184
6.277834998003916048e-187
6.157319109856876312e-190
5.713488825753430741e-193
5.015775893912885499e-196
4.165845140010606254e-199
3.273369752940511446e-202
2.433412174228902987e-205
1.711443127863492668e-208
1.138770002298460438e-211
7.168639601385249699e-215
4.269382361430843765e-218
2.405578315378937965e-221
1.282332350758504897e-224
6.467082747780907629e-228
3.085623455739173079e-231
1.392852060428782270e-234
5.948271559379765566e-238
2.403277540775298148e-241
9.186366608500519196e-245
3.322068528456015096e-248
1.136581293772779538e-251
3.678900821990186405e-255
1.126578846850869175e-258
3.263849393382861434e-262
8.945922772221623026e-266
2.319770925299675370e-269
5.691029098914384647e-273
1.320871552461117976e-276
2.900405504960447983e-280
6.025320063230845307e-284
1.184208193724595176e-287
2.201909369628811389e-291
3.873425927207565243e-295
6.446399162965785263e-299
1.014996061770869703e-302
1.511941790652066118e-306
2.130748506044783795e-310
2.840880624619169721e-314
3.583428485347810710e-318
4.248964554234720280e-322
0.000000000000000000e+00
0.000000000000000000e+00
