# Gaussian folded, width=10 cm^-1
# [cm^-1] arbitrary
0.000      3.00000e+00
1.000      2.91796e+00
2.000      2.68508e+00
3.000      2.33749e+00
4.000      1.92514e+00
5.000      1.50000e+00
6.000      1.10570e+00
7.000      7.71085e-01
8.000      5.08727e-01
9.000      3.17530e-01
10.000      1.87503e-01
11.000      1.04755e-01
12.000      5.53892e-02
13.000      2.77727e-02
14.000      1.33652e-02
15.000      6.61137e-03
16.000      4.44862e-03
17.000      5.86878e-03
18.000      1.18100e-02
19.000      2.55210e-02
20.000      5.34102e-02
21.000      1.06226e-01
22.000      2.00164e-01
23.000      3.57181e-01
24.000      6.03571e-01
25.000      9.65887e-01
26.000      1.46389e+00
27.000      2.10137e+00
28.000      2.85720e+00
29.000      3.68004e+00
30.000      4.49028e+00
31.000      5.19082e+00
32.000      5.68562e+00
33.000      5.90115e+00
34.000      5.80437e+00
35.000      5.41115e+00
36.000      4.78223e+00
37.000      4.00837e+00
38.000      3.18998e+00
39.000      2.41784e+00
40.000      1.76048e+00
41.000      1.26042e+00
42.000      9.38241e-01
43.000      8.00675e-01
44.000      8.48510e-01
45.000      1.08061e+00
46.000      1.49251e+00
47.000      2.07021e+00
48.000      2.78210e+00
49.000      3.57289e+00
50.000      4.36372e+00
51.000      5.06043e+00
52.000      5.56934e+00
53.000      5.81658e+00
54.000      5.76500e+00
55.000      5.42306e+00
56.000      4.84260e+00
57.000      4.10629e+00
58.000      3.30918e+00
59.000      2.54019e+00
60.000      1.86893e+00
61.000      1.34038e+00
62.000      9.77242e-01
63.000      7.86847e-01
64.000      7.69109e-01
65.000      9.21920e-01
66.000      1.24220e+00
67.000      1.72255e+00
68.000      2.34538e+00
69.000      3.07749e+00
70.000      3.86860e+00
71.000      4.65596e+00
72.000      5.37547e+00
73.000      5.97679e+00
74.000      6.43775e+00
75.000      6.77285e+00
76.000      7.03193e+00
77.000      7.28859e+00
78.000      7.62161e+00
79.000      8.09527e+00
80.000      8.74501e+00
81.000      9.57207e+00
82.000      1.05474e+01
83.000      1.16214e+01
84.000      1.27341e+01
85.000      1.38234e+01
86.000      1.48279e+01
87.000      1.56881e+01
88.000      1.63472e+01
89.000      1.67542e+01
90.000      1.68704e+01
91.000      1.66757e+01
92.000      1.61751e+01
93.000      1.54007e+01
94.000      1.44100e+01
95.000      1.32802e+01
96.000      1.21004e+01
97.000      1.09632e+01
98.000      9.95648e+00
99.000      9.15695e+00
100.000      8.62541e+00
101.000      8.40284e+00
102.000      8.50757e+00
103.000      8.93301e+00
104.000      9.64648e+00
105.000      1.05899e+01
106.000      1.16839e+01
107.000      1.28351e+01
108.000      1.39482e+01
109.000      1.49389e+01
110.000      1.57466e+01
111.000      1.63425e+01
112.000      1.67309e+01
113.000      1.69425e+01
114.000      1.70227e+01
115.000      1.70166e+01
116.000      1.69566e+01
117.000      1.68559e+01
118.000      1.67098e+01
119.000      1.65044e+01
120.000      1.62292e+01
121.000      1.58889e+01
122.000      1.55099e+01
123.000      1.51385e+01
124.000      1.48297e+01
125.000      1.46312e+01
126.000      1.45672e+01
127.000      1.46276e+01
128.000      1.47673e+01
129.000      1.49167e+01
130.000      1.49990e+01
131.000      1.49499e+01
132.000      1.47328e+01
133.000      1.43449e+01
134.000      1.38139e+01
135.000      1.31868e+01
136.000      1.25151e+01
137.000      1.18417e+01
138.000      1.11924e+01
139.000      1.05736e+01
140.000      9.97528e+00
141.000      9.37841e+00
142.000      8.76271e+00
143.000      8.11446e+00
144.000      7.43180e+00
145.000      6.72647e+00
146.000      6.02168e+00
147.000      5.34642e+00
148.000      4.72766e+00
149.000      4.18308e+00
150.000      3.71675e+00
151.000      3.31969e+00
152.000      2.97521e+00
153.000      2.66726e+00
154.000      2.38876e+00
155.000      2.14676e+00
156.000      1.96299e+00
157.000      1.86953e+00
158.000      1.90153e+00
159.000      2.08889e+00
160.000      2.44924e+00
161.000      2.98315e+00
162.000      3.67210e+00
163.000      4.47922e+00
164.000      5.35288e+00
165.000      6.23380e+00
166.000      7.06591e+00
167.000      7.80995e+00
168.000      8.45674e+00
169.000      9.03503e+00
170.000      9.60886e+00
171.000      1.02620e+01
172.000      1.10718e+01
173.000      1.20802e+01
174.000      1.32730e+01
175.000      1.45749e+01
176.000      1.58646e+01
177.000      1.70059e+01
178.000      1.78827e+01
179.000      1.84295e+01
180.000      1.86457e+01
181.000      1.85912e+01
182.000      1.83668e+01
183.000      1.80841e+01
184.000      1.78346e+01
185.000      1.76669e+01
186.000      1.75769e+01
187.000      1.75168e+01
188.000      1.74208e+01
189.000      1.72404e+01
190.000      1.69796e+01
191.000      1.67146e+01
192.000      1.65903e+01
193.000      1.67901e+01
194.000      1.74867e+01
195.000      1.87875e+01
196.000      2.06939e+01
197.000      2.30861e+01
198.000      2.57403e+01
199.000      2.83730e+01
200.000      3.06988e+01
201.000      3.24851e+01
202.000      3.35899e+01
203.000      3.39743e+01
204.000      3.36908e+01
205.000      3.28556e+01
206.000      3.16139e+01
207.000      3.01084e+01
208.000      2.84573e+01
209.000      2.67426e+01
210.000      2.50113e+01
211.000      2.32834e+01
212.000      2.15669e+01
213.000      1.98718e+01
214.000      1.82193e+01
215.000      1.66438e+01
216.000      1.51845e+01
217.000      1.38723e+01
218.000      1.27168e+01
219.000      1.16995e+01
220.000      1.07780e+01
221.000      9.89910e+00
222.000      9.01819e+00
223.000      8.11762e+00
224.000      7.21818e+00
225.000      6.38004e+00
226.000      5.69285e+00
227.000      5.25775e+00
228.000      5.16615e+00
229.000      5.48043e+00
230.000      6.22097e+00
231.000      7.36208e+00
232.000      8.83715e+00
233.000      1.05513e+01
234.000      1.23983e+01
235.000      1.42771e+01
236.000      1.61052e+01
237.000      1.78253e+01
238.000      1.94054e+01
239.000      2.08331e+01
240.000      2.21067e+01
241.000      2.32257e+01
242.000      2.41843e+01
243.000      2.49670e+01
244.000      2.55490e+01
245.000      2.58980e+01
246.000      2.59782e+01
247.000      2.57544e+01
248.000      2.51982e+01
249.000      2.42935e+01
250.000      2.30448e+01
251.000      2.14835e+01
252.000      1.96707e+01
253.000      1.76955e+01
254.000      1.56648e+01
255.000      1.36899e+01
256.000      1.18698e+01
257.000      1.02775e+01
258.000      8.95169e+00
259.000      7.89510e+00
260.000      7.08013e+00
261.000      6.45990e+00
262.000      5.98273e+00
263.000      5.60733e+00
264.000      5.31549e+00
265.000      5.11941e+00
266.000      5.06179e+00
267.000      5.20842e+00
268.000      5.63488e+00
269.000      6.41028e+00
270.000      7.58142e+00
271.000      9.15970e+00
272.000      1.11127e+01
273.000      1.33616e+01
274.000      1.57843e+01
275.000      1.82262e+01
276.000      2.05170e+01
277.000      2.24915e+01
278.000      2.40114e+01
279.000      2.49829e+01
280.000      2.53649e+01
281.000      2.51682e+01
282.000      2.44456e+01
283.000      2.32775e+01
284.000      2.17583e+01
285.000      1.99869e+01
286.000      1.80620e+01
287.000      1.60803e+01
288.000      1.41355e+01
289.000      1.23148e+01
290.000      1.06930e+01
291.000      9.32503e+00
292.000      8.24028e+00
293.000      7.43970e+00
294.000      6.89810e+00
295.000      6.57010e+00
296.000      6.39820e+00
297.000      6.32083e+00
298.000      6.27915e+00
299.000      6.22194e+00
300.000      6.10904e+00
301.000      5.91368e+00
302.000      5.62405e+00
303.000      5.24367e+00
304.000      4.79057e+00
305.000      4.29493e+00
306.000      3.79554e+00
307.000      3.33532e+00
308.000      2.95641e+00
309.000      2.69494e+00
310.000      2.57587e+00
311.000      2.60847e+00
312.000      2.78331e+00
313.000      3.07192e+00
314.000      3.42974e+00
315.000      3.80239e+00
316.000      4.13415e+00
317.000      4.37695e+00
318.000      4.49779e+00
319.000      4.48322e+00
320.000      4.33984e+00
321.000      4.09109e+00
322.000      3.77126e+00
323.000      3.41824e+00
324.000      3.06665e+00
325.000      2.74288e+00
326.000      2.46270e+00
327.000      2.23130e+00
328.000      2.04501e+00
329.000      1.89390e+00
330.000      1.76439e+00
331.000      1.64196e+00
332.000      1.51368e+00
333.000      1.37057e+00
334.000      1.20926e+00
335.000      1.03261e+00
336.000      8.48622e-01
337.000      6.68258e-01
338.000      5.02526e-01
339.000      3.59959e-01
340.000      2.45139e-01
341.000      1.58503e-01
342.000      9.72061e-02
343.000      5.65023e-02
344.000      3.11121e-02
345.000      1.62226e-02
346.000      8.00793e-03
347.000      3.74152e-03
348.000      1.65441e-03
349.000      6.92251e-04
350.000      2.74080e-04
351.000      1.02675e-04
352.000      3.63920e-05
353.000      1.22038e-05
354.000      3.87186e-06
355.000      1.16219e-06
356.000      3.30036e-07
357.000      8.86689e-08
358.000      2.25374e-08
359.000      5.41948e-09
360.000      1.23291e-09
361.000      2.65354e-10
362.000      5.40304e-11
363.000      1.04080e-11
364.000      1.89679e-12
365.000      3.27029e-13
366.000      5.33423e-14
367.000      8.23142e-15
368.000      1.20170e-15
369.000      1.65972e-16
370.000      2.16866e-17
371.000      2.68081e-18
372.000      3.13514e-19
373.000      3.46870e-20
374.000      3.63073e-21
375.000      3.59533e-22
376.000      3.36822e-23
377.000      2.98525e-24
378.000      2.50310e-25
379.000      1.98561e-26
380.000      1.49013e-27
381.000      1.05798e-28
382.000      7.10630e-30
383.000      4.51574e-31
384.000      2.71477e-32
385.000      1.54402e-33
386.000      8.30790e-35
387.000      4.22909e-36
388.000      2.03667e-37
389.000      9.27923e-39
390.000      3.99964e-40
391.000      1.63097e-41
392.000      6.29203e-43
393.000      2.29643e-44
394.000      7.92924e-46
395.000      2.59017e-47
396.000      8.00465e-49
397.000      2.34032e-50
398.000      6.47327e-52
399.000      1.69391e-53
400.000      4.19349e-55
401.000      9.82150e-57
402.000      2.17620e-58
403.000      4.56179e-60
404.000      9.04671e-62
405.000      1.69732e-63
406.000      3.01268e-65
407.000      5.05896e-67
408.000      8.03687e-69
409.000      1.20790e-70
410.000      1.71748e-72
411.000      2.31030e-74
412.000      2.94012e-76
413.000      3.53980e-78
414.000      4.03190e-80
415.000      4.34469e-82
416.000      4.42919e-84
417.000      4.27178e-86
418.000      3.89772e-88
419.000      3.36457e-90
420.000      2.74768e-92
421.000      2.12285e-94
422.000      1.55164e-96
423.000      1.07296e-98
424.000     7.01922e-101
425.000     4.34424e-103
426.000     2.54364e-105
427.000     1.40902e-107
428.000     7.38403e-110
429.000     3.66090e-112
430.000     1.71712e-114
431.000     7.61959e-117
432.000     3.19874e-119
433.000     1.27041e-121
434.000     4.77340e-124
435.000     1.69679e-126
436.000     5.70620e-129
437.000     1.81544e-131
438.000     5.46433e-134
439.000     1.55599e-136
440.000     4.19176e-139
441.000     1.06832e-141
442.000     2.57589e-144
443.000     5.87582e-147
444.000     1.26802e-149
445.000     2.58883e-152
446.000     5.00033e-155
447.000     9.13714e-158
448.000     1.57957e-160
449.000     2.58337e-163
450.000     3.99716e-166
451.000     5.85105e-169
452.000     8.10278e-172
453.000     1.06158e-174
454.000     1.31579e-177
455.000     1.54291e-180
456.000     1.71163e-183
457.000     1.79638e-186
458.000     1.78362e-189
459.000     1.67543e-192
460.000     1.48890e-195
461.000     1.25177e-198
462.000     9.95637e-202
463.000     7.49195e-205
464.000     5.33342e-208
465.000     3.59199e-211
466.000     2.28866e-214
467.000     1.37957e-217
468.000     7.86731e-221
469.000     4.24449e-224
470.000     2.16642e-227
471.000     1.04611e-230
472.000     4.77891e-234
473.000     2.06537e-237
474.000     8.44472e-241
475.000     3.26655e-244
476.000     1.19540e-247
477.000     4.13859e-251
478.000     1.35553e-254
479.000     4.20034e-258
480.000     1.23134e-261
481.000     3.41498e-265
482.000     8.96016e-269
483.000     2.22414e-272
484.000     5.22305e-276
485.000     1.16039e-279
486.000     2.43895e-283
487.000     4.84975e-287
488.000     9.12332e-291
489.000     1.62369e-294
490.000     2.73384e-298
491.000     4.35471e-302
492.000     6.56241e-306
493.000     9.35588e-310
494.000     1.26190e-313
495.000     1.61020e-317
496.000     1.94168e-321
497.000      0.00000e+00
498.000      0.00000e+00
499.000      0.00000e+00
500.000      0.00000e+00
