# Gaussian folded, width=10 cm^-1
# [cm^-1] arbitrary
0.000      3.00000e+00
1.000      2.91796e+00
2.000      2.68508e+00
3.000      2.33749e+00
4.000      1.92514e+00
5.000      1.50000e+00
6.000      1.10570e+00
7.000      7.71085e-01
8.000      5.08727e-01
9.000      3.17530e-01
10.000      1.87503e-01
11.000      1.04757e-01
12.000      5.53941e-02
13.000      2.77860e-02
14.000      1.33995e-02
15.000      6.69383e-03
16.000      4.63479e-03
17.000      6.26217e-03
18.000      1.25865e-02
19.000      2.69489e-02
20.000      5.58479e-02
21.000      1.10070e-01
22.000      2.05719e-01
23.000      3.64450e-01
24.000      6.11994e-01
25.000      9.74134e-01
26.000      1.46984e+00
27.000      2.10242e+00
28.000      2.85091e+00
29.000      3.66503e+00
30.000      4.46696e+00
31.000      5.16179e+00
32.000      5.65521e+00
33.000      5.87444e+00
34.000      5.78578e+00
35.000      5.40321e+00
36.000      4.78503e+00
37.000      4.01972e+00
38.000      3.20625e+00
39.000      2.43498e+00
40.000      1.77492e+00
41.000      1.26960e+00
42.000      9.40753e-01
43.000      7.96301e-01
44.000      8.38257e-01
45.000      1.06687e+00
46.000      1.47920e+00
47.000      2.06259e+00
48.000      2.78601e+00
49.000      3.59339e+00
50.000      4.40331e+00
51.000      5.11759e+00
52.000      5.63802e+00
53.000      5.88712e+00
54.000      5.82633e+00
55.000      5.46558e+00
56.000      4.86063e+00
57.000      4.09935e+00
58.000      3.28160e+00
59.000      2.49949e+00
60.000      1.82361e+00
61.000      1.29799e+00
62.000      9.43142e-01
63.000      7.63914e-01
64.000      7.57978e-01
65.000      9.21494e-01
66.000      1.25009e+00
67.000      1.73539e+00
68.000      2.35903e+00
69.000      3.08737e+00
70.000      3.86998e+00
71.000      4.64431e+00
72.000      5.34640e+00
73.000      5.92557e+00
74.000      6.35853e+00
75.000      6.65805e+00
76.000      6.87265e+00
77.000      7.07654e+00
78.000      7.35263e+00
79.000      7.77388e+00
80.000      8.38853e+00
81.000      9.21311e+00
82.000      1.02334e+01
83.000      1.14104e+01
84.000      1.26881e+01
85.000      1.39970e+01
86.000      1.52561e+01
87.000      1.63731e+01
88.000      1.72476e+01
89.000      1.77817e+01
90.000      1.78965e+01
91.000      1.75523e+01
92.000      1.67644e+01
93.000      1.56076e+01
94.000      1.42075e+01
95.000      1.27176e+01
96.000      1.12906e+01
97.000      1.00527e+01
98.000      9.08737e+00
99.000      8.43278e+00
100.000      8.09066e+00
101.000      8.04093e+00
102.000      8.25561e+00
103.000      8.70747e+00
104.000      9.37172e+00
105.000      1.02226e+01
106.000      1.12275e+01
107.000      1.23426e+01
108.000      1.35110e+01
109.000      1.46661e+01
110.000      1.57380e+01
111.000      1.66628e+01
112.000      1.73921e+01
113.000      1.79006e+01
114.000      1.81889e+01
115.000      1.82811e+01
116.000      1.82171e+01
117.000      1.80417e+01
118.000      1.77939e+01
119.000      1.74986e+01
120.000      1.71641e+01
121.000      1.67848e+01
122.000      1.63497e+01
123.000      1.58526e+01
124.000      1.53009e+01
125.000      1.47203e+01
126.000      1.41523e+01
127.000      1.36451e+01
128.000      1.32405e+01
129.000      1.29615e+01
130.000      1.28047e+01
131.000      1.27402e+01
132.000      1.27206e+01
133.000      1.26947e+01
134.000      1.26210e+01
135.000      1.24771e+01
136.000      1.22603e+01
137.000      1.19807e+01
138.000      1.16506e+01
139.000      1.12739e+01
140.000      1.08418e+01
141.000      1.03354e+01
142.000      9.73488e+00
143.000      9.03087e+00
144.000      8.23279e+00
145.000      7.37147e+00
146.000      6.49398e+00
147.000      5.65267e+00
148.000      4.89230e+00
149.000      4.23967e+00
150.000      3.69938e+00
151.000      3.25691e+00
152.000      2.88753e+00
153.000      2.56783e+00
154.000      2.28558e+00
155.000      2.04521e+00
156.000      1.86740e+00
157.000      1.78377e+00
158.000      1.82876e+00
159.000      2.03110e+00
160.000      2.40690e+00
161.000      2.95511e+00
162.000      3.65588e+00
163.000      4.47140e+00
164.000      5.34972e+00
165.000      6.23199e+00
166.000      7.06340e+00
167.000      7.80670e+00
168.000      8.45520e+00
169.000      9.03996e+00
170.000      9.62636e+00
171.000      1.02976e+01
172.000      1.11281e+01
173.000      1.21548e+01
174.000      1.33572e+01
175.000      1.46546e+01
176.000      1.59234e+01
177.000      1.70294e+01
178.000      1.78641e+01
179.000      1.83725e+01
180.000      1.85652e+01
181.000      1.85101e+01
182.000      1.83096e+01
183.000      1.80698e+01
184.000      1.78707e+01
185.000      1.77463e+01
186.000      1.76794e+01
187.000      1.76141e+01
188.000      1.74832e+01
189.000      1.72446e+01
190.000      1.69130e+01
191.000      1.65781e+01
192.000      1.63975e+01
193.000      1.65642e+01
194.000      1.72559e+01
195.000      1.85806e+01
196.000      2.05350e+01
197.000      2.29915e+01
198.000      2.57167e+01
199.000      2.84177e+01
200.000      3.08025e+01
201.000      3.26352e+01
202.000      3.37734e+01
203.000      3.41784e+01
204.000      3.39023e+01
205.000      3.30586e+01
206.000      3.17888e+01
207.000      3.02334e+01
208.000      2.85127e+01
209.000      2.67177e+01
210.000      2.49090e+01
211.000      2.31226e+01
212.000      2.13784e+01
213.000      1.96906e+01
214.000      1.80746e+01
215.000      1.65500e+01
216.000      1.51367e+01
217.000      1.38482e+01
218.000      1.26845e+01
219.000      1.16283e+01
220.000      1.06492e+01
221.000      9.71253e+00
222.000      8.79210e+00
223.000      7.88182e+00
224.000      7.00304e+00
225.000      6.20581e+00
226.000      5.56354e+00
227.000      5.16214e+00
228.000      5.08531e+00
229.000      5.39843e+00
230.000      6.13403e+00
231.000      7.28214e+00
232.000      8.78810e+00
233.000      1.05593e+01
234.000      1.24798e+01
235.000      1.44300e+01
236.000      1.63065e+01
237.000      1.80371e+01
238.000      1.95880e+01
239.000      2.09614e+01
240.000      2.21838e+01
241.000      2.32897e+01
242.000      2.43037e+01
243.000      2.52251e+01
244.000      2.60211e+01
245.000      2.66276e+01
246.000      2.69602e+01
247.000      2.69314e+01
248.000      2.64696e+01
249.000      2.55360e+01
250.000      2.41357e+01
251.000      2.23198e+01
252.000      2.01798e+01
253.000      1.78357e+01
254.000      1.54208e+01
255.000      1.30660e+01
256.000      1.08854e+01
257.000      8.96504e+00
258.000      7.35682e+00
259.000      6.07729e+00
260.000      5.11287e+00
261.000      4.43014e+00
262.000      3.98960e+00
263.000      3.75956e+00
264.000      3.72674e+00
265.000      3.90080e+00
266.000      4.31144e+00
267.000      4.99859e+00
268.000      5.99827e+00
269.000      7.32727e+00
270.000      8.97096e+00
271.000      1.08775e+01
272.000      1.29606e+01
273.000      1.51113e+01
274.000      1.72146e+01
275.000      1.91674e+01
276.000      2.08909e+01
277.000      2.23348e+01
278.000      2.34710e+01
279.000      2.42823e+01
280.000      2.47505e+01
281.000      2.48502e+01
282.000      2.45528e+01
283.000      2.38382e+01
284.000      2.27100e+01
285.000      2.12073e+01
286.000      1.94081e+01
287.000      1.74223e+01
288.000      1.53752e+01
289.000      1.33887e+01
290.000      1.15636e+01
291.000      9.96866e+00
292.000      8.63683e+00
293.000      7.56905e+00
294.000      6.74236e+00
295.000      6.11997e+00
296.000      5.66059e+00
297.000      5.32563e+00
298.000      5.08307e+00
299.000      4.90826e+00
300.000      4.78204e+00
301.000      4.68756e+00
302.000      4.60744e+00
303.000      4.52302e+00
304.000      4.41635e+00
305.000      4.27455e+00
306.000      4.09448e+00
307.000      3.88520e+00
308.000      3.66649e+00
309.000      3.46343e+00
310.000      3.29912e+00
311.000      3.18854e+00
312.000      3.13600e+00
313.000      3.13673e+00
314.000      3.18104e+00
315.000      3.25841e+00
316.000      3.35934e+00
317.000      3.47444e+00
318.000      3.59209e+00
319.000      3.69680e+00
320.000      3.77002e+00
321.000      3.79350e+00
322.000      3.75396e+00
323.000      3.64692e+00
324.000      3.47809e+00
325.000      3.26173e+00
326.000      3.01659e+00
327.000      2.76099e+00
328.000      2.50868e+00
329.000      2.26662e+00
330.000      2.03519e+00
331.000      1.81042e+00
332.000      1.58732e+00
333.000      1.36310e+00
334.000      1.13904e+00
335.000      9.20644e-01
336.000      7.16060e-01
337.000      5.33710e-01
338.000      3.79968e-01
339.000      2.57750e-01
340.000      1.66285e-01
341.000      1.01885e-01
342.000      5.92277e-02
343.000      3.26416e-02
344.000      1.70455e-02
345.000      8.43069e-03
346.000      3.94821e-03
347.000      1.75036e-03
348.000      7.34464e-04
349.000      2.91662e-04
350.000      1.09602e-04
351.000      3.89720e-05
352.000      1.31119e-05
353.000      4.17391e-06
354.000      1.25710e-06
355.000      3.58211e-07
356.000      9.65702e-08
357.000      2.46308e-08
358.000      5.94351e-09
359.000      1.35685e-09
360.000      2.93051e-10
361.000      5.98793e-11
362.000      1.15753e-11
363.000      2.11692e-12
364.000      3.66267e-13
365.000      5.99529e-14
366.000      9.28412e-15
367.000      1.36016e-15
368.000      1.88520e-16
369.000      2.47196e-17
370.000      3.06651e-18
371.000      3.59886e-19
372.000      3.99580e-20
373.000      4.19720e-21
374.000      4.17094e-22
375.000      3.92126e-23
376.000      3.48766e-24
377.000      2.93468e-25
378.000      2.33618e-26
379.000      1.75941e-27
380.000      1.25357e-28
381.000      8.44977e-30
382.000      5.38840e-31
383.000      3.25082e-32
384.000      1.85542e-33
385.000      1.00187e-34
386.000      5.11794e-36
387.000      2.47342e-37
388.000      1.13089e-38
389.000      4.89167e-40
390.000      2.00176e-41
391.000      7.74973e-43
392.000      2.83842e-44
393.000      9.83526e-46
394.000      3.22413e-47
395.000      9.99898e-49
396.000      2.93371e-50
397.000      8.14322e-52
398.000      2.13842e-53
399.000      5.31259e-55
400.000      1.24864e-56
401.000      2.77644e-58
402.000      5.84056e-60
403.000      1.16236e-61
404.000      2.18847e-63
405.000      3.89817e-65
406.000      6.56899e-67
407.000      1.04726e-68
408.000      1.57952e-70
409.000      2.25380e-72
410.000      3.04245e-74
411.000      3.88552e-76
412.000      4.69453e-78
413.000      5.36603e-80
414.000      5.80271e-82
415.000      5.93645e-84
416.000      5.74566e-86
417.000      5.26103e-88
418.000      4.55743e-90
419.000      3.73496e-92
420.000      2.89581e-94
421.000      2.12408e-96
422.000      1.47397e-98
423.000     9.67668e-101
424.000     6.01008e-103
425.000     3.53144e-105
426.000     1.96310e-107
427.000     1.03240e-109
428.000     5.13657e-112
429.000     2.41777e-114
430.000     1.07665e-116
431.000     4.53579e-119
432.000     1.80779e-121
433.000     6.81648e-124
434.000     2.43159e-126
435.000     8.20612e-129
436.000     2.62001e-131
437.000     7.91382e-134
438.000     2.26145e-136
439.000     6.11371e-139
440.000     1.56365e-141
441.000     3.78350e-144
442.000     8.66094e-147
443.000     1.87566e-149
444.000     3.84291e-152
445.000     7.44875e-155
446.000     1.36592e-157
447.000     2.36965e-160
448.000     3.88920e-163
449.000     6.03886e-166
450.000     8.87087e-169
451.000     1.23281e-171
452.000     1.62085e-174
453.000     2.01608e-177
454.000     2.37241e-180
455.000     2.64113e-183
456.000     2.78168e-186
457.000     2.77167e-189
458.000     2.61273e-192
459.000     2.33005e-195
460.000     1.96586e-198
461.000     1.56912e-201
462.000     1.18490e-204
463.000     8.46488e-208
464.000     5.72110e-211
465.000     3.65809e-214
466.000     2.21283e-217
467.000     1.26637e-220
468.000     6.85627e-224
469.000     3.51183e-227
470.000     1.70176e-230
471.000     7.80152e-234
472.000     3.38359e-237
473.000     1.38834e-240
474.000     5.38926e-244
475.000     1.97916e-247
476.000     6.87622e-251
477.000     2.26015e-254
478.000     7.02816e-258
479.000     2.06759e-261
480.000     5.75445e-265
481.000     1.51517e-268
482.000     3.77430e-272
483.000     8.89464e-276
484.000     1.98307e-279
485.000     4.18279e-283
486.000     8.34664e-287
487.000     1.57570e-290
488.000     2.81420e-294
489.000     4.75503e-298
490.000     7.60098e-302
491.000     1.14948e-305
492.000     1.64458e-309
493.000     2.22599e-313
494.000     2.85042e-317
495.000     3.45352e-321
496.000      0.00000e+00
497.000      0.00000e+00
498.000      0.00000e+00
499.000      0.00000e+00
500.000      0.00000e+00
