# Gaussian folded, width=10 cm^-1
# [cm^-1] arbitrary
0.000      3.00000e+00
1.000      2.91796e+00
2.000      2.68508e+00
3.000      2.33749e+00
4.000      1.92514e+00
5.000      1.50000e+00
6.000      1.10570e+00
7.000      7.71085e-01
8.000      5.08727e-01
9.000      3.17530e-01
10.000      1.87503e-01
11.000      1.04756e-01
12.000      5.53913e-02
13.000      2.77782e-02
14.000      1.33786e-02
15.000      6.64131e-03
16.000      4.51028e-03
17.000      5.98393e-03
18.000      1.20006e-02
19.000      2.57873e-02
20.000      5.36815e-02
21.000      1.06273e-01
22.000      1.99475e-01
23.000      3.54834e-01
24.000      5.98161e-01
25.000      9.55611e-01
26.000      1.44688e+00
27.000      2.07629e+00
28.000      2.82397e+00
29.000      3.64054e+00
30.000      4.44848e+00
31.000      5.15237e+00
32.000      5.65663e+00
33.000      5.88666e+00
34.000      5.80694e+00
35.000      5.43012e+00
36.000      4.81399e+00
37.000      4.04747e+00
38.000      3.23065e+00
39.000      2.45532e+00
40.000      1.79180e+00
41.000      1.28442e+00
42.000      9.54933e-01
43.000      8.10412e-01
44.000      8.51127e-01
45.000      1.07498e+00
46.000      1.47662e+00
47.000      2.04190e+00
48.000      2.74018e+00
49.000      3.51840e+00
50.000      4.30073e+00
51.000      4.99600e+00
52.000      5.51239e+00
53.000      5.77591e+00
54.000      5.74705e+00
55.000      5.43022e+00
56.000      4.87262e+00
57.000      4.15305e+00
58.000      3.36429e+00
59.000      2.59497e+00
60.000      1.91596e+00
61.000      1.37435e+00
62.000      9.95061e-01
63.000      7.87434e-01
64.000      7.53100e-01
65.000      8.91612e-01
66.000      1.20162e+00
67.000      1.67732e+00
68.000      2.30196e+00
69.000      3.04156e+00
70.000      3.84263e+00
71.000      4.63669e+00
72.000      5.35235e+00
73.000      5.93242e+00
74.000      6.35113e+00
75.000      6.62546e+00
76.000      6.81545e+00
77.000      7.01206e+00
78.000      7.31514e+00
79.000      7.80778e+00
80.000      8.53469e+00
81.000      9.49094e+00
82.000      1.06240e+01
83.000      1.18474e+01
84.000      1.30612e+01
85.000      1.41722e+01
86.000      1.51090e+01
87.000      1.58285e+01
88.000      1.63133e+01
89.000      1.65641e+01
90.000      1.65908e+01
91.000      1.64051e+01
92.000      1.60177e+01
93.000      1.54409e+01
94.000      1.46931e+01
95.000      1.38047e+01
96.000      1.28217e+01
97.000      1.18050e+01
98.000      1.08264e+01
99.000      9.96156e+00
100.000      9.28167e+00
101.000      8.84574e+00
102.000      8.69431e+00
103.000      8.84522e+00
104.000      9.29147e+00
105.000      1.00015e+01
106.000      1.09224e+01
107.000      1.19851e+01
108.000      1.31121e+01
109.000      1.42260e+01
110.000      1.52580e+01
111.000      1.61535e+01
112.000      1.68767e+01
113.000      1.74097e+01
114.000      1.77510e+01
115.000      1.79099e+01
116.000      1.79023e+01
117.000      1.77466e+01
118.000      1.74626e+01
119.000      1.70733e+01
120.000      1.66080e+01
121.000      1.61043e+01
122.000      1.56081e+01
123.000      1.51675e+01
124.000      1.48250e+01
125.000      1.46076e+01
126.000      1.45196e+01
127.000      1.45403e+01
128.000      1.46273e+01
129.000      1.47237e+01
130.000      1.47686e+01
131.000      1.47077e+01
132.000      1.45016e+01
133.000      1.41314e+01
134.000      1.36000e+01
135.000      1.29288e+01
136.000      1.21524e+01
137.000      1.13103e+01
138.000      1.04413e+01
139.000      9.57987e+00
140.000      8.75546e+00
141.000      7.99366e+00
142.000      7.31680e+00
143.000      6.74244e+00
144.000      6.27975e+00
145.000      5.92534e+00
146.000      5.66083e+00
147.000      5.45414e+00
148.000      5.26478e+00
149.000      5.05193e+00
150.000      4.78314e+00
151.000      4.44124e+00
152.000      4.02814e+00
153.000      3.56492e+00
154.000      3.08869e+00
155.000      2.64694e+00
156.000      2.29061e+00
157.000      2.06695e+00
158.000      2.01335e+00
159.000      2.15288e+00
160.000      2.49184e+00
161.000      3.01910e+00
162.000      3.70695e+00
163.000      4.51301e+00
164.000      5.38392e+00
165.000      6.26147e+00
166.000      7.09211e+00
167.000      7.83909e+00
168.000      8.49438e+00
169.000      9.08563e+00
170.000      9.67324e+00
171.000      1.03352e+01
172.000      1.11423e+01
173.000      1.21316e+01
174.000      1.32874e+01
175.000      1.45381e+01
176.000      1.57712e+01
177.000      1.68619e+01
178.000      1.77059e+01
179.000      1.82458e+01
180.000      1.84830e+01
181.000      1.84737e+01
182.000      1.83100e+01
183.000      1.80923e+01
184.000      1.79022e+01
185.000      1.77809e+01
186.000      1.77229e+01
187.000      1.76842e+01
188.000      1.76076e+01
189.000      1.74549e+01
190.000      1.72367e+01
191.000      1.70278e+01
192.000      1.69597e+01
193.000      1.71913e+01
194.000      1.78643e+01
195.000      1.90594e+01
196.000      2.07660e+01
197.000      2.28768e+01
198.000      2.52069e+01
199.000      2.75321e+01
200.000      2.96323e+01
201.000      3.13288e+01
202.000      3.25057e+01
203.000      3.31144e+01
204.000      3.31647e+01
205.000      3.27079e+01
206.000      3.18198e+01
207.000      3.05859e+01
208.000      2.90906e+01
209.000      2.74102e+01
210.000      2.56097e+01
211.000      2.37436e+01
212.000      2.18595e+01
213.000      2.00041e+01
214.000      1.82267e+01
215.000      1.65771e+01
216.000      1.50981e+01
217.000      1.38133e+01
218.000      1.27168e+01
219.000      1.17703e+01
220.000      1.09118e+01
221.000      1.00732e+01
222.000      9.20330e+00
223.000      8.28706e+00
224.000      7.35608e+00
225.000      6.48578e+00
226.000      5.78111e+00
227.000      5.35459e+00
228.000      5.30259e+00
229.000      5.68538e+00
230.000      6.51470e+00
231.000      7.75083e+00
232.000      9.30915e+00
233.000      1.10747e+01
234.000      1.29219e+01
235.000      1.47351e+01
236.000      1.64255e+01
237.000      1.79408e+01
238.000      1.92650e+01
239.000      2.04084e+01
240.000      2.13940e+01
241.000      2.22424e+01
242.000      2.29623e+01
243.000      2.35494e+01
244.000      2.39892e+01
245.000      2.42647e+01
246.000      2.43598e+01
247.000      2.42595e+01
248.000      2.39476e+01
249.000      2.34036e+01
250.000      2.26052e+01
251.000      2.15356e+01
252.000      2.01945e+01
253.000      1.86083e+01
254.000      1.68333e+01
255.000      1.49507e+01
256.000      1.30529e+01
257.000      1.12279e+01
258.000      9.54579e+00
259.000      8.05273e+00
260.000      6.77327e+00
261.000      5.71928e+00
262.000      4.90063e+00
263.000      4.33344e+00
264.000      4.04268e+00
265.000      4.05883e+00
266.000      4.41028e+00
267.000      5.11454e+00
268.000      6.17099e+00
269.000      7.55715e+00
270.000      9.22872e+00
271.000      1.11229e+01
272.000      1.31631e+01
273.000      1.52648e+01
274.000      1.73408e+01
275.000      1.93055e+01
276.000      2.10789e+01
277.000      2.25902e+01
278.000      2.37796e+01
279.000      2.46008e+01
280.000      2.50221e+01
281.000      2.50270e+01
282.000      2.46148e+01
283.000      2.38006e+01
284.000      2.26164e+01
285.000      2.11114e+01
286.000      1.93533e+01
287.000      1.74263e+01
288.000      1.54278e+01
289.000      1.34598e+01
290.000      1.16181e+01
291.000      9.98033e+00
292.000      8.59560e+00
293.000      7.47955e+00
294.000      6.61582e+00
295.000      5.96428e+00
296.000      5.47349e+00
297.000      5.09405e+00
298.000      4.78892e+00
299.000      4.53770e+00
300.000      4.33422e+00
301.000      4.17925e+00
302.000      4.07189e+00
303.000      4.00374e+00
304.000      3.95832e+00
305.000      3.91585e+00
306.000      3.86075e+00
307.000      3.78790e+00
308.000      3.70464e+00
309.000      3.62744e+00
310.000      3.57493e+00
311.000      3.56043e+00
312.000      3.58715e+00
313.000      3.64750e+00
314.000      3.72612e+00
315.000      3.80468e+00
316.000      3.86629e+00
317.000      3.89821e+00
318.000      3.89252e+00
319.000      3.84512e+00
320.000      3.75430e+00
321.000      3.61934e+00
322.000      3.44012e+00
323.000      3.21796e+00
324.000      2.95724e+00
325.000      2.66738e+00
326.000      2.36375e+00
327.000      2.06660e+00
328.000      1.79772e+00
329.000      1.57554e+00
330.000      1.41023e+00
331.000      1.30067e+00
332.000      1.23448e+00
333.000      1.19141e+00
334.000      1.14898e+00
335.000      1.08846e+00
336.000      9.99359e-01
337.000      8.81054e-01
338.000      7.41433e-01
339.000      5.93399e-01
340.000      4.50694e-01
341.000      3.24429e-01
342.000      2.21174e-01
343.000      1.42737e-01
344.000      8.71787e-02
345.000      5.03843e-02
346.000      2.75519e-02
347.000      1.42547e-02
348.000      6.97748e-03
349.000      3.23124e-03
350.000      1.41567e-03
351.000      5.86785e-04
352.000      2.30099e-04
353.000      8.53630e-05
354.000      2.99600e-05
355.000      9.94795e-06
356.000      3.12494e-06
357.000      9.28686e-07
358.000      2.61104e-07
359.000      6.94505e-08
360.000      1.74765e-08
361.000      4.16057e-09
362.000      9.37060e-10
363.000      1.99664e-10
364.000      4.02485e-11
365.000      7.67569e-12
366.000      1.38485e-12
367.000      2.36377e-13
368.000      3.81704e-14
369.000      5.83129e-15
370.000      8.42792e-16
371.000      1.15237e-16
372.000      1.49068e-17
373.000      1.82429e-18
374.000      2.11212e-19
375.000      2.31347e-20
376.000      2.39731e-21
377.000      2.35019e-22
378.000      2.17972e-23
379.000      1.91255e-24
380.000      1.58762e-25
381.000      1.24679e-26
382.000      9.26322e-28
383.000      6.51098e-29
384.000      4.32961e-30
385.000      2.72376e-31
386.000      1.62108e-32
387.000      9.12768e-34
388.000      4.86220e-35
389.000      2.45032e-36
390.000      1.16824e-37
391.000      5.26934e-39
392.000      2.24853e-40
393.000      9.07736e-42
394.000      3.46687e-43
395.000      1.25266e-44
396.000      4.28200e-46
397.000      1.38477e-47
398.000      4.23669e-49
399.000      1.22629e-50
400.000      3.35797e-52
401.000      8.69917e-54
402.000      2.13205e-55
403.000      4.94348e-57
404.000      1.08439e-58
405.000      2.25040e-60
406.000      4.41823e-62
407.000      8.20645e-64
408.000      1.44205e-65
409.000      2.39730e-67
410.000      3.77035e-69
411.000      5.60995e-71
412.000      7.89685e-73
413.000      1.05164e-74
414.000      1.32494e-76
415.000      1.57923e-78
416.000      1.78078e-80
417.000      1.89973e-82
418.000      1.91731e-84
419.000      1.83068e-86
420.000      1.65366e-88
421.000      1.41319e-90
422.000      1.14254e-92
423.000      8.73896e-95
424.000      6.32362e-97
425.000      4.32902e-99
426.000     2.80370e-101
427.000     1.71787e-103
428.000     9.95787e-106
429.000     5.46086e-108
430.000     2.83317e-110
431.000     1.39060e-112
432.000     6.45727e-115
433.000     2.83670e-117
434.000     1.17895e-119
435.000     4.63549e-122
436.000     1.72430e-124
437.000     6.06803e-127
438.000     2.02023e-129
439.000     6.36312e-132
440.000     1.89609e-134
441.000     5.34519e-137
442.000     1.42556e-139
443.000     3.59689e-142
444.000     8.58588e-145
445.000     1.93892e-147
446.000     4.14242e-150
447.000     8.37269e-153
448.000     1.60101e-155
449.000     2.89627e-158
450.000     4.95682e-161
451.000     8.02574e-164
452.000     1.22937e-166
453.000     1.78156e-169
454.000     2.44250e-172
455.000     3.16801e-175
456.000     3.88737e-178
457.000     4.51276e-181
458.000     4.95618e-184
459.000     5.14955e-187
460.000     5.06185e-190
461.000     4.70724e-193
462.000     4.14134e-196
463.000     3.44694e-199
464.000     2.71421e-202
465.000     2.02196e-205
466.000     1.42501e-208
467.000     9.50124e-212
468.000     5.99323e-215
469.000     3.57651e-218
470.000     2.01918e-221
471.000     1.07847e-224
472.000     5.44953e-228
473.000     2.60512e-231
474.000     1.17819e-234
475.000     5.04101e-238
476.000     2.04051e-241
477.000     7.81408e-245
478.000     2.83096e-248
479.000     9.70305e-252
480.000     3.14630e-255
481.000     9.65183e-259
482.000     2.80115e-262
483.000     7.69097e-266
484.000     1.99776e-269
485.000     4.90934e-273
486.000     1.14135e-276
487.000     2.51036e-280
488.000     5.22358e-284
489.000     1.02830e-287
490.000     1.91508e-291
491.000     3.37420e-295
492.000     5.62437e-299
493.000     8.86941e-303
494.000     1.32322e-306
495.000     1.86762e-310
496.000     2.49380e-314
497.000     3.15031e-318
498.000     3.75490e-322
499.000      0.00000e+00
500.000      0.00000e+00
