# Gaussian folded, width=10 cm^-1
# [cm^-1] arbitrary
0.000      3.00000e+00
1.000      2.91796e+00
2.000      2.68508e+00
3.000      2.33749e+00
4.000      1.92514e+00
5.000      1.50000e+00
6.000      1.10570e+00
7.000      7.71085e-01
8.000      5.08727e-01
9.000      3.17530e-01
10.000      1.87503e-01
11.000      1.04755e-01
12.000      5.53883e-02
13.000      2.77698e-02
14.000      1.33574e-02
15.000      6.59122e-03
16.000      4.39971e-03
17.000      5.75760e-03
18.000      1.15737e-02
19.000      2.50523e-02
20.000      5.25461e-02
21.000      1.04751e-01
22.000      1.97850e-01
23.000      3.53880e-01
24.000      5.99370e-01
25.000      9.61301e-01
26.000      1.46002e+00
27.000      2.09994e+00
28.000      2.86031e+00
29.000      3.68968e+00
30.000      4.50759e+00
31.000      5.21544e+00
32.000      5.71529e+00
33.000      5.93196e+00
34.000      5.83157e+00
35.000      5.43031e+00
36.000      4.79042e+00
37.000      4.00485e+00
38.000      3.17613e+00
39.000      2.39652e+00
40.000      1.73499e+00
41.000      1.23354e+00
42.000      9.11664e-01
43.000      7.75002e-01
44.000      8.23763e-01
45.000      1.05705e+00
46.000      1.47142e+00
47.000      2.05432e+00
48.000      2.77536e+00
49.000      3.57951e+00
50.000      4.38667e+00
51.000      5.09990e+00
52.000      5.62185e+00
53.000      5.87514e+00
54.000      5.82062e+00
55.000      5.46702e+00
56.000      4.86881e+00
57.000      4.11294e+00
58.000      3.29909e+00
59.000      2.52006e+00
60.000      1.84775e+00
61.000      1.32778e+00
62.000      9.81921e-01
63.000      8.15312e-01
64.000      8.24333e-01
65.000      1.00189e+00
66.000      1.33853e+00
67.000      1.81984e+00
68.000      2.42223e+00
69.000      3.10984e+00
70.000      3.83514e+00
71.000      4.54444e+00
72.000      5.18789e+00
73.000      5.73158e+00
74.000      6.16798e+00
75.000      6.52102e+00
76.000      6.84322e+00
77.000      7.20441e+00
78.000      7.67472e+00
79.000      8.30658e+00
80.000      9.12092e+00
81.000      1.01019e+01
82.000      1.12008e+01
83.000      1.23472e+01
84.000      1.34628e+01
85.000      1.44729e+01
86.000      1.53140e+01
87.000      1.59366e+01
88.000      1.63071e+01
89.000      1.64078e+01
90.000      1.62388e+01
91.000      1.58189e+01
92.000      1.51837e+01
93.000      1.43820e+01
94.000      1.34692e+01
95.000      1.25021e+01
96.000      1.15360e+01
97.000      1.06250e+01
98.000      9.82465e+00
99.000      9.19248e+00
100.000      8.78534e+00
101.000      8.65191e+00
102.000      8.82245e+00
103.000      9.29925e+00
104.000      1.00512e+01
105.000      1.10153e+01
106.000      1.21044e+01
107.000      1.32207e+01
108.000      1.42705e+01
109.000      1.51771e+01
110.000      1.58905e+01
111.000      1.63899e+01
112.000      1.66820e+01
113.000      1.67939e+01
114.000      1.67643e+01
115.000      1.66345e+01
116.000      1.64418e+01
117.000      1.62146e+01
118.000      1.59727e+01
119.000      1.57284e+01
120.000      1.54899e+01
121.000      1.52652e+01
122.000      1.50642e+01
123.000      1.49000e+01
124.000      1.47872e+01
125.000      1.47380e+01
126.000      1.47579e+01
127.000      1.48404e+01
128.000      1.49640e+01
129.000      1.50934e+01
130.000      1.51836e+01
131.000      1.51890e+01
132.000      1.50728e+01
133.000      1.48162e+01
134.000      1.44214e+01
135.000      1.39102e+01
136.000      1.33157e+01
137.000      1.26717e+01
138.000      1.20028e+01
139.000      1.13189e+01
140.000      1.06156e+01
141.000      9.88073e+00
142.000      9.10307e+00
143.000      8.28177e+00
144.000      7.43135e+00
145.000      6.58125e+00
146.000      5.76973e+00
147.000      5.03397e+00
148.000      4.39980e+00
149.000      3.87482e+00
150.000      3.44741e+00
151.000      3.09223e+00
152.000      2.78024e+00
153.000      2.48988e+00
154.000      2.21536e+00
155.000      1.96969e+00
156.000      1.78180e+00
157.000      1.68944e+00
158.000      1.73028e+00
159.000      1.93367e+00
160.000      2.31468e+00
161.000      2.87083e+00
162.000      3.58115e+00
163.000      4.40732e+00
164.000      5.29720e+00
165.000      6.19149e+00
166.000      7.03414e+00
167.000      7.78580e+00
168.000      8.43713e+00
169.000      9.01700e+00
170.000      9.59023e+00
171.000      1.02421e+01
172.000      1.10520e+01
173.000      1.20642e+01
174.000      1.32657e+01
175.000      1.45812e+01
176.000      1.58879e+01
177.000      1.70463e+01
178.000      1.79367e+01
179.000      1.84897e+01
180.000      1.87023e+01
181.000      1.86339e+01
182.000      1.83872e+01
183.000      1.80775e+01
184.000      1.78014e+01
185.000      1.76119e+01
186.000      1.75078e+01
187.000      1.74416e+01
188.000      1.73454e+01
189.000      1.71678e+01
190.000      1.69100e+01
191.000      1.66478e+01
192.000      1.65284e+01
193.000      1.67399e+01
194.000      1.74601e+01
195.000      1.88002e+01
196.000      2.07620e+01
197.000      2.32214e+01
198.000      2.59468e+01
199.000      2.86450e+01
200.000      3.10211e+01
201.000      3.28362e+01
202.000      3.39451e+01
203.000      3.43093e+01
204.000      3.39837e+01
205.000      3.30873e+01
206.000      3.17681e+01
207.000      3.01722e+01
208.000      2.84220e+01
209.000      2.66065e+01
210.000      2.47812e+01
211.000      2.29757e+01
212.000      2.12053e+01
213.000      1.94842e+01
214.000      1.78333e+01
215.000      1.62832e+01
216.000      1.48675e+01
217.000      1.36112e+01
218.000      1.25191e+01
219.000      1.15687e+01
220.000      1.07133e+01
221.000      9.89501e+00
222.000      9.06324e+00
223.000      8.19384e+00
224.000      7.30171e+00
225.000      6.44322e+00
226.000      5.70771e+00
227.000      5.20031e+00
228.000      5.02101e+00
229.000      5.24465e+00
230.000      5.90647e+00
231.000      6.99586e+00
232.000      8.45920e+00
233.000      1.02106e+01
234.000      1.21482e+01
235.000      1.41707e+01
236.000      1.61918e+01
237.000      1.81467e+01
238.000      1.99903e+01
239.000      2.16903e+01
240.000      2.32159e+01
241.000      2.45315e+01
242.000      2.55948e+01
243.000      2.63624e+01
244.000      2.67989e+01
245.000      2.68850e+01
246.000      2.66209e+01
247.000      2.60235e+01
248.000      2.51203e+01
249.000      2.39441e+01
250.000      2.25318e+01
251.000      2.09271e+01
252.000      1.91851e+01
253.000      1.73740e+01
254.000      1.55702e+01
255.000      1.38475e+01
256.000      1.22642e+01
257.000      1.08525e+01
258.000      9.61458e+00
259.000      8.52797e+00
260.000      7.55756e+00
261.000      6.67044e+00
262.000      5.84931e+00
263.000      5.10078e+00
264.000      4.45746e+00
265.000      3.97426e+00
266.000      3.72047e+00
267.000      3.76965e+00
268.000      4.18871e+00
269.000      5.02748e+00
270.000      6.30941e+00
271.000      8.02435e+00
272.000      1.01242e+01
273.000      1.25225e+01
274.000      1.50984e+01
275.000      1.77056e+01
276.000      2.01841e+01
277.000      2.23755e+01
278.000      2.41376e+01
279.000      2.53576e+01
280.000      2.59628e+01
281.000      2.59259e+01
282.000      2.52674e+01
283.000      2.40524e+01
284.000      2.23839e+01
285.000      2.03933e+01
286.000      1.82267e+01
287.000      1.60313e+01
288.000      1.39394e+01
289.000      1.20554e+01
290.000      1.04468e+01
291.000      9.14015e+00
292.000      8.12558e+00
293.000      7.36591e+00
294.000      6.80961e+00
295.000      6.40341e+00
296.000      6.10169e+00
297.000      5.87099e+00
298.000      5.68973e+00
299.000      5.54455e+00
300.000      5.42539e+00
301.000      5.32134e+00
302.000      5.21856e+00
303.000      5.10093e+00
304.000      4.95312e+00
305.000      4.76503e+00
306.000      4.53619e+00
307.000      4.27817e+00
308.000      4.01384e+00
309.000      3.77300e+00
310.000      3.58536e+00
311.000      3.47290e+00
312.000      3.44407e+00
313.000      3.49186e+00
314.000      3.59614e+00
315.000      3.72929e+00
316.000      3.86291e+00
317.000      3.97331e+00
318.000      4.04432e+00
319.000      4.06719e+00
320.000      4.03868e+00
321.000      3.95885e+00
322.000      3.82976e+00
323.000      3.65544e+00
324.000      3.44255e+00
325.000      3.20081e+00
326.000      2.94213e+00
327.000      2.67868e+00
328.000      2.42018e+00
329.000      2.17194e+00
330.000      1.93437e+00
331.000      1.70444e+00
332.000      1.47836e+00
333.000      1.25437e+00
334.000      1.03445e+00
335.000      8.24172e-01
336.000      6.31159e-01
337.000      4.62691e-01
338.000      3.23670e-01
339.000      2.15550e-01
340.000      1.36418e-01
341.000      8.19449e-02
342.000      4.66773e-02
343.000      2.51963e-02
344.000      1.28828e-02
345.000      6.23707e-03
346.000      2.85852e-03
347.000      1.23998e-03
348.000      5.09038e-04
349.000      1.97745e-04
350.000      7.26864e-05
351.000      2.52797e-05
352.000      8.31857e-06
353.000      2.58983e-06
354.000      7.62838e-07
355.000      2.12582e-07
356.000      5.60464e-08
357.000      1.39796e-08
358.000      3.29888e-09
359.000      7.36479e-10
360.000      1.55551e-10
361.000      3.10819e-11
362.000      5.87571e-12
363.000      1.05083e-12
364.000      1.77796e-13
365.000      2.84597e-14
366.000      4.30980e-15
367.000      6.17450e-16
368.000      8.36881e-17
369.000      1.07311e-17
370.000      1.30179e-18
371.000      1.49402e-19
372.000      1.62215e-20
373.000      1.66625e-21
374.000      1.61923e-22
375.000      1.48866e-23
376.000      1.29479e-24
377.000      1.06542e-25
378.000      8.29391e-27
379.000      6.10824e-28
380.000      4.25589e-29
381.000      2.80532e-30
382.000      1.74941e-31
383.000      1.03209e-32
384.000      5.76053e-34
385.000      3.04176e-35
386.000      1.51951e-36
387.000      7.18128e-38
388.000      3.21083e-39
389.000      1.35816e-40
390.000      5.43500e-42
391.000      2.05763e-43
392.000      7.36975e-45
393.000      2.49721e-46
394.000      8.00527e-48
395.000      2.42781e-49
396.000      6.96578e-51
397.000      1.89079e-52
398.000      4.85550e-54
399.000      1.17962e-55
400.000      2.71125e-57
401.000      5.89539e-59
402.000      1.21276e-60
403.000      2.36022e-62
404.000      4.34560e-64
405.000      7.56944e-66
406.000      1.24737e-67
407.000      1.94466e-69
408.000      2.86822e-71
409.000      4.00218e-73
410.000      5.28322e-75
411.000      6.59809e-77
412.000      7.79571e-79
413.000      8.71386e-81
414.000      9.21474e-83
415.000      9.21877e-85
416.000      8.72531e-87
417.000      7.81279e-89
418.000      6.61834e-91
419.000      5.30408e-93
420.000      4.02150e-95
421.000      2.88459e-97
422.000      1.95748e-99
423.000     1.25669e-101
424.000     7.63267e-104
425.000     4.38574e-106
426.000     2.38411e-108
427.000     1.22611e-110
428.000     5.96550e-113
429.000     2.74589e-115
430.000     1.19574e-117
431.000     4.92617e-120
432.000     1.91999e-122
433.000     7.07955e-125
434.000     2.46962e-127
435.000     8.15027e-130
436.000     2.54467e-132
437.000     7.51639e-135
438.000     2.10041e-137
439.000     5.55286e-140
440.000     1.38882e-142
441.000     3.28621e-145
442.000     7.35631e-148
443.000     1.55791e-150
444.000     3.12136e-153
445.000     5.91646e-156
446.000     1.06096e-158
447.000     1.79991e-161
448.000     2.88883e-164
449.000     4.38642e-167
450.000     6.30110e-170
451.000     8.56328e-173
452.000     1.10099e-175
453.000     1.33919e-178
454.000     1.54105e-181
455.000     1.67769e-184
456.000     1.72792e-187
457.000     1.68365e-190
458.000     1.55203e-193
459.000     1.35352e-196
460.000     1.11672e-199
461.000     8.71658e-203
462.000     6.43670e-206
463.000     4.49675e-209
464.000     2.97201e-212
465.000     1.85832e-215
466.000     1.09928e-218
467.000     6.15197e-222
468.000     3.25715e-225
469.000     1.63146e-228
470.000     7.73100e-232
471.000     3.46586e-235
472.000     1.46996e-238
473.000     5.89815e-242
474.000     2.23895e-245
475.000     8.04064e-249
476.000     2.73184e-252
477.000     8.78084e-256
478.000     2.67014e-259
479.000     7.68159e-263
480.000     2.09067e-266
481.000     5.38316e-270
482.000     1.31131e-273
483.000     3.02199e-277
484.000     6.58868e-281
485.000     1.35900e-284
486.000     2.65192e-288
487.000     4.89573e-292
488.000     8.55052e-296
489.000     1.41281e-299
490.000     2.20849e-303
491.000     3.26605e-307
492.000     4.56950e-311
493.000     6.04827e-315
494.000     7.57378e-319
495.000     8.89318e-323
496.000      0.00000e+00
497.000      0.00000e+00
498.000      0.00000e+00
499.000      0.00000e+00
500.000      0.00000e+00
