# Gaussian folded, width=10 cm^-1
# [cm^-1] arbitrary
0.000      3.00000e+00
1.000      2.91796e+00
2.000      2.68508e+00
3.000      2.33749e+00
4.000      1.92514e+00
5.000      1.50000e+00
6.000      1.10570e+00
7.000      7.71085e-01
8.000      5.08727e-01
9.000      3.17530e-01
10.000      1.87500e-01
11.000      1.04747e-01
12.000      5.53646e-02
13.000      2.76980e-02
14.000      1.31509e-02
15.000      6.03002e-03
16.000      2.95913e-03
17.000      2.26444e-03
18.000      3.57494e-03
19.000      7.76268e-03
20.000      1.72839e-02
21.000      3.69339e-02
22.000      7.49452e-02
23.000      1.44185e-01
24.000      2.62955e-01
25.000      4.54617e-01
26.000      7.45152e-01
27.000      1.15801e+00
28.000      1.70641e+00
29.000      2.38447e+00
30.000      3.15988e+00
31.000      3.97147e+00
32.000      4.73442e+00
33.000      5.35360e+00
34.000      5.74269e+00
35.000      5.84389e+00
36.000      5.64196e+00
37.000      5.16804e+00
38.000      4.49187e+00
39.000      3.70524e+00
40.000      2.90211e+00
41.000      2.16167e+00
42.000      1.53842e+00
43.000      1.06084e+00
44.000      7.36958e-01
45.000      5.63448e-01
46.000      5.34689e-01
47.000      6.48668e-01
48.000      9.08128e-01
49.000      1.31672e+00
50.000      1.87132e+00
51.000      2.55307e+00
52.000      3.32023e+00
53.000      4.10650e+00
54.000      4.82673e+00
55.000      5.39018e+00
56.000      5.71847e+00
57.000      5.76311e+00
58.000      5.51713e+00
59.000      5.01696e+00
60.000      4.33387e+00
61.000      3.55787e+00
62.000      2.77941e+00
63.000      2.07429e+00
64.000      1.49549e+00
65.000      1.07269e+00
66.000      8.17635e-01
67.000      7.31835e-01
68.000      8.13045e-01
69.000      1.05798e+00
70.000      1.46056e+00
71.000      2.00677e+00
72.000      2.66887e+00
73.000      3.40197e+00
74.000      4.14588e+00
75.000      4.83320e+00
76.000      5.40248e+00
77.000      5.81314e+00
78.000      6.05755e+00
79.000      6.16618e+00
80.000      6.20336e+00
81.000      6.25435e+00
82.000      6.40679e+00
83.000      6.73170e+00
84.000      7.26899e+00
85.000      8.02126e+00
86.000      8.95649e+00
87.000      1.00180e+01
88.000      1.11372e+01
89.000      1.22454e+01
90.000      1.32805e+01
91.000      1.41896e+01
92.000      1.49264e+01
93.000      1.54496e+01
94.000      1.57229e+01
95.000      1.57185e+01
96.000      1.54248e+01
97.000      1.48529e+01
98.000      1.40418e+01
99.000      1.30564e+01
100.000      1.19812e+01
101.000      1.09071e+01
102.000      9.91862e+00
103.000      9.08229e+00
104.000      8.44068e+00
105.000      8.01250e+00
106.000      7.79778e+00
107.000      7.78563e+00
108.000      7.96149e+00
109.000      8.31150e+00
110.000      8.82322e+00
111.000      9.48336e+00
112.000      1.02743e+01
113.000      1.11714e+01
114.000      1.21421e+01
115.000      1.31468e+01
116.000      1.41416e+01
117.000      1.50812e+01
118.000      1.59217e+01
119.000      1.66232e+01
120.000      1.71538e+01
121.000      1.74921e+01
122.000      1.76311e+01
123.000      1.75794e+01
124.000      1.73609e+01
125.000      1.70118e+01
126.000      1.65755e+01
127.000      1.60969e+01
128.000      1.56163e+01
129.000      1.51648e+01
130.000      1.47609e+01
131.000      1.44093e+01
132.000      1.41015e+01
133.000      1.38197e+01
134.000      1.35416e+01
135.000      1.32464e+01
136.000      1.29196e+01
137.000      1.25561e+01
138.000      1.21600e+01
139.000      1.17418e+01
140.000      1.13142e+01
141.000      1.08881e+01
142.000      1.04701e+01
143.000      1.00617e+01
144.000      9.66079e+00
145.000      9.26372e+00
146.000      8.86798e+00
147.000      8.47382e+00
148.000      8.08511e+00
149.000      7.70884e+00
150.000      7.35387e+00
151.000      7.02910e+00
152.000      6.74156e+00
153.000      6.49486e+00
154.000      6.28800e+00
155.000      6.11464e+00
156.000      5.96310e+00
157.000      5.81730e+00
158.000      5.65914e+00
159.000      5.47270e+00
160.000      5.24956e+00
161.000      4.99419e+00
162.000      4.72715e+00
163.000      4.48447e+00
164.000      4.31222e+00
165.000      4.25716e+00
166.000      4.35569e+00
167.000      4.62459e+00
168.000      5.05629e+00
169.000      5.62033e+00
170.000      6.27043e+00
171.000      6.95485e+00
172.000      7.62696e+00
173.000      8.25332e+00
174.000      8.81771e+00
175.000      9.32091e+00
176.000      9.77722e+00
177.000      1.02089e+01
178.000      1.06395e+01
179.000      1.10881e+01
180.000      1.15641e+01
181.000      1.20652e+01
182.000      1.25776e+01
183.000      1.30805e+01
184.000      1.35508e+01
185.000      1.39688e+01
186.000      1.43225e+01
187.000      1.46089e+01
188.000      1.48338e+01
189.000      1.50100e+01
190.000      1.51551e+01
191.000      1.52894e+01
192.000      1.54329e+01
193.000      1.56029e+01
194.000      1.58117e+01
195.000      1.60656e+01
196.000      1.63658e+01
197.000      1.67098e+01
198.000      1.70932e+01
199.000      1.75093e+01
200.000      1.79480e+01
201.000      1.83920e+01
202.000      1.88150e+01
203.000      1.91807e+01
204.000      1.94452e+01
205.000      1.95629e+01
206.000      1.94934e+01
207.000      1.92097e+01
208.000      1.87041e+01
209.000      1.79910e+01
210.000      1.71048e+01
211.000      1.60944e+01
212.000      1.50141e+01
213.000      1.39166e+01
214.000      1.28474e+01
215.000      1.18448e+01
216.000      1.09423e+01
217.000      1.01721e+01
218.000      9.56620e+00
219.000      9.15374e+00
220.000      8.95510e+00
221.000      8.97583e+00
222.000      9.20349e+00
223.000      9.60971e+00
224.000      1.01570e+01
225.000      1.08082e+01
226.000      1.15343e+01
227.000      1.23186e+01
228.000      1.31554e+01
229.000      1.40435e+01
230.000      1.49784e+01
231.000      1.59444e+01
232.000      1.69111e+01
233.000      1.78346e+01
234.000      1.86634e+01
235.000      1.93487e+01
236.000      1.98548e+01
237.000      2.01679e+01
238.000      2.02988e+01
239.000      2.02815e+01
240.000      2.01650e+01
241.000      2.00022e+01
242.000      1.98387e+01
243.000      1.97037e+01
244.000      1.96047e+01
245.000      1.95275e+01
246.000      1.94409e+01
247.000      1.93039e+01
248.000      1.90744e+01
249.000      1.87171e+01
250.000      1.82093e+01
251.000      1.75439e+01
252.000      1.67291e+01
253.000      1.57863e+01
254.000      1.47460e+01
255.000      1.36431e+01
256.000      1.25135e+01
257.000      1.13907e+01
258.000      1.03039e+01
259.000      9.27785e+00
260.000      8.33226e+00
261.000      7.48216e+00
262.000      6.73785e+00
263.000      6.10467e+00
264.000      5.58271e+00
265.000      5.16704e+00
266.000      4.84893e+00
267.000      4.61840e+00
268.000      4.46802e+00
269.000      4.39695e+00
270.000      4.41393e+00
271.000      4.53776e+00
272.000      4.79400e+00
273.000      5.20823e+00
274.000      5.79705e+00
275.000      6.55952e+00
276.000      7.47182e+00
277.000      8.48711e+00
278.000      9.54121e+00
279.000      1.05622e+01
280.000      1.14815e+01
281.000      1.22424e+01
282.000      1.28055e+01
283.000      1.31495e+01
284.000      1.32696e+01
285.000      1.31752e+01
286.000      1.28872e+01
287.000      1.24359e+01
288.000      1.18585e+01
289.000      1.11953e+01
290.000      1.04851e+01
291.000      9.76185e+00
292.000      9.05104e+00
293.000      8.36955e+00
294.000      7.72682e+00
295.000      7.12739e+00
296.000      6.57385e+00
297.000      6.06927e+00
298.000      5.61876e+00
299.000      5.22995e+00
300.000      4.91225e+00
301.000      4.67459e+00
302.000      4.52186e+00
303.000      4.45064e+00
304.000      4.44544e+00
305.000      4.47749e+00
306.000      4.50747e+00
307.000      4.49264e+00
308.000      4.39686e+00
309.000      4.20070e+00
310.000      3.90788e+00
311.000      3.54585e+00
312.000      3.15978e+00
313.000      2.80201e+00
314.000      2.52030e+00
315.000      2.34851e+00
316.000      2.30195e+00
317.000      2.37771e+00
318.000      2.55872e+00
319.000      2.81956e+00
320.000      3.13232e+00
321.000      3.47175e+00
322.000      3.81965e+00
323.000      4.16855e+00
324.000      4.52416e+00
325.000      4.90574e+00
326.000      5.34328e+00
327.000      5.87130e+00
328.000      6.52049e+00
329.000      7.30913e+00
330.000      8.23714e+00
331.000      9.28416e+00
332.000      1.04123e+01
333.000      1.15723e+01
334.000      1.27105e+01
335.000      1.37759e+01
336.000      1.47244e+01
337.000      1.55216e+01
338.000      1.61426e+01
339.000      1.65718e+01
340.000      1.68023e+01
341.000      1.68355e+01
342.000      1.66805e+01
343.000      1.63529e+01
344.000      1.58727e+01
345.000      1.52605e+01
346.000      1.45334e+01
347.000      1.37031e+01
348.000      1.27765e+01
349.000      1.17601e+01
350.000      1.06675e+01
351.000      9.52615e+00
352.000      8.38103e+00
353.000      7.29258e+00
354.000      6.32831e+00
355.000      5.55004e+00
356.000      5.00056e+00
357.000      4.69352e+00
358.000      4.60995e+00
359.000      4.70244e+00
360.000      4.90567e+00
361.000      5.15027e+00
362.000      5.37577e+00
363.000      5.53946e+00
364.000      5.61922e+00
365.000      5.61094e+00
366.000      5.52276e+00
367.000      5.36915e+00
368.000      5.16699e+00
369.000      4.93429e+00
370.000      4.69064e+00
371.000      4.45750e+00
372.000      4.25702e+00
373.000      4.10918e+00
374.000      4.02832e+00
375.000      4.02074e+00
376.000      4.08441e+00
377.000      4.21071e+00
378.000      4.38686e+00
379.000      4.59759e+00
380.000      4.82517e+00
381.000      5.04821e+00
382.000      5.24089e+00
383.000      5.37427e+00
384.000      5.42044e+00
385.000      5.35855e+00
386.000      5.18064e+00
387.000      4.89474e+00
388.000      4.52357e+00
389.000      4.09915e+00
390.000      3.65510e+00
391.000      3.21940e+00
392.000      2.80981e+00
393.000      2.43313e+00
394.000      2.08793e+00
395.000      1.76898e+00
396.000      1.47167e+00
397.000      1.19471e+00
398.000      9.40603e-01
399.000      7.14299e-01
400.000      5.20856e-01
401.000      3.63379e-01
402.000      2.41883e-01
403.000      1.53300e-01
404.000      9.23600e-02
405.000      5.28346e-02
406.000      2.86722e-02
407.000      1.47511e-02
408.000      7.19103e-03
409.000      3.32046e-03
410.000      1.45184e-03
411.000      6.00987e-04
412.000      2.35484e-04
413.000      8.73278e-05
414.000      3.06478e-05
415.000      1.01782e-05
416.000      3.19844e-06
417.000      9.51013e-07
418.000      2.67547e-07
419.000      7.12146e-08
420.000      1.79343e-08
421.000      4.27304e-09
422.000      9.63220e-10
423.000      2.05421e-10
424.000      4.14468e-11
425.000      7.91157e-12
426.000      1.42876e-12
427.000      2.44104e-13
428.000      3.94561e-14
429.000      6.03355e-15
430.000      8.72874e-16
431.000      1.19467e-16
432.000      1.54691e-17
433.000      1.89497e-18
434.000      2.19611e-19
435.000      2.40784e-20
436.000      2.49756e-21
437.000      2.45089e-22
438.000      2.27536e-23
439.000      1.99845e-24
440.000      1.66056e-25
441.000      1.30537e-26
442.000      9.70800e-28
443.000      6.83037e-29
444.000      4.54649e-30
445.000      2.86303e-31
446.000      1.70566e-32
447.000      9.61341e-34
448.000      5.12601e-35
449.000      2.58583e-36
450.000      1.23406e-37
451.000      5.57176e-39
452.000      2.37994e-40
453.000      9.61736e-42
454.000      3.67675e-43
455.000      1.32981e-44
456.000      4.55022e-46
457.000      1.47297e-47
458.000      4.51099e-49
459.000      1.30698e-50
460.000      3.58246e-52
461.000      9.28994e-54
462.000      2.27909e-55
463.000      5.28967e-57
464.000      1.16148e-58
465.000      2.41276e-60
466.000      4.74169e-62
467.000      8.81597e-64
468.000      1.55069e-65
469.000      2.58046e-67
470.000      4.06243e-69
471.000      6.05053e-71
472.000      8.52547e-73
473.000      1.13648e-74
474.000      1.43325e-76
475.000      1.71001e-78
476.000      1.93016e-80
477.000      2.06114e-82
478.000      2.08227e-84
479.000      1.99015e-86
480.000      1.79950e-88
481.000      1.53934e-90
482.000      1.24576e-92
483.000      9.53792e-95
484.000      6.90860e-97
485.000      4.73417e-99
486.000     3.06913e-101
487.000     1.88236e-103
488.000     1.09222e-105
489.000     5.99562e-108
490.000     3.11369e-110
491.000     1.52980e-112
492.000     7.11069e-115
493.000     3.12685e-117
494.000     1.30082e-119
495.000     5.11974e-122
496.000     1.90632e-124
497.000     6.71522e-127
498.000     2.23791e-129
499.000     7.05574e-132
500.000     2.10456e-134
