4.500000000000000000e+01
4.376940000000000452e+01
4.027619999999999578e+01
3.506234999999999502e+01
2.887709999999999511e+01
2.250000000000000000e+01
1.658550000000000324e+01
1.156627499999999920e+01
7.630905000000002936e+00
4.762935000000000585e+00
2.812500000000000000e+00
1.571190000000000087e+00
8.303865000000000274e-01
4.151960999999999569e-01
1.964109999999999745e-01
8.793546999999998781e-02
3.735998000000000097e-02
1.537630999999999894e-02
7.061612000000000965e-03
6.038901000000000165e-03
1.149269900000000032e-02
2.780631999999999895e-02
6.686162000000001049e-02
1.534458100000000158e-01
3.343857999999999553e-01
6.915885000000000504e-01
1.357704399999999811e+00
2.530512000000000317e+00
4.478720000000000923e+00
7.529105999999998744e+00
1.202491099999999946e+01
1.825065000000000026e+01
2.632958999999999605e+01
3.611536000000000257e+01
4.711236000000000246e+01
5.846352000000001681e+01
6.903225000000000477e+01
7.757841999999999416e+01
8.299486999999999171e+01
8.454238000000000852e+01
8.201482000000001449e+01
7.578368000000000393e+01
6.670871999999998536e+01
5.594475000000001330e+01
4.470347999999999900e+01
3.403835999999999729e+01
2.470195000000000007e+01
1.709798000000000329e+01
1.131728799999999957e+01
7.229705000000000936e+00
4.595556000000000196e+00
3.168491000000000835e+00
2.771981999999999946e+00
3.342714000000000407e+00
4.940334000000000003e+00
7.725052999999999948e+00
1.190541300000000113e+01
1.766094000000000364e+01
2.505015999999999821e+01
3.392259999999999565e+01
4.385882000000000147e+01
5.416317000000000803e+01
6.392337000000000558e+01
7.213497999999999877e+01
7.786754999999999427e+01
8.043487000000000364e+01
7.952709000000001538e+01
7.527074000000000353e+01
6.820244999999999891e+01
5.916515000000001123e+01
4.915594000000000108e+01
3.916529999999999490e+01
3.004512000000000072e+01
2.243243999999999616e+01
1.673413000000000039e+01
1.316111800000000009e+01
1.178665100000000265e+01
1.259980600000000095e+01
1.553246300000000168e+01
2.045139000000000351e+01
2.712359999999999616e+01
3.517494000000000653e+01
4.406738000000000000e+01
5.311614999999999043e+01
6.155557000000000301e+01
6.864719000000000904e+01
7.380859999999998422e+01
7.673401000000001204e+01
7.747664999999999225e+01
7.647048000000000911e+01
7.448151000000001432e+01
7.249433999999999401e+01
7.155263999999999669e+01
7.258374999999998067e+01
7.624268999999999608e+01
8.280764000000002056e+01
9.214920999999999651e+01
1.037773700000000048e+02
1.169505900000000054e+02
1.308162199999999871e+02
1.445450100000000191e+02
1.574285100000000170e+02
1.689253999999999962e+02
1.786581999999999937e+02
1.863776999999999475e+02
1.919194999999999993e+02
1.951731999999999800e+02
1.960683999999999969e+02
1.945861999999999910e+02
1.907796000000000163e+02
1.847969999999999970e+02
1.768974000000000046e+02
1.674531999999999812e+02
1.569427000000000021e+02
1.459344499999999982e+02
1.350609699999999975e+02
1.249826599999999956e+02
1.163392000000000053e+02
1.096896499999999861e+02
1.054504199999999940e+02
1.038456400000000173e+02
1.048828499999999906e+02
1.083636099999999942e+02
1.139253700000000151e+02
1.211033999999999935e+02
1.293957100000000082e+02
1.383159299999999803e+02
1.474270499999999799e+02
1.563566200000000208e+02
1.647983000000000118e+02
1.725117999999999654e+02
1.793165999999999940e+02
1.850902999999999849e+02
1.897620000000000005e+02
1.933046000000000220e+02
1.957212999999999852e+02
1.970381999999999891e+02
1.972963000000000022e+02
1.965546000000000220e+02
1.948941999999999837e+02
1.924238000000000284e+02
1.892783999999999764e+02
1.856106999999999800e+02
1.815766999999999882e+02
1.773184999999999718e+02
1.729542000000000144e+02
1.685739800000000059e+02
1.642448399999999822e+02
1.600198500000000195e+02
1.559465199999999925e+02
1.520701600000000155e+02
1.484301299999999912e+02
1.450524699999999996e+02
1.419412800000000345e+02
1.390769200000000012e+02
1.364191999999999894e+02
1.339176700000000153e+02
1.315266000000000020e+02
1.292171600000000353e+02
1.269849100000000135e+02
1.248474300000000028e+02
1.228352299999999957e+02
1.209771399999999915e+02
1.192867699999999900e+02
1.177542100000000147e+02
1.163464900000000029e+02
1.150150999999999897e+02
1.137075800000000072e+02
1.123774800000000056e+02
1.109892899999999969e+02
1.095180500000000166e+02
1.079475200000000115e+02
1.062702899999999886e+02
1.044933699999999988e+02
1.026463399999999950e+02
1.007873799999999989e+02
9.900159999999999627e+01
9.738841000000000747e+01
9.604178000000001703e+01
9.502944000000000813e+01
9.437944000000001665e+01
9.407775999999998362e+01
9.407709000000001254e+01
9.431080000000000041e+01
9.470727999999998303e+01
9.520038000000000977e+01
9.573586999999999136e+01
9.627560000000002560e+01
9.680117999999998801e+01
9.731663999999999248e+01
9.784766999999999371e+01
9.843477000000000032e+01
9.912067999999999302e+01
9.993522000000000105e+01
1.008833899999999915e+02
1.019418600000000055e+02
1.030651299999999964e+02
1.041982500000000016e+02
1.052908000000000186e+02
1.063070500000000180e+02
1.072311300000000074e+02
1.080687599999999975e+02
1.088484400000000392e+02
1.096238400000000155e+02
1.104728599999999830e+02
1.114899200000000121e+02
1.127671300000000087e+02
1.143669600000000059e+02
1.162947499999999934e+02
1.184821900000000028e+02
1.207903600000000068e+02
1.230337100000000135e+02
1.250186899999999923e+02
1.265846800000000059e+02
1.276368599999999986e+02
1.281616199999999992e+02
1.282237800000000050e+02
1.279476300000000037e+02
1.274886199999999974e+02
1.270022299999999973e+02
1.266175300000000163e+02
1.264207800000000219e+02
1.264520699999999920e+02
1.267130000000000223e+02
1.271818099999999987e+02
1.278280700000000110e+02
1.286204999999999927e+02
1.295243800000000078e+02
1.304902799999999843e+02
1.314417000000000257e+02
1.322688300000000083e+02
1.328365099999999757e+02
1.330050400000000081e+02
1.326614099999999894e+02
1.317460899999999810e+02
1.302703400000000045e+02
1.283141300000000058e+02
1.260080200000000161e+02
1.235048600000000079e+02
1.209518500000000074e+02
1.184699799999999925e+02
1.161437200000000161e+02
1.140192100000000011e+02
1.121072600000000108e+02
1.103876500000000220e+02
1.088141999999999854e+02
1.073219200000000058e+02
1.058362700000000132e+02
1.042837999999999994e+02
1.026008000000000067e+02
1.007369400000000041e+02
9.865324999999999989e+01
9.631757000000000346e+01
9.370090999999997905e+01
9.078052999999999884e+01
8.755002999999999247e+01
8.403457000000000221e+01
8.030514999999999759e+01
7.648481000000001018e+01
7.274240999999999246e+01
6.927179000000000997e+01
6.626100999999999885e+01
6.385763999999999641e+01
6.214001999999999981e+01
6.110119999999999862e+01
6.064853999999999701e+01
6.061711999999999279e+01
6.079101999999998895e+01
6.092614000000000374e+01
6.077129999999999654e+01
6.008755999999999631e+01
5.867005000000001047e+01
5.637413000000000807e+01
5.314508999999999617e+01
4.904449000000000325e+01
4.426395000000000124e+01
3.911777999999999622e+01
3.401161000000000456e+01
2.939111600000000024e+01
2.568184800000000223e+01
2.323357100000000486e+01
2.228065699999999794e+01
2.292528799999999833e+01
2.514257699999999573e+01
2.880238800000000055e+01
3.369866000000001094e+01
3.957844000000000051e+01
4.616589999999999350e+01
5.318079999999999785e+01
6.035406000000001114e+01
6.744424999999999670e+01
7.425554999999999950e+01
8.065457000000000676e+01
8.657921000000000333e+01
9.203394000000000119e+01
9.706896000000000413e+01
1.017486999999999853e+02
1.061189000000000107e+02
1.101855899999999906e+02
1.139124500000000069e+02
1.172383399999999938e+02
1.201060899999999805e+02
1.224922899999999686e+02
1.244275399999999792e+02
1.260023900000000054e+02
1.273599399999999946e+02
1.286798199999999781e+02
1.301580300000000250e+02
1.319870499999999822e+02
1.343363300000000038e+02
1.373363400000000070e+02
1.410640500000000088e+02
1.455356199999999944e+02
1.507072900000000004e+02
1.564848700000000008e+02
1.627445800000000133e+02
1.693629500000000121e+02
1.762467000000000041e+02
1.833615000000000350e+02
1.907481000000000222e+02
1.985229999999999961e+02
2.068596999999999753e+02
2.159570000000000221e+02
2.259998999999999967e+02
2.371176999999999850e+02
2.493506999999999891e+02
2.626246999999999616e+02
2.767387999999999693e+02
2.913696000000000481e+02
3.060897999999999683e+02
3.204045999999999594e+02
3.338040000000000305e+02
3.458166999999999689e+02
3.560708000000000197e+02
3.643395999999999617e+02
3.705701000000000249e+02
3.748876000000000204e+02
3.775734999999999673e+02
3.790226000000000113e+02
3.796829000000000178e+02
3.799923999999999751e+02
3.803249999999999886e+02
3.809496000000000322e+02
3.820123000000000388e+02
3.835372999999999593e+02
3.854434000000000538e+02
3.875672000000000139e+02
3.896837999999999056e+02
3.915276999999999248e+02
3.928039999999999736e+02
3.932026999999999362e+02
3.924120999999999526e+02
3.901397999999999797e+02
3.861274999999999977e+02
3.801709000000000174e+02
3.721225000000000023e+02
3.618931000000000040e+02
3.494520999999999731e+02
3.348327999999999633e+02
3.181504000000000474e+02
2.996277000000000044e+02
2.796193000000000097e+02
2.586161000000000172e+02
2.372247000000000128e+02
2.161153999999999655e+02
1.959484999999999957e+02
1.772951999999999941e+02
1.605750999999999920e+02
1.460226099999999576e+02
1.336915699999999845e+02
1.234936499999999882e+02
1.152581699999999785e+02
1.087967999999999904e+02
1.039599799999999874e+02
1.006752700000000118e+02
9.896492000000000644e+01
9.894397999999999627e+01
1.008023200000000088e+02
1.047713700000000046e+02
1.110773599999999988e+02
1.198824700000000263e+02
1.312203199999999867e+02
1.449363399999999729e+02
1.606475499999999954e+02
1.777324000000000126e+02
1.953585999999999956e+02
2.125408999999999935e+02
2.282166999999999746e+02
2.413290000000000077e+02
2.508976000000000113e+02
2.560867000000000075e+02
2.562699000000000069e+02
2.511021000000000072e+02
2.405933999999999742e+02
2.251704000000000008e+02
2.056933999999999685e+02
1.834080999999999904e+02
1.598191100000000233e+02
1.364988800000000140e+02
1.148723899999999958e+02
9.602810000000000912e+01
8.059727999999999781e+01
6.872910999999999149e+01
6.015713000000000932e+01
5.433076000000001216e+01
5.057220999999999123e+01
4.821766000000000219e+01
4.671492999999999540e+01
4.566548000000000940e+01
4.481765000000000754e+01
4.402853999999999957e+01
4.321640000000000725e+01
4.232077999999999918e+01
4.127873999999999910e+01
4.001827999999999719e+01
3.846388999999999925e+01
3.655014999999999503e+01
3.423853000000000435e+01
3.153585000000000349e+01
2.850922999999999874e+01
2.529237000000000180e+01
2.207735000000000269e+01
1.908951800000000176e+01
1.654813100000000148e+01
1.462236199999999897e+01
1.339387999999999757e+01
1.283698599999999956e+01
1.282205399999999784e+01
1.314121899999999954e+01
1.355005500000000040e+01
1.381491299999999889e+01
1.375470499999999596e+01
1.326857499999999845e+01
1.234445200000000042e+01
1.104873599999999989e+01
9.501839000000000368e+00
7.847419000000000366e+00
6.223016600000000231e+00
4.738396200000000391e+00
3.464425699999999608e+00
2.432138600000000039e+00
1.639215730000000315e+00
1.060336560000000095e+00
6.579698999999999964e-01
3.914239459999999671e-01
2.230647739999999934e-01
1.216668853000000133e-01
6.345364469999999202e-02
3.161206622000000549e-02
1.502904307999999856e-02
6.812050660999999577e-03
2.941010163999999757e-03
1.208434330899999659e-03
4.722010112999999449e-04
1.753519228899999853e-04
6.184546361200000161e-05
2.070568612000000028e-05
6.577367854299999990e-06
1.981612802439999597e-06
5.660307140599999919e-07
1.532438907030000407e-07
3.931305660610000461e-08
9.554418880809998987e-09
2.199394051770999730e-09
4.794687242993998449e-10
9.897339671069997667e-11
1.934298786552000101e-11
3.578746204723999903e-12
6.267605119748000273e-13
1.038977103850500254e-13
1.630084618909699852e-14
2.420434350511000600e-15
3.401203188554201514e-16
4.522846309614699621e-17
5.691336462291886936e-18
6.776817333950229981e-19
7.635454588461751512e-20
8.140125338895577816e-21
8.211197534193057655e-22
7.837041690345522247e-23
7.077216515300143695e-24
6.046866463057011683e-25
4.888235622213348794e-26
3.738715529637911386e-27
2.705437436571855776e-28
1.852222840505657503e-29
1.199743266331036839e-30
7.352226376595578481e-32
4.262686817039399247e-33
2.338185500773190868e-34
1.213402860739211096e-35
5.957457023081588988e-37
2.767207306110857344e-38
1.216046819259629041e-39
5.055718267665697949e-41
1.988561882954393342e-42
7.399810274959602548e-44
2.605091286454436379e-45
8.676569388438462700e-47
2.733977476869229002e-48
8.150072614269406423e-50
