# Gaussian folded, width=10 cm^-1
# [cm^-1] arbitrary
0.000      3.00000e+00
1.000      2.91796e+00
2.000      2.68508e+00
3.000      2.33749e+00
4.000      1.92514e+00
5.000      1.50000e+00
6.000      1.10570e+00
7.000      7.71085e-01
8.000      5.08727e-01
9.000      3.17529e-01
10.000      1.87500e-01
11.000      1.04746e-01
12.000      5.53591e-02
13.000      2.76797e-02
14.000      1.30940e-02
15.000      5.86223e-03
16.000      2.49021e-03
17.000      1.02369e-03
18.000      4.66695e-04
19.000      3.91347e-04
20.000      7.36941e-04
21.000      1.78214e-03
22.000      4.29247e-03
23.000      9.87282e-03
24.000      2.15689e-02
25.000      4.47353e-02
26.000      8.80963e-02
27.000      1.64753e-01
28.000      2.92659e-01
29.000      4.93886e-01
30.000      7.91971e-01
31.000      1.20694e+00
32.000      1.74834e+00
33.000      2.40767e+00
34.000      3.15247e+00
35.000      3.92499e+00
36.000      4.64728e+00
37.000      5.23310e+00
38.000      5.60452e+00
39.000      5.70881e+00
40.000      5.53068e+00
41.000      5.09594e+00
42.000      4.46542e+00
43.000      3.72103e+00
44.000      2.94848e+00
45.000      2.22153e+00
46.000      1.59179e+00
47.000      1.08557e+00
48.000      7.06926e-01
49.000      4.44717e-01
50.000      2.80866e-01
51.000      1.97665e-01
52.000      1.82939e-01
53.000      2.32651e-01
54.000      3.51093e-01
55.000      5.48894e-01
56.000      8.39168e-01
57.000      1.23223e+00
58.000      1.72971e+00
59.000      2.31922e+00
60.000      2.97124e+00
61.000      3.63940e+00
62.000      4.26490e+00
63.000      4.78464e+00
64.000      5.14148e+00
65.000      5.29426e+00
66.000      5.22539e+00
67.000      4.94398e+00
68.000      4.48412e+00
69.000      3.89867e+00
70.000      3.25035e+00
71.000      2.60209e+00
72.000      2.00901e+00
73.000      1.51336e+00
74.000      1.14303e+00
75.000      9.13155e-01
76.000      8.29354e-01
77.000      8.91021e-01
78.000      1.09337e+00
79.000      1.42753e+00
80.000      1.87899e+00
81.000      2.42515e+00
82.000      3.03342e+00
83.000      3.66113e+00
84.000      4.25811e+00
85.000      4.77260e+00
86.000      5.15965e+00
87.000      5.39082e+00
88.000      5.46252e+00
89.000      5.40047e+00
90.000      5.25789e+00
91.000      5.10700e+00
92.000      5.02516e+00
93.000      5.07893e+00
94.000      5.31066e+00
95.000      5.73099e+00
96.000      6.31933e+00
97.000      7.03152e+00
98.000      7.81176e+00
99.000      8.60500e+00
100.000      9.36632e+00
101.000      1.00654e+01
102.000      1.06857e+01
103.000      1.12205e+01
104.000      1.16667e+01
105.000      1.20199e+01
106.000      1.22719e+01
107.000      1.24106e+01
108.000      1.24231e+01
109.000      1.22989e+01
110.000      1.20345e+01
111.000      1.16352e+01
112.000      1.11166e+01
113.000      1.05036e+01
114.000      9.82957e+00
115.000      9.13521e+00
116.000      8.46660e+00
117.000      7.87256e+00
118.000      7.40032e+00
119.000      7.08967e+00
120.000      6.96664e+00
121.000      7.03829e+00
122.000      7.29055e+00
123.000      7.69015e+00
124.000      8.19067e+00
125.000      8.74149e+00
126.000      9.29724e+00
127.000      9.82528e+00
128.000      1.03090e+01
129.000      1.07460e+01
130.000      1.11431e+01
131.000      1.15081e+01
132.000      1.18440e+01
133.000      1.21459e+01
134.000      1.24018e+01
135.000      1.25966e+01
136.000      1.27178e+01
137.000      1.27593e+01
138.000      1.27238e+01
139.000      1.26227e+01
140.000      1.24738e+01
141.000      1.22979e+01
142.000      1.21152e+01
143.000      1.19412e+01
144.000      1.17831e+01
145.000      1.16380e+01
146.000      1.14925e+01
147.000      1.13261e+01
148.000      1.11162e+01
149.000      1.08455e+01
150.000      1.05076e+01
151.000      1.01111e+01
152.000      9.67896e+00
153.000      9.24438e+00
154.000      8.84358e+00
155.000      8.50752e+00
156.000      8.25494e+00
157.000      8.08865e+00
158.000      7.99649e+00
159.000      7.95670e+00
160.000      7.94576e+00
161.000      7.94580e+00
162.000      7.94854e+00
163.000      7.95432e+00
164.000      7.96713e+00
165.000      7.98837e+00
166.000      8.01256e+00
167.000      8.02706e+00
168.000      8.01553e+00
169.000      7.96295e+00
170.000      7.85984e+00
171.000      7.70405e+00
172.000      7.50007e+00
173.000      7.25743e+00
174.000      6.98930e+00
175.000      6.71176e+00
176.000      6.44344e+00
177.000      6.20439e+00
178.000      6.01385e+00
179.000      5.88731e+00
180.000      5.83394e+00
181.000      5.85511e+00
182.000      5.94454e+00
183.000      6.08961e+00
184.000      6.27326e+00
185.000      6.47593e+00
186.000      6.67759e+00
187.000      6.85997e+00
188.000      7.00888e+00
189.000      7.11626e+00
190.000      7.18126e+00
191.000      7.20972e+00
192.000      7.21227e+00
193.000      7.20162e+00
194.000      7.19021e+00
195.000      7.18889e+00
196.000      7.20675e+00
197.000      7.25132e+00
198.000      7.32823e+00
199.000      7.43979e+00
200.000      7.58282e+00
201.000      7.74707e+00
202.000      7.91549e+00
203.000      8.06746e+00
204.000      8.18427e+00
205.000      8.25544e+00
206.000      8.28322e+00
207.000      8.28358e+00
208.000      8.28285e+00
209.000      8.31100e+00
210.000      8.39375e+00
211.000      8.54597e+00
212.000      8.76823e+00
213.000      9.04688e+00
214.000      9.35735e+00
215.000      9.66898e+00
216.000      9.95011e+00
217.000      1.01723e+01
218.000      1.03133e+01
219.000      1.03590e+01
220.000      1.03045e+01
221.000      1.01544e+01
222.000      9.92383e+00
223.000      9.63708e+00
224.000      9.32614e+00
225.000      9.02658e+00
226.000      8.77196e+00
227.000      8.58740e+00
228.000      8.48406e+00
229.000      8.45626e+00
230.000      8.48253e+00
231.000      8.53069e+00
232.000      8.56578e+00
233.000      8.55872e+00
234.000      8.49316e+00
235.000      8.36870e+00
236.000      8.19956e+00
237.000      8.00949e+00
238.000      7.82440e+00
239.000      7.66515e+00
240.000      7.54249e+00
241.000      7.45519e+00
242.000      7.39166e+00
243.000      7.33421e+00
244.000      7.26439e+00
245.000      7.16787e+00
246.000      7.03742e+00
247.000      6.87341e+00
248.000      6.68181e+00
249.000      6.47083e+00
250.000      6.24745e+00
251.000      6.01507e+00
252.000      5.77321e+00
253.000      5.51893e+00
254.000      5.24936e+00
255.000      4.96428e+00
256.000      4.66794e+00
257.000      4.36979e+00
258.000      4.08414e+00
259.000      3.82903e+00
260.000      3.62425e+00
261.000      3.48846e+00
262.000      3.43539e+00
263.000      3.46967e+00
264.000      3.58331e+00
265.000      3.75431e+00
266.000      3.94847e+00
267.000      4.12447e+00
268.000      4.24132e+00
269.000      4.26607e+00
270.000      4.17957e+00
271.000      3.97901e+00
272.000      3.67673e+00
273.000      3.29644e+00
274.000      2.86822e+00
275.000      2.42396e+00
276.000      1.99411e+00
277.000      1.60598e+00
278.000      1.28313e+00
279.000      1.04532e+00
280.000      9.08456e-01
281.000      8.84304e-01
282.000      9.79703e-01
283.000      1.19550e+00
284.000      1.52537e+00
285.000      1.95502e+00
286.000      2.46209e+00
287.000      3.01744e+00
288.000      3.58773e+00
289.000      4.13964e+00
290.000      4.64502e+00
291.000      5.08627e+00
292.000      5.46067e+00
293.000      5.78182e+00
294.000      6.07712e+00
295.000      6.38067e+00
296.000      6.72294e+00
297.000      7.12021e+00
298.000      7.56741e+00
299.000      8.03728e+00
300.000      8.48692e+00
301.000      8.86934e+00
302.000      9.14625e+00
303.000      9.29754e+00
304.000      9.32459e+00
305.000      9.24735e+00
306.000      9.09735e+00
307.000      8.90996e+00
308.000      8.71876e+00
309.000      8.55299e+00
310.000      8.43752e+00
311.000      8.39386e+00
312.000      8.44057e+00
313.000      8.59266e+00
314.000      8.86009e+00
315.000      9.24647e+00
316.000      9.74875e+00
317.000      1.03584e+01
318.000      1.10637e+01
319.000      1.18527e+01
320.000      1.27149e+01
321.000      1.36415e+01
322.000      1.46241e+01
323.000      1.56519e+01
324.000      1.67092e+01
325.000      1.77741e+01
326.000      1.88200e+01
327.000      1.98184e+01
328.000      2.07434e+01
329.000      2.15754e+01
330.000      2.23035e+01
331.000      2.29252e+01
332.000      2.34437e+01
333.000      2.38640e+01
334.000      2.41899e+01
335.000      2.44223e+01
336.000      2.45608e+01
337.000      2.46076e+01
338.000      2.45719e+01
339.000      2.44743e+01
340.000      2.43462e+01
341.000      2.42259e+01
342.000      2.41518e+01
343.000      2.41527e+01
344.000      2.42423e+01
345.000      2.44156e+01
346.000      2.46522e+01
347.000      2.49221e+01
348.000      2.51937e+01
349.000      2.54393e+01
350.000      2.56377e+01
351.000      2.57726e+01
352.000      2.58294e+01
353.000      2.57919e+01
354.000      2.56397e+01
355.000      2.53486e+01
356.000      2.48926e+01
357.000      2.42483e+01
358.000      2.33993e+01
359.000      2.23424e+01
360.000      2.10911e+01
361.000      1.96782e+01
362.000      1.81542e+01
363.000      1.65820e+01
364.000      1.50286e+01
365.000      1.35562e+01
366.000      1.22133e+01
367.000      1.10299e+01
368.000      1.00171e+01
369.000      9.17050e+00
370.000      8.47572e+00
371.000      7.91522e+00
372.000      7.47313e+00
373.000      7.13824e+00
374.000      6.90501e+00
375.000      6.77356e+00
376.000      6.74916e+00
377.000      6.84173e+00
378.000      7.06465e+00
379.000      7.43277e+00
380.000      7.95917e+00
381.000      8.65130e+00
382.000      9.50709e+00
383.000      1.05117e+01
384.000      1.16353e+01
385.000      1.28325e+01
386.000      1.40418e+01
387.000      1.51882e+01
388.000      1.61859e+01
389.000      1.69452e+01
390.000      1.73816e+01
391.000      1.74274e+01
392.000      1.70446e+01
393.000      1.62345e+01
394.000      1.50427e+01
395.000      1.35555e+01
396.000      1.18888e+01
397.000      1.01703e+01
398.000      8.52062e+00
399.000      7.03610e+00
400.000      5.77924e+00
401.000      4.77631e+00
402.000      4.02246e+00
403.000      3.49107e+00
404.000      3.14427e+00
405.000      2.94175e+00
406.000      2.84630e+00
407.000      2.82603e+00
408.000      2.85430e+00
409.000      2.90879e+00
410.000      2.97097e+00
411.000      3.02617e+00
412.000      3.06398e+00
413.000      3.07808e+00
414.000      3.06496e+00
415.000      3.02181e+00
416.000      2.94471e+00
417.000      2.82820e+00
418.000      2.66699e+00
419.000      2.45924e+00
420.000      2.21008e+00
421.000      1.93341e+00
422.000      1.65103e+00
423.000      1.38890e+00
424.000      1.17168e+00
425.000      1.01705e+00
426.000      9.31644e-01
427.000      9.09450e-01
428.000      9.33240e-01
429.000      9.78498e-01
430.000      1.01893e+00
431.000      1.03216e+00
432.000      1.00424e+00
433.000      9.31773e-01
434.000      8.21296e-01
435.000      6.86335e-01
436.000      5.43212e-01
437.000      4.06973e-01
438.000      2.88541e-01
439.000      1.93567e-01
440.000      1.22859e-01
441.000      7.37768e-02
442.000      4.19139e-02
443.000      2.25278e-02
444.000      1.14551e-02
445.000      5.51058e-03
446.000      2.50793e-03
447.000      1.07982e-03
448.000      4.39849e-04
449.000      1.69502e-04
450.000      6.17963e-05
451.000      2.13142e-05
452.000      6.95493e-06
453.000      2.14701e-06
454.000      6.27037e-07
455.000      1.73249e-07
456.000      4.52860e-08
457.000      1.11989e-08
458.000      2.62002e-09
459.000      5.79898e-10
460.000      1.21427e-10
461.000      2.40546e-11
462.000      4.50815e-12
463.000      7.99311e-13
464.000      1.34076e-13
465.000      2.12766e-14
466.000      3.19428e-15
467.000      4.53692e-16
468.000      6.09630e-17
469.000      7.74978e-18
470.000      9.32030e-19
471.000      1.06045e-19
472.000      1.14147e-20
473.000      1.16240e-21
474.000      1.11987e-22
475.000      1.02070e-23
476.000      8.80122e-25
477.000      7.17971e-26
478.000      5.54100e-27
479.000      4.04564e-28
480.000      2.79450e-29
481.000      1.82616e-30
482.000      1.12899e-31
483.000      6.60327e-33
484.000      3.65381e-34
485.000      1.91272e-35
486.000      9.47268e-37
487.000      4.43826e-38
488.000      1.96730e-39
489.000      8.24983e-41
490.000      3.27294e-42
491.000      1.22842e-43
492.000      4.36190e-45
493.000      1.46528e-46
494.000      4.65676e-48
495.000      1.40012e-49
496.000      3.98256e-51
497.000      1.07171e-52
498.000      2.72842e-54
499.000      6.57147e-56
500.000      1.49738e-57
