# Gaussian folded, width=10 cm^-1
# [cm^-1] arbitrary
0.000      3.00000e+00
1.000      2.91796e+00
2.000      2.68508e+00
3.000      2.33749e+00
4.000      1.92514e+00
5.000      1.50000e+00
6.000      1.10570e+00
7.000      7.71085e-01
8.000      5.08727e-01
9.000      3.17530e-01
10.000      1.87500e-01
11.000      1.04746e-01
12.000      5.53597e-02
13.000      2.76820e-02
14.000      1.31016e-02
15.000      5.88658e-03
16.000      2.56385e-03
17.000      1.23429e-03
18.000      1.03641e-03
19.000      1.84892e-03
20.000      4.26325e-03
21.000      9.84795e-03
22.000      2.17311e-02
23.000      4.55000e-02
24.000      9.03215e-02
25.000      1.69996e-01
26.000      3.03412e-01
27.000      5.13641e-01
28.000      8.24926e-01
29.000      1.25719e+00
30.000      1.81855e+00
31.000      2.49744e+00
32.000      3.25708e+00
33.000      4.03494e+00
34.000      4.74935e+00
35.000      5.31286e+00
36.000      5.64964e+00
37.000      5.71222e+00
38.000      5.49237e+00
39.000      5.02289e+00
40.000      4.36957e+00
41.000      3.61630e+00
42.000      2.84781e+00
43.000      2.13501e+00
44.000      1.52636e+00
45.000      1.04633e+00
46.000      6.99735e-01
47.000      4.79481e-01
48.000      3.74925e-01
49.000      3.78472e-01
50.000      4.88975e-01
51.000      7.11349e-01
52.000      1.05264e+00
53.000      1.51556e+00
54.000      2.09125e+00
55.000      2.75342e+00
56.000      3.45630e+00
57.000      4.13761e+00
58.000      4.72687e+00
59.000      5.15718e+00
60.000      5.37765e+00
61.000      5.36305e+00
62.000      5.11829e+00
63.000      4.67667e+00
64.000      4.09280e+00
65.000      3.43228e+00
66.000      2.76107e+00
67.000      2.13678e+00
68.000      1.60357e+00
69.000      1.19113e+00
70.000      9.16758e-01
71.000      7.89234e-01
72.000      8.12374e-01
73.000      9.86766e-01
74.000      1.30888e+00
75.000      1.76790e+00
76.000      2.34179e+00
77.000      2.99456e+00
78.000      3.67687e+00
79.000      4.33078e+00
80.000      4.89864e+00
81.000      5.33401e+00
82.000      5.61218e+00
83.000      5.73742e+00
84.000      5.74481e+00
85.000      5.69592e+00
86.000      5.66877e+00
87.000      5.74420e+00
88.000      5.99119e+00
89.000      6.45421e+00
90.000      7.14502e+00
91.000      8.04027e+00
92.000      9.08515e+00
93.000      1.02021e+01
94.000      1.13026e+01
95.000      1.23007e+01
96.000      1.31247e+01
97.000      1.37270e+01
98.000      1.40879e+01
99.000      1.42142e+01
100.000      1.41325e+01
101.000      1.38783e+01
102.000      1.34861e+01
103.000      1.29824e+01
104.000      1.23848e+01
105.000      1.17064e+01
106.000      1.09636e+01
107.000      1.01825e+01
108.000      9.40181e+00
109.000      8.67095e+00
110.000      8.04353e+00
111.000      7.56948e+00
112.000      7.28804e+00
113.000      7.22326e+00
114.000      7.38249e+00
115.000      7.75700e+00
116.000      8.32402e+00
117.000      9.04923e+00
118.000      9.88975e+00
119.000      1.07974e+01
120.000      1.17223e+01
121.000      1.26161e+01
122.000      1.34348e+01
123.000      1.41406e+01
124.000      1.47035e+01
125.000      1.51024e+01
126.000      1.53282e+01
127.000      1.53855e+01
128.000      1.52951e+01
129.000      1.50933e+01
130.000      1.48271e+01
131.000      1.45469e+01
132.000      1.42958e+01
133.000      1.41009e+01
134.000      1.39682e+01
135.000      1.38832e+01
136.000      1.38181e+01
137.000      1.37408e+01
138.000      1.36253e+01
139.000      1.34577e+01
140.000      1.32375e+01
141.000      1.29742e+01
142.000      1.26805e+01
143.000      1.23675e+01
144.000      1.20406e+01
145.000      1.17005e+01
146.000      1.13450e+01
147.000      1.09723e+01
148.000      1.05829e+01
149.000      1.01799e+01
150.000      9.76768e+00
151.000      9.35041e+00
152.000      8.93136e+00
153.000      8.51312e+00
154.000      8.09877e+00
155.000      7.69309e+00
156.000      7.30321e+00
157.000      6.93838e+00
158.000      6.60925e+00
159.000      6.32672e+00
160.000      6.10076e+00
161.000      5.93894e+00
162.000      5.84458e+00
163.000      5.81491e+00
164.000      5.83976e+00
165.000      5.90198e+00
166.000      5.97990e+00
167.000      6.05157e+00
168.000      6.09945e+00
169.000      6.11387e+00
170.000      6.09405e+00
171.000      6.04670e+00
172.000      5.98285e+00
173.000      5.91460e+00
174.000      5.85270e+00
175.000      5.80581e+00
176.000      5.78114e+00
177.000      5.78610e+00
178.000      5.83007e+00
179.000      5.92535e+00
180.000      6.08636e+00
181.000      6.32658e+00
182.000      6.65350e+00
183.000      7.06309e+00
184.000      7.53601e+00
185.000      8.03773e+00
186.000      8.52355e+00
187.000      8.94782e+00
188.000      9.27478e+00
189.000      9.48766e+00
190.000      9.59346e+00
191.000      9.62193e+00
192.000      9.61951e+00
193.000      9.63992e+00
194.000      9.73365e+00
195.000      9.93823e+00
196.000      1.02707e+01
197.000      1.07233e+01
198.000      1.12632e+01
199.000      1.18379e+01
200.000      1.23835e+01
201.000      1.28383e+01
202.000      1.31551e+01
203.000      1.33112e+01
204.000      1.33127e+01
205.000      1.31918e+01
206.000      1.29983e+01
207.000      1.27874e+01
208.000      1.26083e+01
209.000      1.24953e+01
210.000      1.24641e+01
211.000      1.25128e+01
212.000      1.26264e+01
213.000      1.27831e+01
214.000      1.29600e+01
215.000      1.31376e+01
216.000      1.33012e+01
217.000      1.34409e+01
218.000      1.35503e+01
219.000      1.36247e+01
220.000      1.36600e+01
221.000      1.36523e+01
222.000      1.35993e+01
223.000      1.35018e+01
224.000      1.33646e+01
225.000      1.31978e+01
226.000      1.30158e+01
227.000      1.28364e+01
228.000      1.26781e+01
229.000      1.25575e+01
230.000      1.24867e+01
231.000      1.24716e+01
232.000      1.25112e+01
233.000      1.25989e+01
234.000      1.27242e+01
235.000      1.28747e+01
236.000      1.30372e+01
237.000      1.31972e+01
238.000      1.33384e+01
239.000      1.34422e+01
240.000      1.34890e+01
241.000      1.34616e+01
242.000      1.33492e+01
243.000      1.31508e+01
244.000      1.28762e+01
245.000      1.25435e+01
246.000      1.21744e+01
247.000      1.17882e+01
248.000      1.13972e+01
249.000      1.10054e+01
250.000      1.06111e+01
251.000      1.02118e+01
252.000      9.80932e+00
253.000      9.41291e+00
254.000      9.03905e+00
255.000      8.70732e+00
256.000      8.43436e+00
257.000      8.22834e+00
258.000      8.08610e+00
259.000      7.99401e+00
260.000      7.93184e+00
261.000      7.87797e+00
262.000      7.81357e+00
263.000      7.72441e+00
264.000      7.60024e+00
265.000      7.43280e+00
266.000      7.21422e+00
267.000      6.93714e+00
268.000      6.59668e+00
269.000      6.19359e+00
270.000      5.73718e+00
271.000      5.24688e+00
272.000      4.75160e+00
273.000      4.28710e+00
274.000      3.89173e+00
275.000      3.60132e+00
276.000      3.44380e+00
277.000      3.43444e+00
278.000      3.57238e+00
279.000      3.83947e+00
280.000      4.20178e+00
281.000      4.61403e+00
282.000      5.02618e+00
283.000      5.39092e+00
284.000      5.67068e+00
285.000      5.84284e+00
286.000      5.90222e+00
287.000      5.86055e+00
288.000      5.74285e+00
289.000      5.58154e+00
290.000      5.40916e+00
291.000      5.25148e+00
292.000      5.12258e+00
293.000      5.02352e+00
294.000      4.94514e+00
295.000      4.87423e+00
296.000      4.80102e+00
297.000      4.72537e+00
298.000      4.65900e+00
299.000      4.62287e+00
300.000      4.64029e+00
301.000      4.72836e+00
302.000      4.89098e+00
303.000      5.11595e+00
304.000      5.37755e+00
305.000      5.64343e+00
306.000      5.88396e+00
307.000      6.08063e+00
308.000      6.23142e+00
309.000      6.35115e+00
310.000      6.46720e+00
311.000      6.61163e+00
312.000      6.81228e+00
313.000      7.08568e+00
314.000      7.43385e+00
315.000      7.84585e+00
316.000      8.30301e+00
317.000      8.78549e+00
318.000      9.27751e+00
319.000      9.76945e+00
320.000      1.02570e+01
321.000      1.07382e+01
322.000      1.12116e+01
323.000      1.16749e+01
324.000      1.21265e+01
325.000      1.25675e+01
326.000      1.30027e+01
327.000      1.34406e+01
328.000      1.38907e+01
329.000      1.43610e+01
330.000      1.48544e+01
331.000      1.53685e+01
332.000      1.58957e+01
333.000      1.64257e+01
334.000      1.69482e+01
335.000      1.74550e+01
336.000      1.79419e+01
337.000      1.84084e+01
338.000      1.88576e+01
339.000      1.92950e+01
340.000      1.97267e+01
341.000      2.01575e+01
342.000      2.05874e+01
343.000      2.10093e+01
344.000      2.14066e+01
345.000      2.17534e+01
346.000      2.20176e+01
347.000      2.21658e+01
348.000      2.21705e+01
349.000      2.20142e+01
350.000      2.16927e+01
351.000      2.12129e+01
352.000      2.05907e+01
353.000      1.98463e+01
354.000      1.90030e+01
355.000      1.80862e+01
356.000      1.71244e+01
357.000      1.61486e+01
358.000      1.51906e+01
359.000      1.42783e+01
360.000      1.34315e+01
361.000      1.26586e+01
362.000      1.19563e+01
363.000      1.13129e+01
364.000      1.07139e+01
365.000      1.01477e+01
366.000      9.61053e+00
367.000      9.10624e+00
368.000      8.64385e+00
369.000      8.23166e+00
370.000      7.87150e+00
371.000      7.55518e+00
372.000      7.26535e+00
373.000      6.98078e+00
374.000      6.68463e+00
375.000      6.37285e+00
376.000      6.05974e+00
377.000      5.77816e+00
378.000      5.57421e+00
379.000      5.49707e+00
380.000      5.58672e+00
381.000      5.86253e+00
382.000      6.31540e+00
383.000      6.90559e+00
384.000      7.56692e+00
385.000      8.21671e+00
386.000      8.76940e+00
387.000      9.15097e+00
388.000      9.31081e+00
389.000      9.22854e+00
390.000      8.91447e+00
391.000      8.40444e+00
392.000      7.75090e+00
393.000      7.01299e+00
394.000      6.24783e+00
395.000      5.50437e+00
396.000      4.82012e+00
397.000      4.21988e+00
398.000      3.71587e+00
399.000      3.30867e+00
400.000      2.98865e+00
401.000      2.73829e+00
402.000      2.53540e+00
403.000      2.35718e+00
404.000      2.18448e+00
405.000      2.00548e+00
406.000      1.81776e+00
407.000      1.62813e+00
408.000      1.45008e+00
409.000      1.29926e+00
410.000      1.18826e+00
411.000      1.12207e+00
412.000      1.09582e+00
413.000      1.09531e+00
414.000      1.10061e+00
415.000      1.09128e+00
416.000      1.05175e+00
417.000      9.74987e-01
418.000      8.63535e-01
419.000      7.27748e-01
420.000      5.82171e-01
421.000      4.41445e-01
422.000      3.17033e-01
423.000      2.15540e-01
424.000      1.38686e-01
425.000      8.44393e-02
426.000      4.86439e-02
427.000      2.65132e-02
428.000      1.36719e-02
429.000      6.67001e-03
430.000      3.07855e-03
431.000      1.34427e-03
432.000      5.55326e-04
433.000      2.17034e-04
434.000      8.02464e-05
435.000      2.80699e-05
436.000      9.28913e-06
437.000      2.90821e-06
438.000      8.61381e-07
439.000      2.41369e-07
440.000      6.39862e-08
441.000      1.60475e-08
442.000      3.80757e-09
443.000      8.54682e-10
444.000      1.81501e-10
445.000      3.64646e-11
446.000      6.93077e-12
447.000      1.24626e-12
448.000      2.12009e-13
449.000      3.41206e-14
450.000      5.19513e-15
451.000      7.48333e-16
452.000      1.01979e-16
453.000      1.31475e-17
454.000      1.60359e-18
455.000      1.85039e-19
456.000      2.01998e-20
457.000      2.08618e-21
458.000      2.03832e-22
459.000      1.88413e-23
460.000      1.64766e-24
461.000      1.36314e-25
462.000      1.06692e-26
463.000      7.90027e-28
464.000      5.53438e-29
465.000      3.66786e-30
466.000      2.29972e-31
467.000      1.36413e-32
468.000      7.65511e-34
469.000      4.06412e-35
470.000      2.04126e-36
471.000      9.69948e-38
472.000      4.36030e-39
473.000      1.85439e-40
474.000      7.46111e-42
475.000      2.84004e-43
476.000      1.02273e-44
477.000      3.48431e-46
478.000      1.12303e-47
479.000      3.42437e-49
480.000      9.87846e-51
481.000      2.69597e-52
482.000      6.96079e-54
483.000      1.70028e-55
484.000      3.92915e-57
485.000      8.59003e-59
486.000      1.77668e-60
487.000      3.47648e-62
488.000      6.43560e-64
489.000      1.12708e-65
490.000      1.86741e-67
491.000      2.92713e-69
492.000      4.34072e-71
493.000      6.08974e-73
494.000      8.08265e-75
495.000      1.01491e-76
496.000      1.20563e-78
497.000      1.35495e-80
498.000      1.44062e-82
499.000      1.44908e-84
500.000      1.37896e-86
