# Gaussian folded, width=10 cm^-1
# [cm^-1] arbitrary
0.000      3.00000e+00
1.000      2.91796e+00
2.000      2.68508e+00
3.000      2.33749e+00
4.000      1.92514e+00
5.000      1.50000e+00
6.000      1.10570e+00
7.000      7.71085e-01
8.000      5.08727e-01
9.000      3.17529e-01
10.000      1.87500e-01
11.000      1.04746e-01
12.000      5.53590e-02
13.000      2.76795e-02
14.000      1.30932e-02
15.000      5.85951e-03
16.000      2.48121e-03
17.000      9.95453e-04
18.000      3.82769e-04
19.000      1.55102e-04
20.000      1.07089e-04
21.000      1.91702e-04
22.000      4.88918e-04
23.000      1.25836e-03
24.000      3.09349e-03
25.000      7.21871e-03
26.000      1.59816e-02
27.000      3.35741e-02
28.000      6.69459e-02
29.000      1.26738e-01
30.000      2.27878e-01
31.000      3.89284e-01
32.000      6.32083e-01
33.000      9.75923e-01
34.000      1.43349e+00
35.000      2.00411e+00
36.000      2.66824e+00
37.000      3.38475e+00
38.000      4.09308e+00
39.000      4.72073e+00
40.000      5.19515e+00
41.000      5.45737e+00
42.000      5.47391e+00
43.000      5.24361e+00
44.000      4.79759e+00
45.000      4.19246e+00
46.000      3.49871e+00
47.000      2.78763e+00
48.000      2.11985e+00
49.000      1.53795e+00
50.000      1.06408e+00
51.000      7.01938e-01
52.000      4.41790e-01
53.000      2.66446e-01
54.000      1.56868e-01
55.000      9.63959e-02
56.000      7.34308e-02
57.000      8.27622e-02
58.000      1.25908e-01
59.000      2.10663e-01
60.000      3.49824e-01
61.000      5.58909e-01
62.000      8.52744e-01
63.000      1.24115e+00
64.000      1.72441e+00
65.000      2.28965e+00
66.000      2.90913e+00
67.000      3.54145e+00
68.000      4.13558e+00
69.000      4.63717e+00
70.000      4.99603e+00
71.000      5.17356e+00
72.000      5.14888e+00
73.000      4.92255e+00
74.000      4.51733e+00
75.000      3.97518e+00
76.000      3.35110e+00
77.000      2.70471e+00
78.000      2.09161e+00
79.000      1.55668e+00
80.000      1.13066e+00
81.000      8.30774e-01
82.000      6.63954e-01
83.000      6.31224e-01
84.000      7.30972e-01
85.000      9.59892e-01
86.000      1.31136e+00
87.000      1.77220e+00
88.000      2.31948e+00
89.000      2.91906e+00
90.000      3.52693e+00
91.000      4.09331e+00
92.000      4.56873e+00
93.000      4.91067e+00
94.000      5.08977e+00
95.000      5.09473e+00
96.000      4.93546e+00
97.000      4.64415e+00
98.000      4.27337e+00
99.000      3.89091e+00
100.000      3.57136e+00
101.000      3.38554e+00
102.000      3.39010e+00
103.000      3.61954e+00
104.000      4.08250e+00
105.000      4.76262e+00
106.000      5.62291e+00
107.000      6.61134e+00
108.000      7.66615e+00
109.000      8.72004e+00
110.000      9.70427e+00
111.000      1.05540e+01
112.000      1.12158e+01
113.000      1.16567e+01
114.000      1.18716e+01
115.000      1.18859e+01
116.000      1.17501e+01
117.000      1.15273e+01
118.000      1.12761e+01
119.000      1.10349e+01
120.000      1.08129e+01
121.000      1.05909e+01
122.000      1.03319e+01
123.000      9.99737e+00
124.000      9.56391e+00
125.000      9.03515e+00
126.000      8.44479e+00
127.000      7.85060e+00
128.000      7.32130e+00
129.000      6.92035e+00
130.000      6.69137e+00
131.000      6.64925e+00
132.000      6.77902e+00
133.000      7.04251e+00
134.000      7.39046e+00
135.000      7.77607e+00
136.000      8.16586e+00
137.000      8.54436e+00
138.000      8.91175e+00
139.000      9.27572e+00
140.000      9.64147e+00
141.000      1.00039e+01
142.000      1.03451e+01
143.000      1.06387e+01
144.000      1.08577e+01
145.000      1.09834e+01
146.000      1.10119e+01
147.000      1.09546e+01
148.000      1.08341e+01
149.000      1.06774e+01
150.000      1.05096e+01
151.000      1.03505e+01
152.000      1.02144e+01
153.000      1.01126e+01
154.000      1.00560e+01
155.000      1.00548e+01
156.000      1.01166e+01
157.000      1.02424e+01
158.000      1.04234e+01
159.000      1.06401e+01
160.000      1.08654e+01
161.000      1.10693e+01
162.000      1.12248e+01
163.000      1.13118e+01
164.000      1.13197e+01
165.000      1.12460e+01
166.000      1.10938e+01
167.000      1.08681e+01
168.000      1.05726e+01
169.000      1.02086e+01
170.000      9.77499e+00
171.000      9.27198e+00
172.000      8.70476e+00
173.000      8.08727e+00
174.000      7.44352e+00
175.000      6.80555e+00
176.000      6.20851e+00
177.000      5.68421e+00
178.000      5.25581e+00
179.000      4.93525e+00
180.000      4.72420e+00
181.000      4.61746e+00
182.000      4.60665e+00
183.000      4.68216e+00
184.000      4.83235e+00
185.000      5.04085e+00
186.000      5.28375e+00
187.000      5.52923e+00
188.000      5.74086e+00
189.000      5.88427e+00
190.000      5.93514e+00
191.000      5.88547e+00
192.000      5.74581e+00
193.000      5.54236e+00
194.000      5.31008e+00
195.000      5.08414e+00
196.000      4.89284e+00
197.000      4.75381e+00
198.000      4.67407e+00
199.000      4.65261e+00
200.000      4.68347e+00
201.000      4.75760e+00
202.000      4.86295e+00
203.000      4.98331e+00
204.000      5.09776e+00
205.000      5.18188e+00
206.000      5.21169e+00
207.000      5.16931e+00
208.000      5.04879e+00
209.000      4.85971e+00
210.000      4.62683e+00
211.000      4.38501e+00
212.000      4.17063e+00
213.000      4.01168e+00
214.000      3.91978e+00
215.000      3.88653e+00
216.000      3.88546e+00
217.000      3.87876e+00
218.000      3.82692e+00
219.000      3.69820e+00
220.000      3.47569e+00
221.000      3.16036e+00
222.000      2.76971e+00
223.000      2.33311e+00
224.000      1.88505e+00
225.000      1.45834e+00
226.000      1.07878e+00
227.000      7.62093e-01
228.000      5.13582e-01
229.000      3.29850e-01
230.000      2.01720e-01
231.000      1.17374e-01
232.000      6.49356e-02
233.000      3.41366e-02
234.000      1.70433e-02
235.000      8.07746e-03
236.000      3.63254e-03
237.000      1.54954e-03
238.000      6.26788e-04
239.000      2.40349e-04
240.000      8.73507e-05
241.000      3.00817e-05
242.000      9.81459e-06
243.000      3.03323e-06
244.000      8.87857e-07
245.000      2.46111e-07
246.000      6.45987e-08
247.000      1.60558e-08
248.000      3.78908e-09
249.000      9.04750e-10
250.000      4.93983e-10
251.000      1.52898e-09
252.000      6.67354e-09
253.000      2.81602e-08
254.000      1.12545e-07
255.000      4.25639e-07
256.000      1.52325e-06
257.000      5.15846e-06
258.000      1.65307e-05
259.000      5.01290e-05
260.000      1.43855e-04
261.000      3.90668e-04
262.000      1.00406e-03
263.000      2.44229e-03
264.000      5.62292e-03
265.000      1.22547e-02
266.000      2.52866e-02
267.000      4.94120e-02
268.000      9.14708e-02
269.000      1.60495e-01
270.000      2.67111e-01
271.000      4.22118e-01
272.000      6.34370e-01
273.000      9.08524e-01
274.000      1.24358e+00
275.000      1.63311e+00
276.000      2.06760e+00
277.000      2.53797e+00
278.000      3.03864e+00
279.000      3.56784e+00
280.000      4.12379e+00
281.000      4.69777e+00
282.000      5.26723e+00
283.000      5.79333e+00
284.000      6.22658e+00
285.000      6.52098e+00
286.000      6.65267e+00
287.000      6.63660e+00
288.000      6.53373e+00
289.000      6.44455e+00
290.000      6.48919e+00
291.000      6.77941e+00
292.000      7.39049e+00
293.000      8.34136e+00
294.000      9.58791e+00
295.000      1.10308e+01
296.000      1.25342e+01
297.000      1.39499e+01
298.000      1.51402e+01
299.000      1.59960e+01
300.000      1.64481e+01
301.000      1.64725e+01
302.000      1.60923e+01
303.000      1.53766e+01
304.000      1.44352e+01
305.000      1.34075e+01
306.000      1.24444e+01
307.000      1.16845e+01
308.000      1.12277e+01
309.000      1.11151e+01
310.000      1.13191e+01
311.000      1.17496e+01
312.000      1.22745e+01
313.000      1.27513e+01
314.000      1.30604e+01
315.000      1.31337e+01
316.000      1.29716e+01
317.000      1.26425e+01
318.000      1.22687e+01
319.000      1.19998e+01
320.000      1.19817e+01
321.000      1.23296e+01
322.000      1.31104e+01
323.000      1.43386e+01
324.000      1.59828e+01
325.000      1.79785e+01
326.000      2.02416e+01
327.000      2.26756e+01
328.000      2.51748e+01
329.000      2.76235e+01
330.000      2.98975e+01
331.000      3.18708e+01
332.000      3.34288e+01
333.000      3.44836e+01
334.000      3.49888e+01
335.000      3.49469e+01
336.000      3.44081e+01
337.000      3.34599e+01
338.000      3.22134e+01
339.000      3.07875e+01
340.000      2.92973e+01
341.000      2.78454e+01
342.000      2.65184e+01
343.000      2.53846e+01
344.000      2.44932e+01
345.000      2.38753e+01
346.000      2.35451e+01
347.000      2.35024e+01
348.000      2.37342e+01
349.000      2.42153e+01
350.000      2.49058e+01
351.000      2.57483e+01
352.000      2.66673e+01
353.000      2.75713e+01
354.000      2.83617e+01
355.000      2.89449e+01
356.000      2.92457e+01
357.000      2.92171e+01
358.000      2.88436e+01
359.000      2.81385e+01
360.000      2.71350e+01
361.000      2.58764e+01
362.000      2.44085e+01
363.000      2.27750e+01
364.000      2.10186e+01
365.000      1.91842e+01
366.000      1.73219e+01
367.000      1.54873e+01
368.000      1.37391e+01
369.000      1.21330e+01
370.000      1.07151e+01
371.000      9.51728e+00
372.000      8.55592e+00
373.000      7.83369e+00
374.000      7.34374e+00
375.000      7.07395e+00
376.000      7.01032e+00
377.000      7.13922e+00
378.000      7.44947e+00
379.000      7.93485e+00
380.000      8.59638e+00
381.000      9.44257e+00
382.000      1.04854e+01
383.000      1.17312e+01
384.000      1.31690e+01
385.000      1.47608e+01
386.000      1.64404e+01
387.000      1.81220e+01
388.000      1.97188e+01
389.000      2.11615e+01
390.000      2.24097e+01
391.000      2.34493e+01
392.000      2.42755e+01
393.000      2.48710e+01
394.000      2.51899e+01
395.000      2.51567e+01
396.000      2.46827e+01
397.000      2.36958e+01
398.000      2.21697e+01
399.000      2.01440e+01
400.000      1.77263e+01
401.000      1.50765e+01
402.000      1.23792e+01
403.000      9.81273e+00
404.000      7.52377e+00
405.000      5.61080e+00
406.000      4.11962e+00
407.000      3.04785e+00
408.000      2.35558e+00
409.000      1.97825e+00
410.000      1.83937e+00
411.000      1.86124e+00
412.000      1.97345e+00
413.000      2.11877e+00
414.000      2.25661e+00
415.000      2.36399e+00
416.000      2.43407e+00
417.000      2.47264e+00
418.000      2.49325e+00
419.000      2.51198e+00
420.000      2.54259e+00
421.000      2.59289e+00
422.000      2.66270e+00
423.000      2.74363e+00
424.000      2.82072e+00
425.000      2.87557e+00
426.000      2.89026e+00
427.000      2.85108e+00
428.000      2.75099e+00
429.000      2.59043e+00
430.000      2.37658e+00
431.000      2.12166e+00
432.000      1.84106e+00
433.000      1.55185e+00
434.000      1.27153e+00
435.000      1.01704e+00
436.000      8.03557e-01
437.000      6.43209e-01
438.000      5.43777e-01
439.000      5.07501e-01
440.000      5.30250e-01
441.000      6.01244e-01
442.000      7.03627e-01
443.000      8.16165e-01
444.000      9.16164e-01
445.000      9.83238e-01
446.000      1.00310e+00
447.000      9.70251e-01
448.000      8.88723e-01
449.000      7.70471e-01
450.000      6.32047e-01
451.000      4.90567e-01
452.000      3.60233e-01
453.000      2.50261e-01
454.000      1.64484e-01
455.000      1.02276e-01
456.000      6.01648e-02
457.000      3.34833e-02
458.000      1.76292e-02
459.000      8.78121e-03
460.000      4.13803e-03
461.000      1.84481e-03
462.000      7.78082e-04
463.000      3.10469e-04
464.000      1.17200e-04
465.000      4.18557e-05
466.000      1.41416e-05
467.000      4.52025e-06
468.000      1.36692e-06
469.000      3.91057e-07
470.000      1.05841e-07
471.000      2.71012e-08
472.000      6.56507e-09
473.000      1.50455e-09
474.000      3.26207e-10
475.000      6.69109e-11
476.000      1.29843e-11
477.000      2.38373e-12
478.000      4.14012e-13
479.000      6.80279e-14
480.000      1.05749e-14
481.000      1.55520e-15
482.000      2.16378e-16
483.000      2.84812e-17
484.000      3.54666e-18
485.000      4.17830e-19
486.000      4.65689e-20
487.000      4.91033e-21
488.000      4.89828e-22
489.000      4.62267e-23
490.000      4.12725e-24
491.000      3.48615e-25
492.000      2.78579e-26
493.000      2.10605e-27
494.000      1.50628e-28
495.000      1.01921e-29
496.000      6.52431e-31
497.000      3.95117e-32
498.000      2.26378e-33
499.000      1.22704e-34
500.000      6.29220e-36
