# Gaussian folded, width=10 cm^-1
# [cm^-1] arbitrary
0.000      3.00000e+00
1.000      2.91796e+00
2.000      2.68508e+00
3.000      2.33749e+00
4.000      1.92514e+00
5.000      1.50000e+00
6.000      1.10570e+00
7.000      7.71085e-01
8.000      5.08727e-01
9.000      3.17529e-01
10.000      1.87500e-01
11.000      1.04746e-01
12.000      5.53591e-02
13.000      2.76797e-02
14.000      1.30940e-02
15.000      5.86225e-03
16.000      2.49027e-03
17.000      1.02384e-03
18.000      4.67076e-04
19.000      3.92226e-04
20.000      7.38776e-04
21.000      1.78550e-03
22.000      4.29732e-03
23.000      9.87618e-03
24.000      2.15582e-02
25.000      4.46731e-02
26.000      8.78884e-02
27.000      1.64190e-01
28.000      2.91325e-01
29.000      4.91033e-01
30.000      7.86382e-01
31.000      1.19684e+00
32.000      1.73146e+00
33.000      2.38151e+00
34.000      3.11494e+00
35.000      3.87525e+00
36.000      4.58664e+00
37.000      5.16567e+00
38.000      5.53710e+00
39.000      5.64998e+00
40.000      5.48905e+00
41.000      5.07811e+00
42.000      4.47424e+00
43.000      3.75488e+00
44.000      3.00170e+00
45.000      2.28596e+00
46.000      1.65875e+00
47.000      1.14759e+00
48.000      7.58829e-01
49.000      4.83779e-01
50.000      3.06260e-01
51.000      2.09553e-01
52.000      1.81583e-01
53.000      2.17882e-01
54.000      3.22265e-01
55.000      5.05354e-01
56.000      7.81085e-01
57.000      1.16154e+00
58.000      1.65084e+00
59.000      2.23930e+00
60.000      2.89948e+00
61.000      3.58577e+00
62.000      4.23817e+00
63.000      4.79041e+00
64.000      5.18063e+00
65.000      5.36245e+00
66.000      5.31372e+00
67.000      5.04081e+00
68.000      4.57740e+00
69.000      3.97825e+00
70.000      3.30943e+00
71.000      2.63766e+00
72.000      2.02123e+00
73.000      1.50435e+00
74.000      1.11581e+00
75.000      8.71056e-01
76.000      7.76137e-01
77.000      8.31391e-01
78.000      1.03316e+00
79.000      1.37289e+00
80.000      1.83420e+00
81.000      2.38954e+00
82.000      2.99850e+00
83.000      3.60959e+00
84.000      4.16601e+00
85.000      4.61473e+00
86.000      4.91673e+00
87.000      5.05565e+00
88.000      5.04255e+00
89.000      4.91533e+00
90.000      4.73312e+00
91.000      4.56697e+00
92.000      4.48893e+00
93.000      4.56142e+00
94.000      4.82842e+00
95.000      5.30947e+00
96.000      5.99699e+00
97.000      6.85750e+00
98.000      7.83676e+00
99.000      8.86842e+00
100.000      9.88455e+00
101.000      1.08259e+01
102.000      1.16490e+01
103.000      1.23292e+01
104.000      1.28577e+01
105.000      1.32352e+01
106.000      1.34652e+01
107.000      1.35482e+01
108.000      1.34804e+01
109.000      1.32554e+01
110.000      1.28690e+01
111.000      1.23244e+01
112.000      1.16367e+01
113.000      1.08343e+01
114.000      9.96004e+00
115.000      9.06817e+00
116.000      8.22045e+00
117.000      7.47951e+00
118.000      6.90089e+00
119.000      6.52525e+00
120.000      6.37242e+00
121.000      6.43935e+00
122.000      6.70248e+00
123.000      7.12402e+00
124.000      7.66006e+00
125.000      8.26828e+00
126.000      8.91316e+00
127.000      9.56780e+00
128.000      1.02127e+01
129.000      1.08331e+01
130.000      1.14158e+01
131.000      1.19472e+01
132.000      1.24131e+01
133.000      1.27995e+01
134.000      1.30946e+01
135.000      1.32900e+01
136.000      1.33823e+01
137.000      1.33740e+01
138.000      1.32740e+01
139.000      1.30964e+01
140.000      1.28601e+01
141.000      1.25864e+01
142.000      1.22962e+01
143.000      1.20082e+01
144.000      1.17360e+01
145.000      1.14874e+01
146.000      1.12637e+01
147.000      1.10599e+01
148.000      1.08650e+01
149.000      1.06630e+01
150.000      1.04357e+01
151.000      1.01653e+01
152.000      9.83959e+00
153.000      9.45549e+00
154.000      9.02244e+00
155.000      8.56222e+00
156.000      8.10604e+00
157.000      7.68898e+00
158.000      7.34354e+00
159.000      7.09391e+00
160.000      6.95229e+00
161.000      6.91787e+00
162.000      6.97811e+00
163.000      7.11165e+00
164.000      7.29200e+00
165.000      7.49149e+00
166.000      7.68475e+00
167.000      7.85144e+00
168.000      7.97775e+00
169.000      8.05636e+00
170.000      8.08521e+00
171.000      8.06555e+00
172.000      8.00027e+00
173.000      7.89311e+00
174.000      7.74904e+00
175.000      7.57542e+00
176.000      7.38318e+00
177.000      7.18692e+00
178.000      7.00372e+00
179.000      6.85049e+00
180.000      6.74079e+00
181.000      6.68215e+00
182.000      6.67483e+00
183.000      6.71225e+00
184.000      6.78277e+00
185.000      6.87202e+00
186.000      6.96500e+00
187.000      7.04745e+00
188.000      7.10692e+00
189.000      7.13363e+00
190.000      7.12158e+00
191.000      7.06952e+00
192.000      6.98136e+00
193.000      6.86527e+00
194.000      6.73148e+00
195.000      6.58944e+00
196.000      6.44534e+00
197.000      6.30139e+00
198.000      6.15707e+00
199.000      6.01214e+00
200.000      5.87012e+00
201.000      5.74077e+00
202.000      5.64073e+00
203.000      5.59199e+00
204.000      5.61838e+00
205.000      5.74104e+00
206.000      5.97375e+00
207.000      6.31892e+00
208.000      6.76544e+00
209.000      7.28887e+00
210.000      7.85441e+00
211.000      8.42209e+00
212.000      8.95302e+00
213.000      9.41521e+00
214.000      9.78732e+00
215.000      1.00595e+01
216.000      1.02317e+01
217.000      1.03092e+01
218.000      1.02994e+01
219.000      1.02084e+01
220.000      1.00412e+01
221.000      9.80428e+00
222.000      9.50993e+00
223.000      9.18045e+00
224.000      8.84970e+00
225.000      8.56038e+00
226.000      8.35659e+00
227.000      8.27324e+00
228.000      8.32552e+00
229.000      8.50205e+00
230.000      8.76442e+00
231.000      9.05378e+00
232.000      9.30273e+00
233.000      9.44925e+00
234.000      9.44908e+00
235.000      9.28396e+00
236.000      8.96427e+00
237.000      8.52632e+00
238.000      8.02516e+00
239.000      7.52428e+00
240.000      7.08414e+00
241.000      6.75139e+00
242.000      6.55111e+00
243.000      6.48362e+00
244.000      6.52658e+00
245.000      6.64155e+00
246.000      6.78310e+00
247.000      6.90787e+00
248.000      6.98165e+00
249.000      6.98335e+00
250.000      6.90599e+00
251.000      6.75547e+00
252.000      6.54808e+00
253.000      6.30703e+00
254.000      6.05820e+00
255.000      5.82534e+00
256.000      5.62495e+00
257.000      5.46240e+00
258.000      5.33064e+00
259.000      5.21235e+00
260.000      5.08562e+00
261.000      4.93131e+00
262.000      4.73948e+00
263.000      4.51259e+00
264.000      4.26406e+00
265.000      4.01292e+00
266.000      3.77663e+00
267.000      3.56494e+00
268.000      3.37678e+00
269.000      3.20117e+00
270.000      3.02125e+00
271.000      2.81993e+00
272.000      2.58525e+00
273.000      2.31398e+00
274.000      2.01281e+00
275.000      1.69710e+00
276.000      1.38813e+00
277.000      1.10957e+00
278.000      8.84460e-01
279.000      7.33174e-01
280.000      6.72704e-01
281.000      7.16871e-01
282.000      8.76789e-01
283.000      1.16086e+00
284.000      1.57373e+00
285.000      2.11417e+00
286.000      2.77208e+00
287.000      3.52567e+00
288.000      4.33986e+00
289.000      5.16736e+00
290.000      5.95312e+00
291.000      6.64230e+00
292.000      7.19005e+00
293.000      7.57060e+00
294.000      7.78274e+00
295.000      7.84945e+00
296.000      7.81169e+00
297.000      7.71815e+00
298.000      7.61432e+00
299.000      7.53418e+00
300.000      7.49639e+00
301.000      7.50532e+00
302.000      7.55533e+00
303.000      7.63671e+00
304.000      7.74126e+00
305.000      7.86643e+00
306.000      8.01722e+00
307.000      8.20529e+00
308.000      8.44531e+00
309.000      8.74947e+00
310.000      9.12153e+00
311.000      9.55307e+00
312.000      1.00234e+01
313.000      1.05039e+01
314.000      1.09654e+01
315.000      1.13870e+01
316.000      1.17622e+01
317.000      1.21013e+01
318.000      1.24298e+01
319.000      1.27819e+01
320.000      1.31925e+01
321.000      1.36898e+01
322.000      1.42904e+01
323.000      1.49981e+01
324.000      1.58062e+01
325.000      1.67016e+01
326.000      1.76680e+01
327.000      1.86870e+01
328.000      1.97364e+01
329.000      2.07877e+01
330.000      2.18044e+01
331.000      2.27448e+01
332.000      2.35669e+01
333.000      2.42364e+01
334.000      2.47330e+01
335.000      2.50532e+01
336.000      2.52097e+01
337.000      2.52273e+01
338.000      2.51387e+01
339.000      2.49804e+01
340.000      2.47899e+01
341.000      2.46035e+01
342.000      2.44535e+01
343.000      2.43663e+01
344.000      2.43590e+01
345.000      2.44389e+01
346.000      2.46035e+01
347.000      2.48411e+01
348.000      2.51323e+01
349.000      2.54504e+01
350.000      2.57613e+01
351.000      2.60234e+01
352.000      2.61894e+01
353.000      2.62104e+01
354.000      2.60416e+01
355.000      2.56489e+01
356.000      2.50150e+01
357.000      2.41414e+01
358.000      2.30490e+01
359.000      2.17738e+01
360.000      2.03632e+01
361.000      1.88698e+01
362.000      1.73471e+01
363.000      1.58459e+01
364.000      1.44109e+01
365.000      1.30789e+01
366.000      1.18763e+01
367.000      1.08182e+01
368.000      9.90789e+00
369.000      9.13695e+00
370.000      8.48856e+00
371.000      7.94206e+00
372.000      7.47926e+00
373.000      7.09073e+00
374.000      6.78010e+00
375.000      6.56475e+00
376.000      6.47262e+00
377.000      6.53586e+00
378.000      6.78338e+00
379.000      7.23414e+00
380.000      7.89259e+00
381.000      8.74634e+00
382.000      9.76606e+00
383.000      1.09069e+01
384.000      1.21117e+01
385.000      1.33148e+01
386.000      1.44479e+01
387.000      1.54442e+01
388.000      1.62427e+01
389.000      1.67906e+01
390.000      1.70436e+01
391.000      1.69683e+01
392.000      1.65449e+01
393.000      1.57736e+01
394.000      1.46815e+01
395.000      1.33268e+01
396.000      1.17972e+01
397.000      1.02014e+01
398.000      8.65329e+00
399.000      7.25320e+00
400.000      6.07271e+00
401.000      5.14601e+00
402.000      4.47067e+00
403.000      4.01614e+00
404.000      3.73642e+00
405.000      3.58221e+00
406.000      3.50942e+00
407.000      3.48269e+00
408.000      3.47496e+00
409.000      3.46522e+00
410.000      3.43658e+00
411.000      3.37577e+00
412.000      3.27385e+00
413.000      3.12726e+00
414.000      2.93799e+00
415.000      2.71249e+00
416.000      2.45970e+00
417.000      2.18915e+00
418.000      1.90996e+00
419.000      1.63096e+00
420.000      1.36155e+00
421.000      1.11235e+00
422.000      8.95151e-01
423.000      7.21697e-01
424.000      6.01831e-01
425.000      5.41334e-01
426.000      5.40101e-01
427.000      5.91061e-01
428.000      6.80175e-01
429.000      7.87769e-01
430.000      8.91237e-01
431.000      9.68805e-01
432.000      1.00359e+00
433.000      9.86864e-01
434.000      9.19493e-01
435.000      8.11084e-01
436.000      6.77085e-01
437.000      5.34814e-01
438.000      3.99678e-01
439.000      2.82585e-01
440.000      1.89022e-01
441.000      1.19617e-01
442.000      7.16138e-02
443.000      4.05618e-02
444.000      2.17348e-02
445.000      1.10182e-02
446.000      5.28426e-03
447.000      2.39759e-03
448.000      1.02916e-03
449.000      4.17937e-04
450.000      1.60566e-04
451.000      5.83601e-05
452.000      2.00676e-05
453.000      6.52817e-06
454.000      2.00912e-06
455.000      5.84976e-07
456.000      1.61134e-07
457.000      4.19909e-08
458.000      1.03524e-08
459.000      2.41458e-09
460.000      5.32797e-10
461.000      1.11224e-10
462.000      2.19662e-11
463.000      4.10419e-12
464.000      7.25467e-13
465.000      1.21318e-13
466.000      1.91934e-14
467.000      2.87273e-15
468.000      4.06776e-16
469.000      5.44921e-17
470.000      6.90605e-18
471.000      8.28024e-19
472.000      9.39235e-20
473.000      1.00791e-20
474.000      1.02327e-21
475.000      9.82818e-23
476.000      8.93048e-24
477.000      7.67704e-25
478.000      6.24354e-26
479.000      4.80380e-27
480.000      3.49669e-28
481.000      2.40795e-29
482.000      1.56875e-30
483.000      9.66893e-32
484.000      5.63795e-33
485.000      3.11015e-34
486.000      1.62315e-35
487.000      8.01408e-37
488.000      3.74340e-38
489.000      1.65423e-39
490.000      6.91584e-41
491.000      2.73533e-42
492.000      1.02351e-43
493.000      3.62322e-45
494.000      1.21342e-46
495.000      3.84458e-48
496.000      1.15240e-49
497.000      3.26793e-51
498.000      8.76722e-53
499.000      2.22520e-54
500.000      5.34309e-56
