4.500000000000000000e+01
4.376940000000000452e+01
4.027619999999999578e+01
3.506234999999999502e+01
2.887709999999999511e+01
2.250000000000000000e+01
1.658550000000000324e+01
1.156627499999999920e+01
7.630905000000002936e+00
4.762950000000000017e+00
2.812506000000000395e+00
1.571211000000000135e+00
8.304804000000001185e-01
4.155025999999999997e-01
1.973551000000000055e-01
9.069278999999998148e-02
4.498621000000001258e-02
3.535760000000000292e-02
5.665315999999998714e-02
1.226181299999999919e-01
2.710357999999999934e-01
5.749410999999999827e-01
1.158728500000000050e+00
2.215459999999999763e+00
4.017933999999999450e+00
6.912219000000000335e+00
1.128077500000000022e+01
1.746617999999999782e+01
2.565803999999999974e+01
3.576382999999999868e+01
4.730257000000000289e+01
5.937027000000000498e+01
7.071587999999999852e+01
7.993680000000000518e+01
8.575779000000001417e+01
8.731941999999999382e+01
8.438599000000000672e+01
7.740469999999999118e+01
6.739574999999999250e+01
5.571222000000000207e+01
4.374941000000000457e+01
3.269335999999999842e+01
2.337204999999999799e+01
1.623085000000000377e+01
1.140994400000000120e+01
8.874901999999998736e+00
8.545498000000000260e+00
1.037924499999999917e+01
1.438589200000000190e+01
2.057207999999999970e+01
2.883628000000000213e+01
3.885047000000000139e+01
4.997464000000000084e+01
6.124650999999999357e+01
7.147096000000000515e+01
7.940354000000000667e+01
8.398776000000000863e+01
8.458079999999998222e+01
8.109972999999999388e+01
7.404181000000001234e+01
6.437288999999999817e+01
5.332058999999999571e+01
4.213648999999998779e+01
3.189590000000000103e+01
2.338187999999999889e+01
1.706718000000000401e+01
1.317254900000000184e+01
1.176068400000000125e+01
1.281900100000000187e+01
1.629824500000000498e+01
2.209485000000000099e+01
2.998996999999999602e+01
3.957760999999999996e+01
5.022330999999999790e+01
6.108952999999998923e+01
7.124383000000000266e+01
7.983632999999997537e+01
8.630355000000000132e+01
9.053726000000001761e+01
9.295919000000000665e+01
9.446524999999999750e+01
9.624288999999998850e+01
9.950624000000000535e+01
1.052218599999999782e+02
1.139022299999999888e+02
1.255198999999999785e+02
1.395553299999999979e+02
1.551466100000000097e+02
1.712815000000000225e+02
1.869656999999999698e+02
2.013298000000000343e+02
2.136591000000000236e+02
2.233738999999999635e+02
2.299970999999999890e+02
2.331446999999999719e+02
2.325593000000000359e+02
2.281757000000000346e+02
2.201929000000000087e+02
2.091223999999999990e+02
1.957734000000000094e+02
1.811741999999999848e+02
1.664429999999999836e+02
1.526401400000000308e+02
1.406469699999999818e+02
1.311035899999999970e+02
1.244126600000000025e+02
1.207940099999999859e+02
1.203522599999999869e+02
1.231197699999999884e+02
1.290517800000000079e+02
1.379778099999999768e+02
1.495370099999999809e+02
1.631359000000000492e+02
1.779629000000000190e+02
1.930655999999999608e+02
2.074779000000000053e+02
2.203573000000000093e+02
2.310922999999999945e+02
2.393545000000000016e+02
2.450829999999999984e+02
2.484242999999999881e+02
2.496464000000000283e+02
2.490611000000000672e+02
2.469665999999999997e+02
2.436260999999999797e+02
2.392652999999999963e+02
2.340908000000000015e+02
2.283108000000000288e+02
2.221516999999999769e+02
2.158608000000000118e+02
2.096910999999999490e+02
2.038711999999999875e+02
1.985630999999999915e+02
1.938310999999999922e+02
1.896219000000000108e+02
1.857780999999999949e+02
1.820783000000000413e+02
1.782954999999999757e+02
1.742549999999999955e+02
1.698739999999999952e+02
1.651714800000000309e+02
1.602447400000000073e+02
1.552250099999999975e+02
1.502270499999999913e+02
1.453139600000000087e+02
1.404859799999999836e+02
1.356956399999999974e+02
1.308833999999999946e+02
1.260140400000000227e+02
1.211040100000000024e+02
1.162263899999999950e+02
1.114943199999999734e+02
1.070293699999999859e+02
1.029256799999999998e+02
9.922182000000000812e+01
9.588772000000000162e+01
9.283089000000001079e+01
8.992082999999999515e+01
8.702696000000000254e+01
8.406277999999998940e+01
8.102663999999998623e+01
7.802854999999999563e+01
7.529431999999999903e+01
7.314240000000000919e+01
7.193500000000000227e+01
7.201243999999999801e+01
7.362520000000000664e+01
7.688017999999999574e+01
8.171572999999999354e+01
8.791236999999999568e+01
9.513653000000000759e+01
1.030059200000000033e+02
1.111585400000000163e+02
1.193081899999999962e+02
1.272744300000000237e+02
1.349827899999999943e+02
1.424407999999999959e+02
1.496994300000000067e+02
1.568138399999999990e+02
1.638127499999999941e+02
1.706851999999999805e+02
1.773842000000000212e+02
1.838421999999999912e+02
1.899915999999999769e+02
1.957791999999999746e+02
2.011706999999999823e+02
2.061525000000000318e+02
2.107220000000000368e+02
2.148933999999999855e+02
2.187022000000000332e+02
2.222188000000000159e+02
2.255611999999999853e+02
2.288942999999999870e+02
2.324205000000000325e+02
2.363567000000000178e+02
2.409073999999999671e+02
2.462327999999999975e+02
2.524183000000000163e+02
2.594433999999999401e+02
2.671500000000000341e+02
2.752199999999999704e+02
2.831659999999999968e+02
2.903528000000000020e+02
2.960514999999999759e+02
2.995251000000000090e+02
3.001356999999999857e+02
2.974501000000000204e+02
2.913250000000000455e+02
2.819474000000000729e+02
2.698237000000000307e+02
2.557134000000000356e+02
2.405252999999999872e+02
2.251973000000000127e+02
2.105892000000000337e+02
1.974188000000000329e+02
1.862372000000000014e+02
1.774441799999999887e+02
1.713093799999999760e+02
1.679780700000000024e+02
1.674480800000000045e+02
1.695338100000000168e+02
1.738385199999999600e+02
1.797713500000000124e+02
1.866189099999999712e+02
1.936620000000000061e+02
2.003040000000000020e+02
2.061745999999999981e+02
2.111742999999999597e+02
2.154585999999999899e+02
2.193653999999999655e+02
2.233139999999999930e+02
2.277013000000000034e+02
2.328151000000000010e+02
2.387754999999999939e+02
2.455130000000000052e+02
2.527828000000000088e+02
2.602117999999999824e+02
2.673679999999999950e+02
2.738403000000000134e+02
2.793085999999999558e+02
2.835903000000000134e+02
2.866517999999999233e+02
2.885855999999999995e+02
2.895591999999999757e+02
2.897479000000000156e+02
2.892669999999999959e+02
2.881179999999999950e+02
2.861572999999999638e+02
2.831005000000000109e+02
2.785578999999999041e+02
2.721072999999999524e+02
2.633888000000000034e+02
2.522057999999999538e+02
2.386062000000000012e+02
2.229232000000000369e+02
2.057574999999999648e+02
1.879039000000000215e+02
1.702337499999999864e+02
1.535667199999999752e+02
1.385594600000000014e+02
1.256306600000000202e+02
1.149373300000000029e+02
1.063933399999999949e+02
9.972386000000000195e+01
9.454032999999998310e+01
9.042499999999999716e+01
8.701494000000000995e+01
8.407707000000000619e+01
8.156457999999999231e+01
7.964410000000000878e+01
7.868397000000000219e+01
7.919819999999999993e+01
8.174709000000001424e+01
8.680844000000000449e+01
9.464306999999999448e+01
1.051857100000000003e+02
1.179909499999999980e+02
1.322537599999999998e+02
1.469038199999999676e+02
1.607571700000000021e+02
1.726892199999999775e+02
1.817927099999999712e+02
1.874912099999999668e+02
1.895843700000000354e+02
1.882342100000000187e+02
1.838938200000000336e+02
1.772063399999999831e+02
1.688977999999999895e+02
1.596788500000000113e+02
1.501720699999999624e+02
1.408643299999999954e+02
1.320866199999999822e+02
1.240119400000000098e+02
1.166680099999999953e+02
1.099646700000000124e+02
1.037334500000000048e+02
9.777714000000001704e+01
9.192210999999998933e+01
8.606244000000000938e+01
8.018538000000002341e+01
7.437294999999998879e+01
6.878042999999999552e+01
6.360108999999999213e+01
5.902772999999999826e+01
5.522020999999998736e+01
5.228443000000000040e+01
5.026175999999998822e+01
4.912734000000000378e+01
4.879349999999999454e+01
4.911896000000000129e+01
4.992389000000000721e+01
5.101337000000000188e+01
5.220670000000000499e+01
5.336945000000000761e+01
5.443984999999999985e+01
5.544176999999999822e+01
5.647968999999999795e+01
5.771497000000000099e+01
5.932997999999999905e+01
6.148881000000000085e+01
6.430538999999998850e+01
6.782698999999999501e+01
7.203611999999999682e+01
7.686952000000000851e+01
8.224763000000000090e+01
8.810643000000000313e+01
9.442207999999999402e+01
1.012211400000000054e+02
1.085725300000000004e+02
1.165610499999999945e+02
1.252488399999999871e+02
1.346348800000000097e+02
1.446259099999999762e+02
1.550285299999999893e+02
1.655654700000000332e+02
1.759120700000000284e+02
1.857386000000000195e+02
1.947449000000000012e+02
2.026779999999999973e+02
2.093319999999999936e+02
2.145364999999999611e+02
2.181456000000000017e+02
2.200341999999999700e+02
2.201024000000000171e+02
2.182849999999999682e+02
2.145605000000000189e+02
2.089551999999999907e+02
2.015522000000000276e+02
1.924982999999999720e+02
1.820153999999999996e+02
1.704203300000000070e+02
1.581304300000000183e+02
1.456614199999999926e+02
1.335923700000000167e+02
1.225102900000000261e+02
1.129315899999999857e+02
1.052227099999999922e+02
9.953724000000002547e+01
9.578876999999999953e+01
9.366899000000000797e+01
9.270789999999999509e+01
9.236183999999998662e+01
9.210628000000001236e+01
9.151289999999997349e+01
9.029500000000000171e+01
8.831817000000000917e+01
8.558119999999999550e+01
8.218067999999999529e+01
7.827182999999998003e+01
7.403592999999999336e+01
6.965943000000001462e+01
6.532381999999999778e+01
6.120342999999999734e+01
5.746619000000000455e+01
5.427370999999999412e+01
5.177797999999999945e+01
5.011277000000000470e+01
4.938027999999999906e+01
4.963311999999999813e+01
5.085519999999998930e+01
5.294500999999998925e+01
5.570606999999998266e+01
5.884871999999999304e+01
6.200728999999999758e+01
6.477378000000000213e+01
6.674634000000000356e+01
6.758649000000001195e+01
6.707422000000001105e+01
6.514726000000000283e+01
6.191306000000000154e+01
5.762842999999999449e+01
5.265040999999999372e+01
4.737019000000000801e+01
4.214645000000000152e+01
3.725261000000000422e+01
3.284792999999999807e+01
2.897517999999999816e+01
2.558218799999999860e+01
2.255875900000000200e+01
1.977964400000000467e+01
1.714204099999999897e+01
1.459004700000000021e+01
1.212148990000000026e+01
9.778307899999999719e+00
7.626128699999997984e+00
5.730661059999999196e+00
4.138419769999999609e+00
2.866408179999999639e+00
1.901369740999999891e+00
1.206487217999999917e+00
7.316770309999999222e-01
4.237824237999999744e-01
2.342772706000000038e-01
1.235524419700000098e-01
6.212915596999999540e-02
2.977584286499999899e-02
1.359459809049999926e-02
5.910338850800000120e-03
2.445770251849999945e-03
9.629287530300000572e-04
3.605494453159999971e-04
1.283374474869000074e-04
4.340966210750000896e-05
1.394758527136999894e-05
4.255370195921999956e-06
1.232395312070400070e-06
3.386866392444400052e-07
8.829842087284999780e-08
2.183201597576099584e-08
5.118150412062700297e-09
1.137379381585410121e-09
2.395442224280729997e-10
4.780414671090369949e-11
9.038019375834221278e-12
1.618604168204291999e-12
2.745397377053151838e-13
4.409784022483811889e-14
6.706970924964405839e-15
9.658040343454900927e-16
1.316644771310960618e-16
1.699140988007310204e-17
2.075599733771582040e-18
2.399844064053018671e-19
2.626175778440393250e-20
2.719851739295212630e-21
2.665813919261958304e-22
2.472640030668133974e-23
2.170314618332569693e-24
1.802612890070705285e-25
1.416734970214828192e-26
1.053597762524324441e-27
7.413898799579247304e-29
4.936277850438119942e-30
3.109750560329782610e-31
1.853610244700470740e-32
1.045382270983739039e-33
5.578090274285804794e-35
2.816111345479520465e-36
1.345121054723521052e-37
6.078841817283990659e-39
2.599085460821782951e-40
1.051382223018050020e-41
4.023813323362279199e-43
1.456969973487116063e-44
4.991084512678641982e-46
1.617602826842276194e-47
4.959967461673526670e-49
1.438847622255687910e-50
3.948911433720771937e-52
1.025332911304193347e-53
2.518735394698839604e-55
5.853585500242339466e-57
1.287022801408323955e-58
2.677145733769387923e-60
5.268446834692483537e-62
9.808761402650256289e-64
1.727697138459852684e-65
2.879001755383791346e-67
4.538775907438355857e-69
6.769473576292043097e-71
9.551939928761614781e-73
1.275112671326297358e-74
1.610361929147716101e-76
1.924062234616741067e-78
2.174875729315160667e-80
2.325790236064406319e-82
2.353009834615613204e-84
2.252133793481235340e-86
2.039324239641616687e-88
1.747013380427150736e-90
1.415871134027651822e-92
1.085603782517022842e-94
7.874717826038733094e-97
5.404034872209700431e-99
3.508483153589689145e-101
2.154959127772092280e-103
1.252210228137996518e-105
6.883856887334731300e-108
3.580180375134594111e-110
1.761554607786140583e-112
8.199853969600248314e-115
