# Gaussian folded, width=10 cm^-1
# [cm^-1] arbitrary
0.000      3.00000e+00
1.000      2.91796e+00
2.000      2.68508e+00
3.000      2.33749e+00
4.000      1.92514e+00
5.000      1.50000e+00
6.000      1.10570e+00
7.000      7.71085e-01
8.000      5.08727e-01
9.000      3.17529e-01
10.000      1.87500e-01
11.000      1.04746e-01
12.000      5.53590e-02
13.000      2.76795e-02
14.000      1.30932e-02
15.000      5.85949e-03
16.000      2.48114e-03
17.000      9.95194e-04
18.000      3.81954e-04
19.000      1.52685e-04
20.000      1.00338e-04
21.000      1.73950e-04
22.000      4.45017e-04
23.000      1.15638e-03
24.000      2.87136e-03
25.000      6.76602e-03
26.000      1.51212e-02
27.000      3.20554e-02
28.000      6.44736e-02
29.000      1.23067e-01
30.000      2.23000e-01
31.000      3.83716e-01
32.000      6.27192e-01
33.000      9.74174e-01
34.000      1.43842e+00
35.000      2.01988e+00
36.000      2.69859e+00
37.000      3.43173e+00
38.000      4.15566e+00
39.000      4.79407e+00
40.000      5.27086e+00
41.000      5.52503e+00
42.000      5.52337e+00
43.000      5.26750e+00
44.000      4.79313e+00
45.000      4.16192e+00
46.000      3.44856e+00
47.000      2.72658e+00
48.000      2.05669e+00
49.000      1.47975e+00
50.000      1.01523e+00
51.000      6.64111e-01
52.000      4.14433e-01
53.000      2.47615e-01
54.000      1.43934e-01
55.000      8.65151e-02
56.000      6.37405e-02
57.000      7.04429e-02
58.000      1.08321e-01
59.000      1.85789e-01
60.000      3.17146e-01
61.000      5.20662e-01
62.000      8.15166e-01
63.000      1.21502e+00
64.000      1.72408e+00
65.000      2.32998e+00
66.000      3.00069e+00
67.000      3.68522e+00
68.000      4.31925e+00
69.000      4.83527e+00
70.000      5.17478e+00
71.000      5.29949e+00
72.000      5.19838e+00
73.000      4.88887e+00
74.000      4.41217e+00
75.000      3.82458e+00
76.000      3.18734e+00
77.000      2.55758e+00
78.000      1.98215e+00
79.000      1.49476e+00
80.000      1.11623e+00
81.000      8.56843e-01
82.000      7.19548e-01
83.000      7.03122e-01
84.000      8.04352e-01
85.000      1.01891e+00
86.000      1.34086e+00
87.000      1.76097e+00
88.000      2.26433e+00
89.000      2.82787e+00
90.000      3.41858e+00
91.000      3.99366e+00
92.000      4.50333e+00
93.000      4.89704e+00
94.000      5.13236e+00
95.000      5.18495e+00
96.000      5.05683e+00
97.000      4.78040e+00
98.000      4.41620e+00
99.000      4.04432e+00
100.000      3.75109e+00
101.000      3.61395e+00
102.000      3.68796e+00
103.000      3.99677e+00
104.000      4.52985e+00
105.000      5.24636e+00
106.000      6.08445e+00
107.000      6.97381e+00
108.000      7.84873e+00
109.000      8.65847e+00
110.000      9.37294e+00
111.000      9.98246e+00
112.000      1.04924e+01
113.000      1.09145e+01
114.000      1.12586e+01
115.000      1.15263e+01
116.000      1.17095e+01
117.000      1.17931e+01
118.000      1.17601e+01
119.000      1.15977e+01
120.000      1.13017e+01
121.000      1.08799e+01
122.000      1.03521e+01
123.000      9.74970e+00
124.000      9.11289e+00
125.000      8.48686e+00
126.000      7.91660e+00
127.000      7.44112e+00
128.000      7.08793e+00
129.000      6.86933e+00
130.000      6.78151e+00
131.000      6.80699e+00
132.000      6.91998e+00
133.000      7.09347e+00
134.000      7.30615e+00
135.000      7.54696e+00
136.000      7.81575e+00
137.000      8.11943e+00
138.000      8.46496e+00
139.000      8.85155e+00
140.000      9.26535e+00
141.000      9.67896e+00
142.000      1.00565e+01
143.000      1.03622e+01
144.000      1.05701e+01
145.000      1.06703e+01
146.000      1.06704e+01
147.000      1.05915e+01
148.000      1.04614e+01
149.000      1.03076e+01
150.000      1.01533e+01
151.000      1.00160e+01
152.000      9.90978e+00
153.000      9.84693e+00
154.000      9.83952e+00
155.000      9.89841e+00
156.000      1.00313e+01
157.000      1.02408e+01
158.000      1.05222e+01
159.000      1.08637e+01
160.000      1.12450e+01
161.000      1.16381e+01
162.000      1.20072e+01
163.000      1.23114e+01
164.000      1.25089e+01
165.000      1.25627e+01
166.000      1.24475e+01
167.000      1.21544e+01
168.000      1.16920e+01
169.000      1.10843e+01
170.000      1.03655e+01
171.000      9.57401e+00
172.000      8.74748e+00
173.000      7.92038e+00
174.000      7.12373e+00
175.000      6.38586e+00
176.000      5.73280e+00
177.000      5.18718e+00
178.000      4.76570e+00
179.000      4.47611e+00
180.000      4.31505e+00
181.000      4.26781e+00
182.000      4.31005e+00
183.000      4.41095e+00
184.000      4.53697e+00
185.000      4.65555e+00
186.000      4.73903e+00
187.000      4.76870e+00
188.000      4.73877e+00
189.000      4.65912e+00
190.000      4.55510e+00
191.000      4.46322e+00
192.000      4.42285e+00
193.000      4.46589e+00
194.000      4.60767e+00
195.000      4.84235e+00
196.000      5.14466e+00
197.000      5.47719e+00
198.000      5.80060e+00
199.000      6.08297e+00
200.000      6.30512e+00
201.000      6.46090e+00
202.000      6.55315e+00
203.000      6.58806e+00
204.000      6.57018e+00
205.000      6.50008e+00
206.000      6.37480e+00
207.000      6.19040e+00
208.000      5.94517e+00
209.000      5.64247e+00
210.000      5.29230e+00
211.000      4.91133e+00
212.000      4.52135e+00
213.000      4.14612e+00
214.000      3.80706e+00
215.000      3.51860e+00
216.000      3.28425e+00
217.000      3.09493e+00
218.000      2.93064e+00
219.000      2.76543e+00
220.000      2.57462e+00
221.000      2.34184e+00
222.000      2.06368e+00
223.000      1.75019e+00
224.000      1.42150e+00
225.000      1.10177e+00
226.000      8.12884e-01
227.000      5.69920e-01
228.000      3.79248e-01
229.000      2.39330e-01
230.000      1.43148e-01
231.000      8.11177e-02
232.000      4.35377e-02
233.000      2.21284e-02
234.000      1.06490e-02
235.000      4.85176e-03
236.000      2.09261e-03
237.000      8.54384e-04
238.000      3.30199e-04
239.000      1.20794e-04
240.000      4.18259e-05
241.000      1.37079e-05
242.000      4.25222e-06
243.000      1.24845e-06
244.000      3.46921e-07
245.000      9.12409e-08
246.000      2.27116e-08
247.000      5.35174e-09
248.000      1.20055e-09
249.000      2.92620e-10
250.000      2.57737e-10
251.000      1.00520e-09
252.000      4.52275e-09
253.000      1.94221e-08
254.000      7.89366e-08
255.000      3.03534e-07
256.000      1.10428e-06
257.000      3.80096e-06
258.000      1.23783e-05
259.000      3.81400e-05
260.000      1.11190e-04
261.000      3.06712e-04
262.000      8.00549e-04
263.000      1.97727e-03
264.000      4.62168e-03
265.000      1.02245e-02
266.000      2.14125e-02
267.000      4.24602e-02
268.000      7.97516e-02
269.000      1.41958e-01
270.000      2.39641e-01
271.000      3.84050e-01
272.000      5.85158e-01
273.000      8.49362e-01
274.000      1.17771e+00
275.000      1.56560e+00
276.000      2.00441e+00
277.000      2.48468e+00
278.000      2.99910e+00
279.000      3.54336e+00
280.000      4.11321e+00
281.000      4.69838e+00
282.000      5.27600e+00
283.000      5.80794e+00
284.000      6.24577e+00
285.000      6.54396e+00
286.000      6.67831e+00
287.000      6.66270e+00
288.000      6.55721e+00
289.000      6.46238e+00
290.000      6.49984e+00
291.000      6.78397e+00
292.000      7.39296e+00
293.000      8.34765e+00
294.000      9.60403e+00
295.000      1.10608e+01
296.000      1.25788e+01
297.000      1.40063e+01
298.000      1.52032e+01
299.000      1.60598e+01
300.000      1.65077e+01
301.000      1.65252e+01
302.000      1.61374e+01
303.000      1.54143e+01
304.000      1.44653e+01
305.000      1.34283e+01
306.000      1.24521e+01
307.000      1.16738e+01
308.000      1.11932e+01
309.000      1.10525e+01
310.000      1.12275e+01
311.000      1.16319e+01
312.000      1.21375e+01
313.000      1.26030e+01
314.000      1.29070e+01
315.000      1.29762e+01
316.000      1.28040e+01
317.000      1.24529e+01
318.000      1.20438e+01
319.000      1.17317e+01
320.000      1.16749e+01
321.000      1.20058e+01
322.000      1.28085e+01
323.000      1.41092e+01
324.000      1.58792e+01
325.000      1.80460e+01
326.000      2.05071e+01
327.000      2.31419e+01
328.000      2.58188e+01
329.000      2.83992e+01
330.000      3.07417e+01
331.000      3.27104e+01
332.000      3.41869e+01
333.000      3.50864e+01
334.000      3.53712e+01
335.000      3.50591e+01
336.000      3.42235e+01
337.000      3.29832e+01
338.000      3.14854e+01
339.000      2.98850e+01
340.000      2.83242e+01
341.000      2.69167e+01
342.000      2.57393e+01
343.000      2.48316e+01
344.000      2.42025e+01
345.000      2.38414e+01
346.000      2.37299e+01
347.000      2.38496e+01
348.000      2.41848e+01
349.000      2.47171e+01
350.000      2.54174e+01
351.000      2.62384e+01
352.000      2.71126e+01
353.000      2.79576e+01
354.000      2.86879e+01
355.000      2.92282e+01
356.000      2.95228e+01
357.000      2.95390e+01
358.000      2.92627e+01
359.000      2.86907e+01
360.000      2.78236e+01
361.000      2.66633e+01
362.000      2.52153e+01
363.000      2.34965e+01
364.000      2.15427e+01
365.000      1.94135e+01
366.000      1.71918e+01
367.000      1.49778e+01
368.000      1.28775e+01
369.000      1.09894e+01
370.000      9.39272e+00
371.000      8.13834e+00
372.000      7.24477e+00
373.000      6.69966e+00
374.000      6.46544e+00
375.000      6.48798e+00
376.000      6.70658e+00
377.000      7.06465e+00
378.000      7.51996e+00
379.000      8.05357e+00
380.000      8.67492e+00
381.000      9.42011e+00
382.000      1.03409e+01
383.000      1.14853e+01
384.000      1.28745e+01
385.000      1.44846e+01
386.000      1.62417e+01
387.000      1.80354e+01
388.000      1.97449e+01
389.000      2.12706e+01
390.000      2.25547e+01
391.000      2.35838e+01
392.000      2.43709e+01
393.000      2.49263e+01
394.000      2.52315e+01
395.000      2.52284e+01
396.000      2.48310e+01
397.000      2.39545e+01
398.000      2.25501e+01
399.000      2.06339e+01
400.000      1.82959e+01
401.000      1.56898e+01
402.000      1.30045e+01
403.000      1.04289e+01
404.000      8.11917e+00
405.000      6.17658e+00
406.000      4.64096e+00
407.000      3.49745e+00
408.000      2.69322e+00
409.000      2.15768e+00
410.000      1.82060e+00
411.000      1.62414e+00
412.000      1.52765e+00
413.000      1.50617e+00
414.000      1.54540e+00
415.000      1.63595e+00
416.000      1.76893e+00
417.000      1.93378e+00
418.000      2.11779e+00
419.000      2.30686e+00
420.000      2.48656e+00
421.000      2.64363e+00
422.000      2.76742e+00
423.000      2.85135e+00
424.000      2.89367e+00
425.000      2.89688e+00
426.000      2.86580e+00
427.000      2.80480e+00
428.000      2.71547e+00
429.000      2.59590e+00
430.000      2.44215e+00
431.000      2.25125e+00
432.000      2.02478e+00
433.000      1.77117e+00
434.000      1.50599e+00
435.000      1.24993e+00
436.000      1.02510e+00
437.000      8.50808e-01
438.000      7.39796e-01
439.000      6.95685e-01
440.000      7.12078e-01
441.000      7.73405e-01
442.000      8.57450e-01
443.000      9.39259e-01
444.000      9.95761e-01
445.000      1.01015e+00
446.000      9.74888e-01
447.000      8.92517e-01
448.000      7.74042e-01
449.000      6.35484e-01
450.000      4.93737e-01
451.000      3.62968e-01
452.000      2.52458e-01
453.000      1.66128e-01
454.000      1.03424e-01
455.000      6.09149e-02
456.000      3.39425e-02
457.000      1.78929e-02
458.000      8.92355e-03
459.000      4.21029e-03
460.000      1.87933e-03
461.000      7.93620e-04
462.000      3.17059e-04
463.000      1.19835e-04
464.000      4.28496e-05
465.000      1.44953e-05
466.000      4.63899e-06
467.000      1.40456e-06
468.000      4.02320e-07
469.000      1.09024e-07
470.000      2.79505e-08
471.000      6.77914e-09
472.000      1.55553e-09
473.000      3.37675e-10
474.000      6.93484e-11
475.000      1.34739e-11
476.000      2.47666e-12
477.000      4.30682e-13
478.000      7.08542e-14
479.000      1.10279e-14
480.000      1.62381e-15
481.000      2.26202e-16
482.000      2.98110e-17
483.000      3.71683e-18
484.000      4.38416e-19
485.000      4.89236e-20
486.000      5.16497e-21
487.000      5.15864e-22
488.000      4.87438e-23
489.000      4.35734e-24
490.000      3.68504e-25
491.000      2.94835e-26
492.000      2.23169e-27
493.000      1.59811e-28
494.000      1.08267e-29
495.000      6.93913e-31
496.000      4.20756e-32
497.000      2.41364e-33
498.000      1.30989e-34
499.000      6.72531e-36
500.000      3.26669e-37
