# Gaussian folded, width=10 cm^-1
# [cm^-1] arbitrary
0.000      3.00000e+00
1.000      2.91796e+00
2.000      2.68508e+00
3.000      2.33749e+00
4.000      1.92514e+00
5.000      1.50000e+00
6.000      1.10570e+00
7.000      7.71085e-01
8.000      5.08727e-01
9.000      3.17530e-01
10.000      1.87503e-01
11.000      1.04755e-01
12.000      5.53884e-02
13.000      2.77699e-02
14.000      1.33568e-02
15.000      6.58781e-03
16.000      4.38707e-03
17.000      5.71878e-03
18.000      1.14690e-02
19.000      2.47977e-02
20.000      5.19808e-02
21.000      1.03598e-01
22.000      1.95679e-01
23.000      3.50100e-01
24.000      5.93286e-01
25.000      9.52254e-01
26.000      1.44763e+00
27.000      2.08437e+00
28.000      2.84253e+00
29.000      3.67150e+00
30.000      4.49147e+00
31.000      5.20398e+00
32.000      5.71058e+00
33.000      5.93497e+00
34.000      5.84185e+00
35.000      5.44611e+00
36.000      4.80915e+00
37.000      4.02375e+00
38.000      3.19293e+00
39.000      2.40977e+00
40.000      1.74408e+00
41.000      1.23846e+00
42.000      9.12606e-01
43.000      7.72056e-01
44.000      8.16716e-01
45.000      1.04544e+00
46.000      1.45482e+00
47.000      2.03276e+00
48.000      2.74975e+00
49.000      3.55192e+00
50.000      4.36023e+00
51.000      5.07831e+00
52.000      5.60856e+00
53.000      5.87248e+00
54.000      5.82908e+00
55.000      5.48510e+00
56.000      4.89336e+00
57.000      4.13988e+00
58.000      3.32425e+00
59.000      2.53977e+00
60.000      1.85909e+00
61.000      1.32850e+00
62.000      9.70300e-01
63.000      7.90241e-01
64.000      7.85884e-01
65.000      9.52318e-01
66.000      1.28337e+00
67.000      1.76847e+00
68.000      2.38717e+00
69.000      3.10431e+00
70.000      3.86903e+00
71.000      4.61968e+00
72.000      5.29489e+00
73.000      5.84841e+00
74.000      6.26344e+00
75.000      6.56134e+00
76.000      6.80081e+00
77.000      7.06597e+00
78.000      7.44613e+00
79.000      8.01253e+00
80.000      8.79924e+00
81.000      9.79390e+00
82.000      1.09407e+01
83.000      1.21540e+01
84.000      1.33373e+01
85.000      1.44014e+01
86.000      1.52776e+01
87.000      1.59222e+01
88.000      1.63156e+01
89.000      1.64573e+01
90.000      1.63601e+01
91.000      1.60455e+01
92.000      1.55411e+01
93.000      1.48787e+01
94.000      1.40931e+01
95.000      1.32208e+01
96.000      1.22991e+01
97.000      1.13668e+01
98.000      1.04657e+01
99.000      9.64308e+00
100.000      8.95313e+00
101.000      8.45601e+00
102.000      8.21215e+00
103.000      8.27267e+00
104.000      8.66763e+00
105.000      9.39554e+00
106.000      1.04181e+01
107.000      1.16622e+01
108.000      1.30299e+01
109.000      1.44131e+01
110.000      1.57098e+01
111.000      1.68368e+01
112.000      1.77367e+01
113.000      1.83795e+01
114.000      1.87582e+01
115.000      1.88831e+01
116.000      1.87768e+01
117.000      1.84698e+01
118.000      1.79994e+01
119.000      1.74090e+01
120.000      1.67466e+01
121.000      1.60623e+01
122.000      1.54047e+01
123.000      1.48154e+01
124.000      1.43243e+01
125.000      1.39469e+01
126.000      1.36835e+01
127.000      1.35216e+01
128.000      1.34408e+01
129.000      1.34174e+01
130.000      1.34282e+01
131.000      1.34522e+01
132.000      1.34702e+01
133.000      1.34625e+01
134.000      1.34070e+01
135.000      1.32788e+01
136.000      1.30525e+01
137.000      1.27055e+01
138.000      1.22233e+01
139.000      1.16044e+01
140.000      1.08625e+01
141.000      1.00263e+01
142.000      9.13549e+00
143.000      8.23536e+00
144.000      7.36944e+00
145.000      6.57327e+00
146.000      5.86958e+00
147.000      5.26574e+00
148.000      4.75403e+00
149.000      4.31458e+00
150.000      3.92099e+00
151.000      3.54751e+00
152.000      3.17646e+00
153.000      2.80405e+00
154.000      2.44284e+00
155.000      2.12023e+00
156.000      1.87346e+00
157.000      1.74241e+00
158.000      1.76229e+00
159.000      1.95754e+00
160.000      2.33789e+00
161.000      2.89635e+00
162.000      3.60899e+00
163.000      4.43619e+00
164.000      5.32586e+00
165.000      6.21962e+00
166.000      7.06272e+00
167.000      7.81684e+00
168.000      8.47299e+00
169.000      9.05923e+00
170.000      9.63821e+00
171.000      1.02919e+01
172.000      1.10959e+01
173.000      1.20915e+01
174.000      1.32646e+01
175.000      1.45421e+01
176.000      1.58067e+01
177.000      1.69264e+01
178.000      1.77898e+01
179.000      1.83344e+01
180.000      1.85603e+01
181.000      1.85257e+01
182.000      1.83277e+01
183.000      1.80730e+01
184.000      1.78487e+01
185.000      1.76993e+01
186.000      1.76194e+01
187.000      1.75624e+01
188.000      1.74665e+01
189.000      1.72898e+01
190.000      1.70428e+01
191.000      1.68062e+01
192.000      1.67242e+01
193.000      1.69728e+01
194.000      1.77107e+01
195.000      1.90283e+01
196.000      2.09111e+01
197.000      2.32319e+01
198.000      2.57721e+01
199.000      2.82680e+01
200.000      3.04649e+01
201.000      3.21641e+01
202.000      3.32498e+01
203.000      3.36929e+01
204.000      3.35348e+01
205.000      3.28613e+01
206.000      3.17770e+01
207.000      3.03848e+01
208.000      2.87753e+01
209.000      2.70218e+01
210.000      2.51818e+01
211.000      2.33009e+01
212.000      2.14188e+01
213.000      1.95757e+01
214.000      1.78153e+01
215.000      1.61843e+01
216.000      1.47244e+01
217.000      1.34615e+01
218.000      1.23948e+01
219.000      1.14918e+01
220.000      1.06936e+01
221.000      9.92990e+00
222.000      9.13981e+00
223.000      8.29291e+00
224.000      7.40274e+00
225.000      6.52932e+00
226.000      5.76948e+00
227.000      5.23817e+00
228.000      5.04543e+00
229.000      5.27463e+00
230.000      5.96630e+00
231.000      7.11038e+00
232.000      8.64780e+00
233.000      1.04808e+01
234.000      1.24898e+01
235.000      1.45526e+01
236.000      1.65630e+01
237.000      1.84423e+01
238.000      2.01435e+01
239.000      2.16474e+01
240.000      2.29519e+01
241.000      2.40602e+01
242.000      2.49712e+01
243.000      2.56737e+01
244.000      2.61468e+01
245.000      2.63636e+01
246.000      2.62978e+01
247.000      2.59303e+01
248.000      2.52535e+01
249.000      2.42748e+01
250.000      2.30166e+01
251.000      2.15155e+01
252.000      1.98195e+01
253.000      1.79849e+01
254.000      1.60729e+01
255.000      1.41451e+01
256.000      1.22604e+01
257.000      1.04711e+01
258.000      8.82076e+00
259.000      7.34360e+00
260.000      6.06426e+00
261.000      4.99925e+00
262.000      4.15921e+00
263.000      3.55223e+00
264.000      3.18815e+00
265.000      3.08299e+00
266.000      3.26162e+00
267.000      3.75694e+00
268.000      4.60383e+00
269.000      5.82826e+00
270.000      7.43365e+00
271.000      9.38872e+00
272.000      1.16211e+01
273.000      1.40200e+01
274.000      1.64490e+01
275.000      1.87652e+01
276.000      2.08404e+01
277.000      2.25773e+01
278.000      2.39159e+01
279.000      2.48291e+01
280.000      2.53111e+01
281.000      2.53641e+01
282.000      2.49907e+01
283.000      2.41957e+01
284.000      2.29961e+01
285.000      2.14328e+01
286.000      1.95795e+01
287.000      1.75411e+01
288.000      1.54419e+01
289.000      1.34068e+01
290.000      1.15423e+01
291.000      9.92205e+00
292.000      8.58111e+00
293.000      7.51967e+00
294.000      6.71241e+00
295.000      6.12037e+00
296.000      5.70131e+00
297.000      5.41623e+00
298.000      5.23169e+00
299.000      5.11882e+00
300.000      5.05106e+00
301.000      5.00239e+00
302.000      4.94721e+00
303.000      4.86214e+00
304.000      4.72904e+00
305.000      4.53811e+00
306.000      4.29006e+00
307.000      3.99636e+00
308.000      3.67776e+00
309.000      3.36119e+00
310.000      3.07613e+00
311.000      2.85108e+00
312.000      2.71046e+00
313.000      2.67187e+00
314.000      2.74346e+00
315.000      2.92151e+00
316.000      3.18858e+00
317.000      3.51328e+00
318.000      3.85255e+00
319.000      4.15666e+00
320.000      4.37676e+00
321.000      4.47344e+00
322.000      4.42441e+00
323.000      4.22934e+00
324.000      3.91022e+00
325.000      3.50674e+00
326.000      3.06762e+00
327.000      2.64002e+00
328.000      2.25981e+00
329.000      1.94556e+00
330.000      1.69757e+00
331.000      1.50192e+00
332.000      1.33768e+00
333.000      1.18476e+00
334.000      1.02973e+00
335.000      8.68264e-01
336.000      7.04145e-01
337.000      5.45957e-01
338.000      4.03119e-01
339.000      2.82749e-01
340.000      1.88096e-01
341.000      1.18564e-01
342.000      7.07709e-02
343.000      3.99880e-02
344.000      2.13835e-02
345.000      1.08204e-02
346.000      5.18065e-03
347.000      2.34682e-03
348.000      1.00581e-03
349.000      4.07834e-04
350.000      1.56450e-04
351.000      5.67797e-05
352.000      1.94953e-05
353.000      6.33269e-06
354.000      1.94610e-06
355.000      5.65795e-07
356.000      1.55622e-07
357.000      4.04951e-08
358.000      9.96897e-09
359.000      2.32175e-09
360.000      5.11564e-10
361.000      1.06635e-10
362.000      2.10291e-11
363.000      3.92335e-12
364.000      6.92486e-13
365.000      1.15633e-13
366.000      1.82672e-14
367.000      2.73011e-15
368.000      3.86015e-16
369.000      5.16352e-17
370.000      6.53441e-18
371.000      7.82318e-19
372.000      8.86091e-20
373.000      9.49492e-21
374.000      9.62546e-22
375.000      9.23143e-23
376.000      8.37596e-24
377.000      7.18981e-25
378.000      5.83873e-26
379.000      4.48577e-27
380.000      3.26041e-28
381.000      2.24195e-29
382.000      1.45847e-30
383.000      8.97605e-32
384.000      5.22627e-33
385.000      2.87883e-34
386.000      1.50023e-35
387.000      7.39632e-37
388.000      3.44979e-38
389.000      1.52225e-39
390.000      6.35475e-41
391.000      2.50974e-42
392.000      9.37724e-44
393.000      3.31467e-45
394.000      1.10846e-46
395.000      3.50689e-48
396.000      1.04964e-49
397.000      2.97217e-51
398.000      7.96209e-53
399.000      2.01789e-54
400.000      4.83821e-56
401.000      1.09746e-57
402.000      2.35512e-59
403.000      4.78139e-61
404.000      9.18359e-63
405.000      1.66874e-64
406.000      2.86868e-66
407.000      4.66544e-68
408.000      7.17829e-70
409.000      1.04488e-71
410.000      1.43890e-73
411.000      1.87462e-75
412.000      2.31053e-77
413.000      2.69419e-79
414.000      2.97210e-81
415.000      3.10181e-83
416.000      3.06256e-85
417.000      2.86069e-87
418.000      2.52799e-89
419.000      2.11348e-91
420.000      1.67162e-93
421.000      1.25082e-95
422.000      8.85463e-98
423.000     5.93011e-100
424.000     3.75728e-102
425.000     2.25217e-104
426.000     1.27716e-106
427.000     6.85188e-109
428.000     3.47768e-111
429.000     1.66989e-113
430.000     7.58585e-116
431.000     3.26015e-118
432.000     1.32553e-120
433.000     5.09868e-123
434.000     1.85543e-125
435.000     6.38774e-128
436.000     2.08051e-130
437.000     6.41074e-133
438.000     1.86881e-135
439.000     5.15393e-138
440.000     1.34472e-140
441.000     3.31925e-143
442.000     7.75117e-146
443.000     1.71243e-148
444.000     3.57910e-151
445.000     7.07708e-154
446.000     1.32389e-156
447.000     2.34297e-159
448.000     3.92283e-162
449.000     6.21369e-165
450.000     9.31145e-168
451.000     1.32009e-170
452.000     1.77054e-173
453.000     2.24660e-176
454.000     2.69690e-179
455.000     3.06281e-182
456.000     3.29074e-185
457.000     3.34491e-188
458.000     3.21657e-191
459.000     2.92631e-194
460.000     2.51863e-197
461.000     2.05081e-200
462.000     1.57981e-203
463.000     1.15133e-206
464.000     7.93807e-210
465.000     5.17782e-213
466.000     3.19519e-216
467.000     1.86536e-219
468.000     1.03026e-222
469.000     5.38332e-226
470.000     2.66116e-229
471.000     1.24454e-232
472.000     5.50634e-236
473.000     2.30481e-239
474.000     9.12695e-243
475.000     3.41927e-246
476.000     1.21188e-249
477.000     4.06352e-253
478.000     1.28903e-256
479.000     3.86849e-260
480.000     1.09834e-263
481.000     2.95019e-267
482.000     7.49690e-271
483.000     1.80231e-274
484.000     4.09917e-278
485.000     8.82024e-282
486.000     1.79548e-285
487.000     3.45781e-289
488.000     6.29996e-293
489.000     1.08590e-296
490.000     1.77078e-300
491.000     2.73183e-304
492.000     3.98713e-308
493.000     5.50535e-312
494.000     7.19163e-316
495.000     8.88775e-320
496.000     9.88131e-324
497.000      0.00000e+00
498.000      0.00000e+00
499.000      0.00000e+00
500.000      0.00000e+00
