# Gaussian folded, width=10 cm^-1
# [cm^-1] arbitrary
0.000      3.00000e+00
1.000      2.91796e+00
2.000      2.68508e+00
3.000      2.33749e+00
4.000      1.92514e+00
5.000      1.50000e+00
6.000      1.10570e+00
7.000      7.71085e-01
8.000      5.08727e-01
9.000      3.17530e-01
10.000      1.87501e-01
11.000      1.04748e-01
12.000      5.53668e-02
13.000      2.77046e-02
14.000      1.31696e-02
15.000      6.08024e-03
16.000      3.08565e-03
17.000      2.56431e-03
18.000      4.24296e-03
19.000      9.15949e-03
20.000      2.00207e-02
21.000      4.19478e-02
22.000      8.35071e-02
23.000      1.57756e-01
24.000      2.82795e-01
25.000      4.81104e-01
26.000      7.76894e-01
27.000      1.19101e+00
28.000      1.73373e+00
29.000      2.39684e+00
30.000      3.14754e+00
31.000      3.92699e+00
32.000      4.65571e+00
33.000      5.24599e+00
34.000      5.61900e+00
35.000      5.72207e+00
36.000      5.54082e+00
37.000      5.10254e+00
38.000      4.46956e+00
39.000      3.72506e+00
40.000      2.95586e+00
41.000      2.23730e+00
42.000      1.62400e+00
43.000      1.14781e+00
44.000      8.21790e-01
45.000      6.47591e-01
46.000      6.22860e-01
47.000      7.46014e-01
48.000      1.01683e+00
49.000      1.43281e+00
50.000      1.98276e+00
51.000      2.64009e+00
52.000      3.35871e+00
53.000      4.07410e+00
54.000      4.71039e+00
55.000      5.19248e+00
56.000      5.46009e+00
57.000      5.47986e+00
58.000      5.25194e+00
59.000      4.80928e+00
60.000      4.21016e+00
61.000      3.52636e+00
62.000      2.83051e+00
63.000      2.18583e+00
64.000      1.64026e+00
65.000      1.22537e+00
66.000      9.58959e-01
67.000      8.49303e-01
68.000      8.98960e-01
69.000      1.10643e+00
70.000      1.46512e+00
71.000      1.96033e+00
72.000      2.56588e+00
73.000      3.24259e+00
74.000      3.94038e+00
75.000      4.60467e+00
76.000      5.18627e+00
77.000      5.65247e+00
78.000      5.99603e+00
79.000      6.23917e+00
80.000      6.43051e+00
81.000      6.63524e+00
82.000      6.92062e+00
83.000      7.34082e+00
84.000      7.92532e+00
85.000      8.67376e+00
86.000      9.55819e+00
87.000      1.05310e+01
88.000      1.15353e+01
89.000      1.25137e+01
90.000      1.34146e+01
91.000      1.41934e+01
92.000      1.48121e+01
93.000      1.52377e+01
94.000      1.54425e+01
95.000      1.54069e+01
96.000      1.51244e+01
97.000      1.46070e+01
98.000      1.38885e+01
99.000      1.30238e+01
100.000      1.20822e+01
101.000      1.11385e+01
102.000      1.02606e+01
103.000      9.50186e+00
104.000      8.89661e+00
105.000      8.46265e+00
106.000      8.20746e+00
107.000      8.13533e+00
108.000      8.25189e+00
109.000      8.56392e+00
110.000      9.07456e+00
111.000      9.77613e+00
112.000      1.06442e+01
113.000      1.16355e+01
114.000      1.26914e+01
115.000      1.37454e+01
116.000      1.47320e+01
117.000      1.55947e+01
118.000      1.62903e+01
119.000      1.67908e+01
120.000      1.70819e+01
121.000      1.71631e+01
122.000      1.70466e+01
123.000      1.67574e+01
124.000      1.63322e+01
125.000      1.58161e+01
126.000      1.52571e+01
127.000      1.46997e+01
128.000      1.41795e+01
129.000      1.37198e+01
130.000      1.33315e+01
131.000      1.30161e+01
132.000      1.27680e+01
133.000      1.25775e+01
134.000      1.24309e+01
135.000      1.23096e+01
136.000      1.21900e+01
137.000      1.20442e+01
138.000      1.18437e+01
139.000      1.15647e+01
140.000      1.11943e+01
141.000      1.07349e+01
142.000      1.02045e+01
143.000      9.63342e+00
144.000      9.05750e+00
145.000      8.50991e+00
146.000      8.01449e+00
147.000      7.58261e+00
148.000      7.21406e+00
149.000      6.90113e+00
150.000      6.63374e+00
151.000      6.40341e+00
152.000      6.20501e+00
153.000      6.03627e+00
154.000      5.89619e+00
155.000      5.78368e+00
156.000      5.69688e+00
157.000      5.63358e+00
158.000      5.59171e+00
159.000      5.56971e+00
160.000      5.56630e+00
161.000      5.58026e+00
162.000      5.61066e+00
163.000      5.65801e+00
164.000      5.72593e+00
165.000      5.82254e+00
166.000      5.96040e+00
167.000      6.15424e+00
168.000      6.41698e+00
169.000      6.75527e+00
170.000      7.16632e+00
171.000      7.63764e+00
172.000      8.14969e+00
173.000      8.68076e+00
174.000      9.21223e+00
175.000      9.73211e+00
176.000      1.02360e+01
177.000      1.07248e+01
178.000      1.12011e+01
179.000      1.16645e+01
180.000      1.21086e+01
181.000      1.25210e+01
182.000      1.28852e+01
183.000      1.31848e+01
184.000      1.34083e+01
185.000      1.35519e+01
186.000      1.36219e+01
187.000      1.36337e+01
188.000      1.36106e+01
189.000      1.35817e+01
190.000      1.35789e+01
191.000      1.36337e+01
192.000      1.37736e+01
193.000      1.40183e+01
194.000      1.43756e+01
195.000      1.48405e+01
196.000      1.53947e+01
197.000      1.60096e+01
198.000      1.66499e+01
199.000      1.72765e+01
200.000      1.78499e+01
201.000      1.83310e+01
202.000      1.86835e+01
203.000      1.88764e+01
204.000      1.88879e+01
205.000      1.87100e+01
206.000      1.83517e+01
207.000      1.78405e+01
208.000      1.72191e+01
209.000      1.65390e+01
210.000      1.58521e+01
211.000      1.52013e+01
212.000      1.46137e+01
213.000      1.40979e+01
214.000      1.36463e+01
215.000      1.32412e+01
216.000      1.28630e+01
217.000      1.24982e+01
218.000      1.21427e+01
219.000      1.18030e+01
220.000      1.14936e+01
221.000      1.12335e+01
222.000      1.10431e+01
223.000      1.09434e+01
224.000      1.09548e+01
225.000      1.10962e+01
226.000      1.13835e+01
227.000      1.18260e+01
228.000      1.24245e+01
229.000      1.31694e+01
230.000      1.40414e+01
231.000      1.50131e+01
232.000      1.60510e+01
233.000      1.71163e+01
234.000      1.81651e+01
235.000      1.91481e+01
236.000      2.00129e+01
237.000      2.07086e+01
238.000      2.11940e+01
239.000      2.14477e+01
240.000      2.14759e+01
241.000      2.13157e+01
242.000      2.10303e+01
243.000      2.06981e+01
244.000      2.03957e+01
245.000      2.01808e+01
246.000      2.00786e+01
247.000      2.00746e+01
248.000      2.01170e+01
249.000      2.01269e+01
250.000      2.00147e+01
251.000      1.96993e+01
252.000      1.91263e+01
253.000      1.82804e+01
254.000      1.71895e+01
255.000      1.59195e+01
256.000      1.45611e+01
257.000      1.32118e+01
258.000      1.19572e+01
259.000      1.08575e+01
260.000      9.94118e+00
261.000      9.20670e+00
262.000      8.62971e+00
263.000      8.17332e+00
264.000      7.79782e+00
265.000      7.46812e+00
266.000      7.15863e+00
267.000      6.85603e+00
268.000      6.56101e+00
269.000      6.28871e+00
270.000      6.06769e+00
271.000      5.93619e+00
272.000      5.93572e+00
273.000      6.10231e+00
274.000      6.45731e+00
275.000      6.99985e+00
276.000      7.70281e+00
277.000      8.51362e+00
278.000      9.35976e+00
279.000      1.01583e+01
280.000      1.08280e+01
281.000      1.13010e+01
282.000      1.15342e+01
283.000      1.15146e+01
284.000      1.12607e+01
285.000      1.08171e+01
286.000      1.02445e+01
287.000      9.60725e+00
288.000      8.96215e+00
289.000      8.35061e+00
290.000      7.79586e+00
291.000      7.30470e+00
292.000      6.87215e+00
293.000      6.48702e+00
294.000      6.13668e+00
295.000      5.81028e+00
296.000      5.50062e+00
297.000      5.20481e+00
298.000      4.92427e+00
299.000      4.66414e+00
300.000      4.43211e+00
301.000      4.23656e+00
302.000      4.08433e+00
303.000      3.97833e+00
304.000      3.91590e+00
305.000      3.88848e+00
306.000      3.88283e+00
307.000      3.88368e+00
308.000      3.87676e+00
309.000      3.85112e+00
310.000      3.80015e+00
311.000      3.72130e+00
312.000      3.61539e+00
313.000      3.48673e+00
314.000      3.34443e+00
315.000      3.20428e+00
316.000      3.08986e+00
317.000      3.03114e+00
318.000      3.06037e+00
319.000      3.20572e+00
320.000      3.48472e+00
321.000      3.89937e+00
322.000      4.43425e+00
323.000      5.05790e+00
324.000      5.72708e+00
325.000      6.39333e+00
326.000      7.01086e+00
327.000      7.54458e+00
328.000      7.97654e+00
329.000      8.30893e+00
330.000      8.56223e+00
331.000      8.76900e+00
332.000      8.96524e+00
333.000      9.18244e+00
334.000      9.44288e+00
335.000      9.75906e+00
336.000      1.01361e+01
337.000      1.05745e+01
338.000      1.10714e+01
339.000      1.16191e+01
340.000      1.22017e+01
341.000      1.27923e+01
342.000      1.33519e+01
343.000      1.38328e+01
344.000      1.41847e+01
345.000      1.43627e+01
346.000      1.43351e+01
347.000      1.40894e+01
348.000      1.36336e+01
349.000      1.29938e+01
350.000      1.22095e+01
351.000      1.13271e+01
352.000      1.03961e+01
353.000      9.46502e+00
354.000      8.58087e+00
355.000      7.78616e+00
356.000      7.11522e+00
357.000      6.58862e+00
358.000      6.20781e+00
359.000      5.95310e+00
360.000      5.78692e+00
361.000      5.66252e+00
362.000      5.53569e+00
363.000      5.37566e+00
364.000      5.17156e+00
365.000      4.93254e+00
366.000      4.68225e+00
367.000      4.44975e+00
368.000      4.26001e+00
369.000      4.12662e+00
370.000      4.04828e+00
371.000      4.00981e+00
372.000      3.98747e+00
373.000      3.95709e+00
374.000      3.90315e+00
375.000      3.82585e+00
376.000      3.74383e+00
377.000      3.69074e+00
378.000      3.70639e+00
379.000      3.82456e+00
380.000      4.06114e+00
381.000      4.40625e+00
382.000      4.82291e+00
383.000      5.25268e+00
384.000      5.62688e+00
385.000      5.88028e+00
386.000      5.96380e+00
387.000      5.85324e+00
388.000      5.55247e+00
389.000      5.09097e+00
390.000      4.51721e+00
391.000      3.88955e+00
392.000      3.26668e+00
393.000      2.69904e+00
394.000      2.22232e+00
395.000      1.85371e+00
396.000      1.59143e+00
397.000      1.41764e+00
398.000      1.30412e+00
399.000      1.21955e+00
400.000      1.13668e+00
401.000      1.03749e+00
402.000      9.15378e-01
403.000      7.74056e-01
404.000      6.24014e-01
405.000      4.78064e-01
406.000      3.47404e-01
407.000      2.39203e-01
408.000      1.55957e-01
409.000      9.62473e-02
410.000      5.62113e-02
411.000      3.10638e-02
412.000      1.62424e-02
413.000      8.03508e-03
414.000      3.76066e-03
415.000      1.66520e-03
416.000      6.97573e-04
417.000      2.76462e-04
418.000      1.03657e-04
419.000      3.67692e-05
420.000      1.23392e-05
421.000      3.91748e-06
422.000      1.17664e-06
423.000      3.34350e-07
424.000      8.98824e-08
425.000      2.28595e-08
426.000      5.50015e-09
427.000      1.25199e-09
428.000      2.69616e-10
429.000      5.49297e-11
430.000      1.05873e-11
431.000      1.93056e-12
432.000      3.33041e-13
433.000      5.43538e-14
434.000      8.39227e-15
435.000      1.22588e-15
436.000      1.69407e-16
437.000      2.21480e-17
438.000      2.73939e-18
439.000      3.20547e-19
440.000      3.54852e-20
441.000      3.71638e-21
442.000      3.68223e-22
443.000      3.45159e-23
444.000      3.06087e-24
445.000      2.56796e-25
446.000      2.03821e-26
447.000      1.53048e-27
448.000      1.08724e-28
449.000      7.30698e-30
450.000      4.64589e-31
451.000      2.79459e-32
452.000      1.59032e-33
453.000      8.56187e-35
454.000      4.36084e-36
455.000      2.10131e-37
456.000      9.57914e-39
457.000      4.13125e-40
458.000      1.68560e-41
459.000      6.50644e-43
460.000      2.37602e-44
461.000      8.20872e-46
462.000      2.68298e-47
463.000      8.29618e-49
464.000      2.42692e-50
465.000      6.71663e-52
466.000      1.75859e-53
467.000      4.35607e-55
468.000      1.02080e-56
469.000      2.26312e-58
470.000      4.74670e-60
471.000      9.41874e-62
472.000      1.76812e-63
473.000      3.14013e-65
474.000      5.27596e-67
475.000      8.38634e-69
476.000      1.26113e-70
477.000      1.79419e-72
478.000      2.41486e-74
479.000      3.07492e-76
480.000      3.70419e-78
481.000      4.22153e-80
482.000      4.55161e-82
483.000      4.64277e-84
484.000      4.48030e-86
485.000      4.09029e-88
486.000      3.53280e-90
487.000      2.88670e-92
488.000      2.23152e-94
489.000      1.63200e-96
490.000      1.12916e-98
491.000     7.39108e-101
492.000     4.57697e-103
493.000     2.68143e-105
494.000     1.48618e-107
495.000     7.79284e-110
496.000     3.86577e-112
497.000     1.81424e-114
498.000     8.05511e-117
499.000     3.38349e-119
500.000     1.34455e-121
