# Gaussian folded, width=10 cm^-1
# [cm^-1] arbitrary
0.000      3.00000e+00
1.000      2.91796e+00
2.000      2.68508e+00
3.000      2.33749e+00
4.000      1.92514e+00
5.000      1.50000e+00
6.000      1.10570e+00
7.000      7.71085e-01
8.000      5.08727e-01
9.000      3.17530e-01
10.000      1.87500e-01
11.000      1.04747e-01
12.000      5.53647e-02
13.000      2.76983e-02
14.000      1.31515e-02
15.000      6.03123e-03
16.000      2.96071e-03
17.000      2.26449e-03
18.000      3.56628e-03
19.000      7.72492e-03
20.000      1.71684e-02
21.000      3.66394e-02
22.000      7.42853e-02
23.000      1.42857e-01
24.000      2.60529e-01
25.000      4.50576e-01
26.000      7.39012e-01
27.000      1.14953e+00
28.000      1.69583e+00
29.000      2.37274e+00
30.000      3.14870e+00
31.000      3.96307e+00
32.000      4.73099e+00
33.000      5.35668e+00
34.000      5.75255e+00
35.000      5.85929e+00
36.000      5.66039e+00
37.000      5.18638e+00
38.000      4.50724e+00
39.000      3.71569e+00
40.000      2.90697e+00
41.000      2.16138e+00
42.000      1.53409e+00
43.000      1.05368e+00
44.000      7.27792e-01
45.000      5.52553e-01
46.000      5.21871e-01
47.000      6.33585e-01
48.000      8.90718e-01
49.000      1.29758e+00
50.000      1.85194e+00
51.000      2.53569e+00
52.000      3.30746e+00
53.000      4.10064e+00
54.000      4.82911e+00
55.000      5.40068e+00
56.000      5.73547e+00
57.000      5.78389e+00
58.000      5.53857e+00
59.000      5.03632e+00
60.000      4.34931e+00
61.000      3.56863e+00
62.000      2.78563e+00
63.000      2.07650e+00
64.000      1.49406e+00
65.000      1.06732e+00
66.000      8.07040e-01
67.000      7.13832e-01
68.000      7.85062e-01
69.000      1.01814e+00
70.000      1.40914e+00
71.000      1.94766e+00
72.000      2.61020e+00
73.000      3.35524e+00
74.000      4.12309e+00
75.000      4.84244e+00
76.000      5.44345e+00
77.000      5.87456e+00
78.000      6.11817e+00
79.000      6.19979e+00
80.000      6.18668e+00
81.000      6.17498e+00
82.000      6.26831e+00
83.000      6.55380e+00
84.000      7.08268e+00
85.000      7.86075e+00
86.000      8.85095e+00
87.000      9.98587e+00
88.000      1.11849e+01
89.000      1.23699e+01
90.000      1.34744e+01
91.000      1.44454e+01
92.000      1.52390e+01
93.000      1.58151e+01
94.000      1.61354e+01
95.000      1.61673e+01
96.000      1.58928e+01
97.000      1.53185e+01
98.000      1.44829e+01
99.000      1.34556e+01
100.000      1.23275e+01
101.000      1.11959e+01
102.000      1.01472e+01
103.000      9.24558e+00
104.000      8.52913e+00
105.000      8.01500e+00
106.000      7.70962e+00
107.000      7.61840e+00
108.000      7.74994e+00
109.000      8.11264e+00
110.000      8.70542e+00
111.000      9.50753e+00
112.000      1.04731e+01
113.000      1.15339e+01
114.000      1.26110e+01
115.000      1.36304e+01
116.000      1.45378e+01
117.000      1.53065e+01
118.000      1.59361e+01
119.000      1.64426e+01
120.000      1.68453e+01
121.000      1.71536e+01
122.000      1.73614e+01
123.000      1.74472e+01
124.000      1.73825e+01
125.000      1.71433e+01
126.000      1.67212e+01
127.000      1.61315e+01
128.000      1.54140e+01
129.000      1.46287e+01
130.000      1.38448e+01
131.000      1.31278e+01
132.000      1.25265e+01
133.000      1.20642e+01
134.000      1.17358e+01
135.000      1.15111e+01
136.000      1.13450e+01
137.000      1.11902e+01
138.000      1.10104e+01
139.000      1.07897e+01
140.000      1.05355e+01
141.000      1.02743e+01
142.000      1.00418e+01
143.000      9.87011e+00
144.000      9.77606e+00
145.000      9.75475e+00
146.000      9.77922e+00
147.000      9.80694e+00
148.000      9.79027e+00
149.000      9.68778e+00
150.000      9.47324e+00
151.000      9.13999e+00
152.000      8.70034e+00
153.000      8.18074e+00
154.000      7.61471e+00
155.000      7.03541e+00
156.000      6.46993e+00
157.000      5.93647e+00
158.000      5.44481e+00
159.000      4.99966e+00
160.000      4.60549e+00
161.000      4.27107e+00
162.000      4.01205e+00
163.000      3.85029e+00
164.000      3.80998e+00
165.000      3.91134e+00
166.000      4.16371e+00
167.000      4.56028e+00
168.000      5.07637e+00
169.000      5.67205e+00
170.000      6.29903e+00
171.000      6.91002e+00
172.000      7.46832e+00
173.000      7.95522e+00
174.000      8.37331e+00
175.000      8.74471e+00
176.000      9.10457e+00
177.000      9.49100e+00
178.000      9.93416e+00
179.000      1.04473e+01
180.000      1.10225e+01
181.000      1.16332e+01
182.000      1.22411e+01
183.000      1.28080e+01
184.000      1.33054e+01
185.000      1.37218e+01
186.000      1.40637e+01
187.000      1.43512e+01
188.000      1.46110e+01
189.000      1.48676e+01
190.000      1.51378e+01
191.000      1.54285e+01
192.000      1.57390e+01
193.000      1.60654e+01
194.000      1.64073e+01
195.000      1.67713e+01
196.000      1.71715e+01
197.000      1.76250e+01
198.000      1.81444e+01
199.000      1.87289e+01
200.000      1.93584e+01
201.000      1.99912e+01
202.000      2.05684e+01
203.000      2.10222e+01
204.000      2.12873e+01
205.000      2.13117e+01
206.000      2.10642e+01
207.000      2.05389e+01
208.000      1.97546e+01
209.000      1.87507e+01
210.000      1.75807e+01
211.000      1.63053e+01
212.000      1.49857e+01
213.000      1.36793e+01
214.000      1.24387e+01
215.000      1.13130e+01
216.000      1.03493e+01
217.000      9.59344e+00
218.000      9.08678e+00
219.000      8.85927e+00
220.000      8.92104e+00
221.000      9.25541e+00
222.000      9.81734e+00
223.000      1.05392e+01
224.000      1.13429e+01
225.000      1.21557e+01
226.000      1.29238e+01
227.000      1.36200e+01
228.000      1.42430e+01
229.000      1.48098e+01
230.000      1.53440e+01
231.000      1.58647e+01
232.000      1.63801e+01
233.000      1.68862e+01
234.000      1.73711e+01
235.000      1.78212e+01
236.000      1.82258e+01
237.000      1.85799e+01
238.000      1.88829e+01
239.000      1.91355e+01
240.000      1.93374e+01
241.000      1.94850e+01
242.000      1.95723e+01
243.000      1.95920e+01
244.000      1.95373e+01
245.000      1.94026e+01
246.000      1.91831e+01
247.000      1.88735e+01
248.000      1.84668e+01
249.000      1.79525e+01
250.000      1.73184e+01
251.000      1.65528e+01
252.000      1.56496e+01
253.000      1.46134e+01
254.000      1.34634e+01
255.000      1.22344e+01
256.000      1.09733e+01
257.000      9.73251e+00
258.000      8.56245e+00
259.000      7.50448e+00
260.000      6.58678e+00
261.000      5.82304e+00
262.000      5.21370e+00
263.000      4.74881e+00
264.000      4.41188e+00
265.000      4.18450e+00
266.000      4.05104e+00
267.000      4.00310e+00
268.000      4.04221e+00
269.000      4.18005e+00
270.000      4.43571e+00
271.000      4.83048e+00
272.000      5.38135e+00
273.000      6.09494e+00
274.000      6.96301e+00
275.000      7.96030e+00
276.000      9.04474e+00
277.000      1.01600e+01
278.000      1.12396e+01
279.000      1.22136e+01
280.000      1.30157e+01
281.000      1.35918e+01
282.000      1.39073e+01
283.000      1.39525e+01
284.000      1.37434e+01
285.000      1.33188e+01
286.000      1.27336e+01
287.000      1.20497e+01
288.000      1.13272e+01
289.000      1.06167e+01
290.000      9.95336e+00
291.000      9.35488e+00
292.000      8.82160e+00
293.000      8.33993e+00
294.000      7.88808e+00
295.000      7.44303e+00
296.000      6.98717e+00
297.000      6.51305e+00
298.000      6.02501e+00
299.000      5.53764e+00
300.000      5.07186e+00
301.000      4.65016e+00
302.000      4.29219e+00
303.000      4.01178e+00
304.000      3.81513e+00
305.000      3.69978e+00
306.000      3.65401e+00
307.000      3.65666e+00
308.000      3.67841e+00
309.000      3.68532e+00
310.000      3.64490e+00
311.000      3.53391e+00
312.000      3.34549e+00
313.000      3.09330e+00
314.000      2.81073e+00
315.000      2.54516e+00
316.000      2.34861e+00
317.000      2.26775e+00
318.000      2.33564e+00
319.000      2.56696e+00
320.000      2.95708e+00
321.000      3.48419e+00
322.000      4.11340e+00
323.000      4.80212e+00
324.000      5.50644e+00
325.000      6.18813e+00
326.000      6.82167e+00
327.000      7.39970e+00
328.000      7.93491e+00
329.000      8.45674e+00
330.000      9.00299e+00
331.000      9.60826e+00
332.000      1.02929e+01
333.000      1.10564e+01
334.000      1.18769e+01
335.000      1.27175e+01
336.000      1.35352e+01
337.000      1.42896e+01
338.000      1.49476e+01
339.000      1.54842e+01
340.000      1.58789e+01
341.000      1.61126e+01
342.000      1.61667e+01
343.000      1.60245e+01
344.000      1.56760e+01
345.000      1.51224e+01
346.000      1.43796e+01
347.000      1.34786e+01
348.000      1.24645e+01
349.000      1.13925e+01
350.000      1.03238e+01
351.000      9.31949e+00
352.000      8.43483e+00
353.000      7.71326e+00
354.000      7.18093e+00
355.000      6.84309e+00
356.000      6.68309e+00
357.000      6.66478e+00
358.000      6.73816e+00
359.000      6.84763e+00
360.000      6.94127e+00
361.000      6.97906e+00
362.000      6.93837e+00
363.000      6.81546e+00
364.000      6.62281e+00
365.000      6.38349e+00
366.000      6.12411e+00
367.000      5.86840e+00
368.000      5.63292e+00
369.000      5.42556e+00
370.000      5.24667e+00
371.000      5.09158e+00
372.000      4.95314e+00
373.000      4.82332e+00
374.000      4.69346e+00
375.000      4.55401e+00
376.000      4.39478e+00
377.000      4.20672e+00
378.000      3.98510e+00
379.000      3.73289e+00
380.000      3.46265e+00
381.000      3.19546e+00
382.000      2.95661e+00
383.000      2.76918e+00
384.000      2.64779e+00
385.000      2.59451e+00
386.000      2.59852e+00
387.000      2.63931e+00
388.000      2.69232e+00
389.000      2.73471e+00
390.000      2.74978e+00
391.000      2.72871e+00
392.000      2.66990e+00
393.000      2.57645e+00
394.000      2.45318e+00
395.000      2.30433e+00
396.000      2.13255e+00
397.000      1.93936e+00
398.000      1.72666e+00
399.000      1.49841e+00
400.000      1.26157e+00
401.000      1.02593e+00
402.000      8.02605e-01
403.000      6.01955e-01
404.000      4.31581e-01
405.000      2.95116e-01
406.000      1.92112e-01
407.000      1.18885e-01
408.000      6.98591e-02
409.000      3.89464e-02
410.000      2.05860e-02
411.000      1.03114e-02
412.000      4.89251e-03
413.000      2.19830e-03
414.000      9.35156e-04
415.000      3.76571e-04
416.000      1.43521e-04
417.000      5.17665e-05
418.000      1.76689e-05
419.000      5.70656e-06
420.000      1.74390e-06
421.000      5.04240e-07
422.000      1.37946e-07
423.000      3.57049e-08
424.000      8.74351e-09
425.000      2.02572e-09
426.000      4.44022e-10
427.000      9.20781e-11
428.000      1.80648e-11
429.000      3.35302e-12
430.000      5.88789e-13
431.000      9.78147e-14
432.000      1.53734e-14
433.000      2.28588e-15
434.000      3.21557e-16
435.000      4.27938e-17
436.000      5.38793e-18
437.000      6.41773e-19
438.000      7.23202e-20
439.000      7.71002e-21
440.000      7.77623e-22
441.000      7.41995e-23
442.000      6.69808e-24
443.000      5.72028e-25
444.000      4.62171e-26
445.000      3.53268e-27
446.000      2.55461e-28
447.000      1.74768e-29
448.000      1.13115e-30
449.000      6.92614e-32
450.000      4.01220e-33
451.000      2.19883e-34
452.000      1.14003e-35
453.000      5.59191e-37
454.000      2.59491e-38
455.000      1.13920e-39
456.000      4.73148e-41
457.000      1.85913e-42
458.000      6.91103e-44
459.000      2.43048e-45
460.000      8.08646e-47
461.000      2.54532e-48
462.000      7.57958e-50
463.000      2.13533e-51
464.000      5.69118e-53
465.000      1.43502e-54
466.000      3.42318e-56
467.000      7.72537e-58
468.000      1.64940e-59
469.000      3.33160e-61
470.000      6.36642e-63
471.000      1.15095e-64
472.000      1.96849e-66
473.000      3.18515e-68
474.000      4.87576e-70
475.000      7.06112e-72
476.000      9.67435e-74
477.000      1.25397e-75
478.000      1.53770e-77
479.000      1.78391e-79
480.000      1.95791e-81
481.000      2.03296e-83
482.000      1.99702e-85
483.000      1.85590e-87
484.000      1.63171e-89
485.000      1.35722e-91
486.000      1.06801e-93
487.000      7.95090e-96
488.000      5.59985e-98
489.000     3.73124e-100
490.000     2.35206e-102
491.000     1.40269e-104
492.000     7.91391e-107
493.000     4.22414e-109
494.000     2.13306e-111
495.000     1.01903e-113
496.000     4.60561e-116
497.000     1.96927e-118
498.000     7.96601e-121
499.000     3.04856e-123
500.000     1.10374e-125
