# Gaussian folded, width=10 cm^-1
# [cm^-1] arbitrary
0.000      3.00000e+00
1.000      2.91796e+00
2.000      2.68508e+00
3.000      2.33749e+00
4.000      1.92514e+00
5.000      1.50000e+00
6.000      1.10570e+00
7.000      7.71085e-01
8.000      5.08727e-01
9.000      3.17529e-01
10.000      1.87500e-01
11.000      1.04746e-01
12.000      5.53590e-02
13.000      2.76795e-02
14.000      1.30932e-02
15.000      5.85946e-03
16.000      2.48104e-03
17.000      9.94840e-04
18.000      3.80790e-04
19.000      1.49079e-04
20.000      8.97951e-05
21.000      1.44890e-04
22.000      3.69544e-04
23.000      9.71841e-04
24.000      2.44696e-03
25.000      5.84921e-03
26.000      1.32638e-02
27.000      2.85344e-02
28.000      5.82465e-02
29.000      1.12837e-01
30.000      2.07487e-01
31.000      3.62222e-01
32.000      6.00458e-01
33.000      9.45365e-01
34.000      1.41386e+00
35.000      2.00901e+00
36.000      2.71272e+00
37.000      3.48130e+00
38.000      4.24678e+00
39.000      4.92509e+00
40.000      5.43065e+00
41.000      5.69392e+00
42.000      5.67698e+00
43.000      5.38250e+00
44.000      4.85302e+00
45.000      4.16093e+00
46.000      3.39231e+00
47.000      2.62961e+00
48.000      1.93791e+00
49.000      1.35759e+00
50.000      9.03961e-01
51.000      5.72111e-01
52.000      3.44375e-01
53.000      1.97827e-01
54.000      1.10164e-01
55.000      6.34022e-02
56.000      4.56845e-02
57.000      5.18929e-02
58.000      8.37436e-02
59.000      1.49701e-01
60.000      2.64594e-01
61.000      4.48429e-01
62.000      7.23686e-01
63.000      1.11063e+00
64.000      1.62076e+00
65.000      2.24944e+00
66.000      2.96985e+00
67.000      3.73069e+00
68.000      4.45983e+00
69.000      5.07439e+00
70.000      5.49579e+00
71.000      5.66605e+00
72.000      5.56085e+00
73.000      5.19522e+00
74.000      4.62022e+00
75.000      3.91162e+00
76.000      3.15412e+00
77.000      2.42606e+00
78.000      1.78830e+00
79.000      1.27973e+00
80.000      9.18974e-01
81.000      7.10135e-01
82.000      6.49656e-01
83.000      7.31496e-01
84.000      9.48989e-01
85.000      1.29317e+00
86.000      1.74867e+00
87.000      2.28924e+00
88.000      2.87511e+00
89.000      3.45414e+00
90.000      3.96723e+00
91.000      4.35764e+00
92.000      4.58187e+00
93.000      4.61948e+00
94.000      4.47925e+00
95.000      4.19963e+00
96.000      3.84352e+00
97.000      3.48835e+00
98.000      3.21381e+00
99.000      3.08993e+00
100.000      3.16732e+00
101.000      3.47074e+00
102.000      3.99648e+00
103.000      4.71311e+00
104.000      5.56593e+00
105.000      6.48483e+00
106.000      7.39523e+00
107.000      8.23065e+00
108.000      8.94424e+00
109.000      9.51608e+00
110.000      9.95368e+00
111.000      1.02852e+01
112.000      1.05473e+01
113.000      1.07712e+01
114.000      1.09723e+01
115.000      1.11452e+01
116.000      1.12665e+01
117.000      1.13029e+01
118.000      1.12221e+01
119.000      1.10031e+01
120.000      1.06428e+01
121.000      1.01584e+01
122.000      9.58515e+00
123.000      8.97076e+00
124.000      8.36807e+00
125.000      7.82723e+00
126.000      7.38885e+00
127.000      7.07903e+00
128.000      6.90702e+00
129.000      6.86542e+00
130.000      6.93280e+00
131.000      7.07818e+00
132.000      7.26686e+00
133.000      7.46686e+00
134.000      7.65524e+00
135.000      7.82287e+00
136.000      7.97630e+00
137.000      8.13573e+00
138.000      8.32893e+00
139.000      8.58268e+00
140.000      8.91379e+00
141.000      9.32260e+00
142.000      9.79067e+00
143.000      1.02832e+01
144.000      1.07552e+01
145.000      1.11594e+01
146.000      1.14542e+01
147.000      1.16097e+01
148.000      1.16127e+01
149.000      1.14684e+01
150.000      1.12011e+01
151.000      1.08517e+01
152.000      1.04728e+01
153.000      1.01211e+01
154.000      9.84755e+00
155.000      9.68834e+00
156.000      9.65834e+00
157.000      9.74930e+00
158.000      9.93297e+00
159.000      1.01681e+01
160.000      1.04094e+01
161.000      1.06151e+01
162.000      1.07531e+01
163.000      1.08032e+01
164.000      1.07572e+01
165.000      1.06164e+01
166.000      1.03883e+01
167.000      1.00825e+01
168.000      9.70771e+00
169.000      9.26978e+00
170.000      8.77265e+00
171.000      8.22109e+00
172.000      7.62458e+00
173.000      7.00069e+00
174.000      6.37611e+00
175.000      5.78477e+00
176.000      5.26337e+00
177.000      4.84578e+00
178.000      4.55798e+00
179.000      4.41471e+00
180.000      4.41804e+00
181.000      4.55777e+00
182.000      4.81295e+00
183.000      5.15440e+00
184.000      5.54788e+00
185.000      5.95784e+00
186.000      6.35132e+00
187.000      6.70120e+00
188.000      6.98824e+00
189.000      7.20144e+00
190.000      7.33713e+00
191.000      7.39750e+00
192.000      7.38937e+00
193.000      7.32353e+00
194.000      7.21435e+00
195.000      7.07906e+00
196.000      6.93610e+00
197.000      6.80261e+00
198.000      6.69164e+00
199.000      6.60982e+00
200.000      6.55629e+00
201.000      6.52278e+00
202.000      6.49487e+00
203.000      6.45399e+00
204.000      6.38022e+00
205.000      6.25577e+00
206.000      6.06863e+00
207.000      5.81579e+00
208.000      5.50465e+00
209.000      5.15177e+00
210.000      4.77906e+00
211.000      4.40837e+00
212.000      4.05644e+00
213.000      3.73180e+00
214.000      3.43446e+00
215.000      3.15798e+00
216.000      2.89276e+00
217.000      2.62930e+00
218.000      2.36064e+00
219.000      2.08372e+00
220.000      1.79981e+00
221.000      1.51427e+00
222.000      1.23558e+00
223.000      9.73765e-01
224.000      7.38502e-01
225.000      5.37221e-01
226.000      3.73813e-01
227.000      2.48229e-01
228.000      1.57011e-01
229.000      9.44563e-02
230.000      5.39802e-02
231.000      2.92776e-02
232.000      1.50596e-02
233.000      7.34225e-03
234.000      3.39147e-03
235.000      1.48371e-03
236.000      6.14605e-04
237.000      2.41017e-04
238.000      8.94613e-05
239.000      3.14275e-05
240.000      1.04480e-05
241.000      3.28678e-06
242.000      9.78376e-07
243.000      2.75561e-07
244.000      7.34334e-08
245.000      1.85150e-08
246.000      4.41682e-09
247.000      9.97614e-10
248.000      2.17509e-10
249.000      6.84375e-11
250.000      1.39402e-10
251.000      6.41450e-10
252.000      2.95383e-09
253.000      1.28963e-08
254.000      5.32721e-08
255.000      2.08190e-07
256.000      7.69744e-07
257.000      2.69253e-06
258.000      8.91059e-06
259.000      2.78991e-05
260.000      8.26455e-05
261.000      2.31635e-04
262.000      6.14275e-04
263.000      1.54141e-03
264.000      3.66018e-03
265.000      8.22560e-03
266.000      1.74977e-02
267.000      3.52410e-02
268.000      6.72225e-02
269.000      1.21505e-01
270.000      2.08250e-01
271.000      3.38785e-01
272.000      5.23866e-01
273.000      7.71471e-01
274.000      1.08485e+00
275.000      1.46180e+00
276.000      1.89568e+00
277.000      2.37813e+00
278.000      2.90183e+00
279.000      3.46155e+00
280.000      4.05170e+00
281.000      4.66053e+00
282.000      5.26364e+00
283.000      5.82086e+00
284.000      6.28066e+00
285.000      6.59330e+00
286.000      6.72976e+00
287.000      6.69999e+00
288.000      6.56285e+00
289.000      6.42200e+00
290.000      6.40713e+00
291.000      6.64475e+00
292.000      7.22681e+00
293.000      8.18591e+00
294.000      9.48407e+00
295.000      1.10175e+01
296.000      1.26355e+01
297.000      1.41675e+01
298.000      1.54519e+01
299.000      1.63600e+01
300.000      1.68116e+01
301.000      1.67826e+01
302.000      1.63057e+01
303.000      1.54663e+01
304.000      1.43937e+01
305.000      1.32466e+01
306.000      1.21930e+01
307.000      1.13833e+01
308.000      1.09231e+01
309.000      1.08508e+01
310.000      1.11269e+01
311.000      1.16420e+01
312.000      1.22402e+01
313.000      1.27559e+01
314.000      1.30520e+01
315.000      1.30532e+01
316.000      1.27629e+01
317.000      1.22642e+01
318.000      1.17035e+01
319.000      1.12620e+01
320.000      1.11217e+01
321.000      1.14338e+01
322.000      1.22935e+01
323.000      1.37284e+01
324.000      1.56991e+01
325.000      1.81109e+01
326.000      2.08314e+01
327.000      2.37089e+01
328.000      2.65858e+01
329.000      2.93079e+01
330.000      3.17280e+01
331.000      3.37113e+01
332.000      3.51426e+01
333.000      3.59385e+01
334.000      3.60612e+01
335.000      3.55288e+01
336.000      3.44189e+01
337.000      3.28611e+01
338.000      3.10205e+01
339.000      2.90759e+01
340.000      2.71980e+01
341.000      2.55316e+01
342.000      2.41856e+01
343.000      2.32290e+01
344.000      2.26928e+01
345.000      2.25742e+01
346.000      2.28423e+01
347.000      2.34433e+01
348.000      2.43057e+01
349.000      2.53464e+01
350.000      2.64775e+01
351.000      2.76139e+01
352.000      2.86800e+01
353.000      2.96144e+01
354.000      3.03711e+01
355.000      3.09159e+01
356.000      3.12206e+01
357.000      3.12566e+01
358.000      3.09908e+01
359.000      3.03865e+01
360.000      2.94090e+01
361.000      2.80361e+01
362.000      2.62691e+01
363.000      2.41423e+01
364.000      2.17271e+01
365.000      1.91295e+01
366.000      1.64789e+01
367.000      1.39133e+01
368.000      1.15604e+01
369.000      9.52137e+00
370.000      7.86010e+00
371.000      6.59965e+00
372.000      5.72725e+00
373.000      5.20491e+00
374.000      4.98248e+00
375.000      5.00930e+00
376.000      5.24188e+00
377.000      5.64743e+00
378.000      6.20456e+00
379.000      6.90328e+00
380.000      7.74510e+00
381.000      8.74241e+00
382.000      9.91443e+00
383.000      1.12778e+01
384.000      1.28329e+01
385.000      1.45498e+01
386.000      1.63619e+01
387.000      1.81717e+01
388.000      1.98699e+01
389.000      2.13620e+01
390.000      2.25905e+01
391.000      2.35439e+01
392.000      2.42458e+01
393.000      2.47295e+01
394.000      2.50076e+01
395.000      2.50508e+01
396.000      2.47868e+01
397.000      2.41198e+01
398.000      2.29651e+01
399.000      2.12856e+01
400.000      1.91171e+01
401.000      1.65725e+01
402.000      1.38248e+01
403.000      1.10741e+01
404.000      8.51013e+00
405.000      6.28056e+00
406.000      4.47339e+00
407.000      3.11491e+00
408.000      2.18031e+00
409.000      1.61084e+00
410.000      1.33178e+00
411.000      1.26685e+00
412.000      1.34764e+00
413.000      1.51828e+00
414.000      1.73655e+00
415.000      1.97294e+00
416.000      2.20848e+00
417.000      2.43212e+00
418.000      2.63828e+00
419.000      2.82465e+00
420.000      2.99068e+00
421.000      3.13621e+00
422.000      3.26028e+00
423.000      3.35981e+00
424.000      3.42856e+00
425.000      3.45676e+00
426.000      3.43224e+00
427.000      3.34296e+00
428.000      3.18060e+00
429.000      2.94412e+00
430.000      2.64210e+00
431.000      2.29282e+00
432.000      1.92218e+00
433.000      1.55970e+00
434.000      1.23400e+00
435.000      9.68515e-01
436.000      7.78625e-01
437.000      6.70051e-01
438.000      6.38681e-01
439.000      6.71409e-01
440.000      7.47919e-01
441.000      8.43386e-01
442.000      9.32053e-01
443.000      9.91314e-01
444.000      1.00552e+00
445.000      9.68507e-01
446.000      8.84049e-01
447.000      7.64030e-01
448.000      6.24913e-01
449.000      4.83637e-01
450.000      3.54136e-01
451.000      2.45332e-01
452.000      1.60791e-01
453.000      9.96994e-02
454.000      5.84846e-02
455.000      3.24570e-02
456.000      1.70410e-02
457.000      8.46441e-03
458.000      3.97757e-03
459.000      1.76830e-03
460.000      7.43724e-04
461.000      2.95927e-04
462.000      1.11398e-04
463.000      3.96721e-05
464.000      1.33663e-05
465.000      4.26045e-06
466.000      1.28474e-06
467.000      3.66518e-07
468.000      9.89219e-08
469.000      2.52584e-08
470.000      6.10153e-09
471.000      1.39440e-09
472.000      3.01478e-10
473.000      6.16651e-11
474.000      1.19328e-11
475.000      2.18455e-12
476.000      3.78355e-13
477.000      6.19947e-14
478.000      9.61008e-15
479.000      1.40935e-15
480.000      1.95535e-16
481.000      2.56656e-17
482.000      3.18709e-18
483.000      3.74416e-19
484.000      4.16134e-20
485.000      4.37551e-21
486.000      4.35254e-22
487.000      4.09613e-23
488.000      3.64689e-24
489.000      3.07177e-25
490.000      2.44778e-26
491.000      1.84533e-27
492.000      1.31611e-28
493.000      8.88034e-30
494.000      5.66871e-31
495.000      3.42339e-32
496.000      1.95589e-33
497.000      1.05719e-34
498.000      5.40601e-36
499.000      2.61529e-37
500.000      1.19696e-38
