# Gaussian folded, width=10 cm^-1
# [cm^-1] arbitrary
0.000      3.00000e+00
1.000      2.91796e+00
2.000      2.68508e+00
3.000      2.33749e+00
4.000      1.92514e+00
5.000      1.50000e+00
6.000      1.10570e+00
7.000      7.71085e-01
8.000      5.08727e-01
9.000      3.17529e-01
10.000      1.87500e-01
11.000      1.04746e-01
12.000      5.53591e-02
13.000      2.76797e-02
14.000      1.30939e-02
15.000      5.86180e-03
16.000      2.48892e-03
17.000      1.02007e-03
18.000      4.57186e-04
19.000      3.67978e-04
20.000      6.83355e-04
21.000      1.66786e-03
22.000      4.06670e-03
23.000      9.46228e-03
24.000      2.08880e-02
25.000      4.37212e-02
26.000      8.67785e-02
27.000      1.63354e-01
28.000      2.91693e-01
29.000      4.94191e-01
30.000      7.94569e-01
31.000      1.21267e+00
32.000      1.75727e+00
33.000      2.41847e+00
34.000      3.16212e+00
35.000      3.92902e+00
36.000      4.64086e+00
37.000      5.21270e+00
38.000      5.56959e+00
39.000      5.66270e+00
40.000      5.48029e+00
41.000      5.05004e+00
42.000      4.43216e+00
43.000      3.70571e+00
44.000      2.95224e+00
45.000      2.24150e+00
46.000      1.62242e+00
47.000      1.12039e+00
48.000      7.40204e-01
49.000      4.72339e-01
50.000      3.00436e-01
51.000      2.08014e-01
52.000      1.83408e-01
53.000      2.22529e-01
54.000      3.29477e-01
55.000      5.15096e-01
56.000      7.93601e-01
57.000      1.17753e+00
58.000      1.67160e+00
59.000      2.26665e+00
60.000      2.93526e+00
61.000      3.63083e+00
62.000      4.29119e+00
63.000      4.84705e+00
64.000      5.23366e+00
65.000      5.40313e+00
66.000      5.33415e+00
67.000      5.03646e+00
68.000      4.54889e+00
69.000      3.93160e+00
70.000      3.25482e+00
71.000      2.58726e+00
72.000      1.98688e+00
73.000      1.49574e+00
74.000      1.13924e+00
75.000      9.28501e-01
76.000      8.64358e-01
77.000      9.41090e-01
78.000      1.14873e+00
79.000      1.47356e+00
80.000      1.89700e+00
81.000      2.39393e+00
82.000      2.93142e+00
83.000      3.46915e+00
84.000      3.96242e+00
85.000      4.36801e+00
86.000      4.65211e+00
87.000      4.79864e+00
88.000      4.81536e+00
89.000      4.73551e+00
90.000      4.61395e+00
91.000      4.51817e+00
92.000      4.51646e+00
93.000      4.66598e+00
94.000      5.00362e+00
95.000      5.54090e+00
96.000      6.26350e+00
97.000      7.13462e+00
98.000      8.10094e+00
99.000      9.10021e+00
100.000      1.00691e+01
101.000      1.09501e+01
102.000      1.16974e+01
103.000      1.22795e+01
104.000      1.26803e+01
105.000      1.28976e+01
106.000      1.29400e+01
107.000      1.28245e+01
108.000      1.25728e+01
109.000      1.22091e+01
110.000      1.17579e+01
111.000      1.12416e+01
112.000      1.06801e+01
113.000      1.00903e+01
114.000      9.48849e+00
115.000      8.89259e+00
116.000      8.32452e+00
117.000      7.81086e+00
118.000      7.38124e+00
119.000      7.06492e+00
120.000      6.88687e+00
121.000      6.86460e+00
122.000      7.00650e+00
123.000      7.31132e+00
124.000      7.76812e+00
125.000      8.35605e+00
126.000      9.04424e+00
127.000      9.79264e+00
128.000      1.05550e+01
129.000      1.12839e+01
130.000      1.19377e+01
131.000      1.24862e+01
132.000      1.29146e+01
133.000      1.32227e+01
134.000      1.34221e+01
135.000      1.35303e+01
136.000      1.35656e+01
137.000      1.35441e+01
138.000      1.34779e+01
139.000      1.33762e+01
140.000      1.32457e+01
141.000      1.30914e+01
142.000      1.29167e+01
143.000      1.27223e+01
144.000      1.25067e+01
145.000      1.22662e+01
146.000      1.19962e+01
147.000      1.16924e+01
148.000      1.13533e+01
149.000      1.09814e+01
150.000      1.05849e+01
151.000      1.01783e+01
152.000      9.78039e+00
153.000      9.41180e+00
154.000      9.08996e+00
155.000      8.82466e+00
156.000      8.61520e+00
157.000      8.45030e+00
158.000      8.31139e+00
159.000      8.17814e+00
160.000      8.03440e+00
161.000      7.87271e+00
162.000      7.69574e+00
163.000      7.51433e+00
164.000      7.34299e+00
165.000      7.19454e+00
166.000      7.07575e+00
167.000      6.98571e+00
168.000      6.91738e+00
169.000      6.86162e+00
170.000      6.81196e+00
171.000      6.76784e+00
172.000      6.73470e+00
173.000      6.72061e+00
174.000      6.73097e+00
175.000      6.76359e+00
176.000      6.80664e+00
177.000      6.84070e+00
178.000      6.84401e+00
179.000      6.79893e+00
180.000      6.69707e+00
181.000      6.54104e+00
182.000      6.34283e+00
183.000      6.11952e+00
184.000      5.88856e+00
185.000      5.66436e+00
186.000      5.45734e+00
187.000      5.27548e+00
188.000      5.12728e+00
189.000      5.02442e+00
190.000      4.98271e+00
191.000      5.02022e+00
192.000      5.15319e+00
193.000      5.39090e+00
194.000      5.73138e+00
195.000      6.15965e+00
196.000      6.64910e+00
197.000      7.16568e+00
198.000      7.67337e+00
199.000      8.13927e+00
200.000      8.53708e+00
201.000      8.84835e+00
202.000      9.06199e+00
203.000      9.17295e+00
204.000      9.18070e+00
205.000      9.08836e+00
206.000      8.90240e+00
207.000      8.63312e+00
208.000      8.29547e+00
209.000      7.90998e+00
210.000      7.50300e+00
211.000      7.10574e+00
212.000      6.75171e+00
213.000      6.47269e+00
214.000      6.29440e+00
215.000      6.23299e+00
216.000      6.29372e+00
217.000      6.47188e+00
218.000      6.75560e+00
219.000      7.12888e+00
220.000      7.57359e+00
221.000      8.06966e+00
222.000      8.59394e+00
223.000      9.11914e+00
224.000      9.61420e+00
225.000      1.00471e+01
226.000      1.03894e+01
227.000      1.06216e+01
228.000      1.07362e+01
229.000      1.07388e+01
230.000      1.06449e+01
231.000      1.04758e+01
232.000      1.02528e+01
233.000      9.99504e+00
234.000      9.71772e+00
235.000      9.43397e+00
236.000      9.15645e+00
237.000      8.89808e+00
238.000      8.67082e+00
239.000      8.48302e+00
240.000      8.33668e+00
241.000      8.22622e+00
242.000      8.13986e+00
243.000      8.06319e+00
244.000      7.98352e+00
245.000      7.89355e+00
246.000      7.79265e+00
247.000      7.68573e+00
248.000      7.58029e+00
249.000      7.48286e+00
250.000      7.39624e+00
251.000      7.31803e+00
252.000      7.24075e+00
253.000      7.15327e+00
254.000      7.04316e+00
255.000      6.89962e+00
256.000      6.71630e+00
257.000      6.49315e+00
258.000      6.23648e+00
259.000      5.95675e+00
260.000      5.66482e+00
261.000      5.36789e+00
262.000      5.06729e+00
263.000      4.75901e+00
264.000      4.43707e+00
265.000      4.09814e+00
266.000      3.74507e+00
267.000      3.38790e+00
268.000      3.04170e+00
269.000      2.72254e+00
270.000      2.44328e+00
271.000      2.21077e+00
272.000      2.02508e+00
273.000      1.88045e+00
274.000      1.76718e+00
275.000      1.67398e+00
276.000      1.59049e+00
277.000      1.50986e+00
278.000      1.43118e+00
279.000      1.36086e+00
280.000      1.31218e+00
281.000      1.30256e+00
282.000      1.34894e+00
283.000      1.46262e+00
284.000      1.64547e+00
285.000      1.88893e+00
286.000      2.17641e+00
287.000      2.48834e+00
288.000      2.80800e+00
289.000      3.12607e+00
290.000      3.44210e+00
291.000      3.76261e+00
292.000      4.09675e+00
293.000      4.45132e+00
294.000      4.82724e+00
295.000      5.21858e+00
296.000      5.61437e+00
297.000      6.00204e+00
298.000      6.37098e+00
299.000      6.71487e+00
300.000      7.03192e+00
301.000      7.32359e+00
302.000      7.59268e+00
303.000      7.84218e+00
304.000      8.07569e+00
305.000      8.29888e+00
306.000      8.52093e+00
307.000      8.75425e+00
308.000      9.01177e+00
309.000      9.30233e+00
310.000      9.62615e+00
311.000      9.97263e+00
312.000      1.03221e+01
313.000      1.06509e+01
314.000      1.09386e+01
315.000      1.11745e+01
316.000      1.13605e+01
317.000      1.15122e+01
318.000      1.16561e+01
319.000      1.18257e+01
320.000      1.20574e+01
321.000      1.23857e+01
322.000      1.28397e+01
323.000      1.34388e+01
324.000      1.41902e+01
325.000      1.50870e+01
326.000      1.61082e+01
327.000      1.72205e+01
328.000      1.83812e+01
329.000      1.95419e+01
330.000      2.06524e+01
331.000      2.16657e+01
332.000      2.25428e+01
333.000      2.32579e+01
334.000      2.38024e+01
335.000      2.41871e+01
336.000      2.44409e+01
337.000      2.46057e+01
338.000      2.47290e+01
339.000      2.48547e+01
340.000      2.50159e+01
341.000      2.52304e+01
342.000      2.55009e+01
343.000      2.58178e+01
344.000      2.61652e+01
345.000      2.65257e+01
346.000      2.68842e+01
347.000      2.72282e+01
348.000      2.75459e+01
349.000      2.78221e+01
350.000      2.80356e+01
351.000      2.81575e+01
352.000      2.81538e+01
353.000      2.79896e+01
354.000      2.76358e+01
355.000      2.70743e+01
356.000      2.63015e+01
357.000      2.53286e+01
358.000      2.41785e+01
359.000      2.28822e+01
360.000      2.14741e+01
361.000      1.99890e+01
362.000      1.84607e+01
363.000      1.69227e+01
364.000      1.54088e+01
365.000      1.39534e+01
366.000      1.25906e+01
367.000      1.13511e+01
368.000      1.02579e+01
369.000      9.32232e+00
370.000      8.54156e+00
371.000      7.89980e+00
372.000      7.37315e+00
373.000      6.93773e+00
374.000      6.57894e+00
375.000      6.29870e+00
376.000      6.11799e+00
377.000      6.07332e+00
378.000      6.20772e+00
379.000      6.55904e+00
380.000      7.14878e+00
381.000      7.97486e+00
382.000      9.00931e+00
383.000      1.02009e+01
384.000      1.14811e+01
385.000      1.27710e+01
386.000      1.39885e+01
387.000      1.50545e+01
388.000      1.58986e+01
389.000      1.64624e+01
390.000      1.67031e+01
391.000      1.65955e+01
392.000      1.61337e+01
393.000      1.53338e+01
394.000      1.42357e+01
395.000      1.29039e+01
396.000      1.14250e+01
397.000      9.90038e+00
398.000      8.43378e+00
399.000      7.11659e+00
400.000      6.01365e+00
401.000      5.15425e+00
402.000      4.53093e+00
403.000      4.10648e+00
404.000      3.82708e+00
405.000      3.63732e+00
406.000      3.49292e+00
407.000      3.36752e+00
408.000      3.25255e+00
409.000      3.15119e+00
410.000      3.06984e+00
411.000      3.01042e+00
412.000      2.96634e+00
413.000      2.92311e+00
414.000      2.86228e+00
415.000      2.76680e+00
416.000      2.62547e+00
417.000      2.43527e+00
418.000      2.20149e+00
419.000      1.93641e+00
420.000      1.65716e+00
421.000      1.38356e+00
422.000      1.13576e+00
423.000      9.31965e-01
424.000      7.85978e-01
425.000      7.04992e-01
426.000      6.87961e-01
427.000      7.25051e-01
428.000      7.98576e-01
429.000      8.85579e-01
430.000      9.61761e-01
431.000      1.00604e+00
432.000      1.00458e+00
433.000      9.53230e-01
434.000      8.57581e-01
435.000      7.30690e-01
436.000      5.89297e-01
437.000      4.49743e-01
438.000      3.24762e-01
439.000      2.21877e-01
440.000      1.43413e-01
441.000      8.76976e-02
442.000      5.07351e-02
443.000      2.77683e-02
444.000      1.43783e-02
445.000      7.04342e-03
446.000      3.26421e-03
447.000      1.43117e-03
448.000      5.93635e-04
449.000      2.32952e-04
450.000      8.64832e-05
451.000      3.03748e-05
452.000      1.00929e-05
453.000      3.17272e-06
454.000      9.43554e-07
455.000      2.65473e-07
456.000      7.06627e-08
457.000      1.77942e-08
458.000      4.23920e-09
459.000      9.55447e-10
460.000      2.03727e-10
461.000      4.10966e-11
462.000      7.84300e-12
463.000      1.41604e-12
464.000      2.41873e-13
465.000      3.90855e-14
466.000      5.97533e-15
467.000      8.64223e-16
468.000      1.18252e-16
469.000      1.53076e-17
470.000      1.87466e-18
471.000      2.17199e-19
472.000      2.38073e-20
473.000      2.46876e-21
474.000      2.42196e-22
475.000      2.24787e-23
476.000      1.97376e-24
477.000      1.63959e-25
478.000      1.28852e-26
479.000      9.58003e-28
480.000      6.73845e-29
481.000      4.48405e-30
482.000      2.82292e-31
483.000      1.68129e-32
484.000      9.47342e-34
485.000      5.04996e-35
486.000      2.54675e-36
487.000      1.21507e-37
488.000      5.48449e-39
489.000      2.34200e-40
490.000      9.46141e-42
491.000      3.61612e-43
492.000      1.30751e-44
493.000      4.47268e-46
494.000      1.44746e-47
495.000      4.43164e-49
496.000      1.28363e-50
497.000      3.51747e-52
498.000      9.11885e-54
499.000      2.23649e-55
500.000      5.18934e-57
