# Gaussian folded, width=10 cm^-1
# [cm^-1] arbitrary
0.000      3.00000e+00
1.000      2.91796e+00
2.000      2.68508e+00
3.000      2.33749e+00
4.000      1.92514e+00
5.000      1.50000e+00
6.000      1.10570e+00
7.000      7.71085e-01
8.000      5.08727e-01
9.000      3.17530e-01
10.000      1.87503e-01
11.000      1.04756e-01
12.000      5.53909e-02
13.000      2.77770e-02
14.000      1.33757e-02
15.000      6.63511e-03
16.000      4.49799e-03
17.000      5.96224e-03
18.000      1.19680e-02
19.000      2.57504e-02
20.000      5.36675e-02
21.000      1.06351e-01
22.000      1.99782e-01
23.000      3.55600e-01
24.000      5.99714e-01
25.000      9.58342e-01
26.000      1.45115e+00
27.000      2.08228e+00
28.000      2.83155e+00
29.000      3.64910e+00
30.000      4.45699e+00
31.000      5.15952e+00
32.000      5.66116e+00
33.000      5.88770e+00
34.000      5.80427e+00
35.000      5.42424e+00
36.000      4.80599e+00
37.000      4.03870e+00
38.000      3.22235e+00
39.000      2.44835e+00
40.000      1.78653e+00
41.000      1.28074e+00
42.000      9.52436e-01
43.000      8.08580e-01
44.000      8.49561e-01
45.000      1.07361e+00
46.000      1.47590e+00
47.000      2.04286e+00
48.000      2.74430e+00
49.000      3.52728e+00
50.000      4.31549e+00
51.000      5.01663e+00
52.000      5.53735e+00
53.000      5.80212e+00
54.000      5.77051e+00
55.000      5.44701e+00
56.000      4.88001e+00
57.000      4.15023e+00
58.000      3.35257e+00
59.000      2.57730e+00
60.000      1.89606e+00
61.000      1.35579e+00
62.000      9.80468e-01
63.000      7.78053e-01
64.000      7.48721e-01
65.000      8.90790e-01
66.000      1.20219e+00
67.000      1.67717e+00
68.000      2.30002e+00
69.000      3.03866e+00
70.000      3.84193e+00
71.000      4.64326e+00
72.000      5.37165e+00
73.000      5.96805e+00
74.000      6.40253e+00
75.000      6.68627e+00
76.000      6.87339e+00
77.000      7.05057e+00
78.000      7.31655e+00
79.000      7.75748e+00
80.000      8.42543e+00
81.000      9.32647e+00
82.000      1.04210e+01
83.000      1.16349e+01
84.000      1.28769e+01
85.000      1.40563e+01
86.000      1.50954e+01
87.000      1.59358e+01
88.000      1.65383e+01
89.000      1.68794e+01
90.000      1.69479e+01
91.000      1.67440e+01
92.000      1.62808e+01
93.000      1.55862e+01
94.000      1.47045e+01
95.000      1.36949e+01
96.000      1.26259e+01
97.000      1.15697e+01
98.000      1.05953e+01
99.000      9.76483e+00
100.000      9.13162e+00
101.000      8.73885e+00
102.000      8.61778e+00
103.000      8.78398e+00
104.000      9.23268e+00
105.000      9.93535e+00
106.000      1.08401e+01
107.000      1.18774e+01
108.000      1.29704e+01
109.000      1.40472e+01
110.000      1.50509e+01
111.000      1.59443e+01
112.000      1.67080e+01
113.000      1.73327e+01
114.000      1.78111e+01
115.000      1.81314e+01
116.000      1.82776e+01
117.000      1.82348e+01
118.000      1.79975e+01
119.000      1.75779e+01
120.000      1.70099e+01
121.000      1.63485e+01
122.000      1.56637e+01
123.000      1.50307e+01
124.000      1.45177e+01
125.000      1.41742e+01
126.000      1.40210e+01
127.000      1.40441e+01
128.000      1.41962e+01
129.000      1.44040e+01
130.000      1.45828e+01
131.000      1.46534e+01
132.000      1.45569e+01
133.000      1.42650e+01
134.000      1.37814e+01
135.000      1.31353e+01
136.000      1.23714e+01
137.000      1.15376e+01
138.000      1.06771e+01
139.000      9.82464e+00
140.000      9.00712e+00
141.000      8.24640e+00
142.000      7.56084e+00
143.000      6.96466e+00
144.000      6.46507e+00
145.000      6.05888e+00
146.000      5.73074e+00
147.000      5.45451e+00
148.000      5.19776e+00
149.000      4.92812e+00
150.000      4.61991e+00
151.000      4.25943e+00
152.000      3.84800e+00
153.000      3.40265e+00
154.000      2.95432e+00
155.000      2.54397e+00
156.000      2.21713e+00
157.000      2.01765e+00
158.000      1.98167e+00
159.000      2.13269e+00
160.000      2.47842e+00
161.000      3.00940e+00
162.000      3.69925e+00
163.000      4.50644e+00
164.000      5.37794e+00
165.000      6.25560e+00
166.000      7.08585e+00
167.000      7.83198e+00
168.000      8.48610e+00
169.000      9.07608e+00
170.000      9.66247e+00
171.000      1.03234e+01
172.000      1.11301e+01
173.000      1.21198e+01
174.000      1.32772e+01
175.000      1.45308e+01
176.000      1.57682e+01
177.000      1.68644e+01
178.000      1.77148e+01
179.000      1.82615e+01
180.000      1.85060e+01
181.000      1.85040e+01
182.000      1.83466e+01
183.000      1.81331e+01
184.000      1.79426e+01
185.000      1.78147e+01
186.000      1.77418e+01
187.000      1.76800e+01
188.000      1.75732e+01
189.000      1.73861e+01
190.000      1.71336e+01
191.000      1.68954e+01
192.000      1.68085e+01
193.000      1.70365e+01
194.000      1.77258e+01
195.000      1.89598e+01
196.000      2.07278e+01
197.000      2.29180e+01
198.000      2.53362e+01
199.000      2.77438e+01
200.000      2.99051e+01
201.000      3.16274e+01
202.000      3.27874e+01
203.000      3.33386e+01
204.000      3.33017e+01
205.000      3.27457e+01
206.000      3.17656e+01
207.000      3.04626e+01
208.000      2.89302e+01
209.000      2.72460e+01
210.000      2.54691e+01
211.000      2.36444e+01
212.000      2.18084e+01
213.000      1.99983e+01
214.000      1.82561e+01
215.000      1.66275e+01
216.000      1.51537e+01
217.000      1.38592e+01
218.000      1.27409e+01
219.000      1.17656e+01
220.000      1.08770e+01
221.000      1.00136e+01
222.000      9.12961e+00
223.000      8.21319e+00
224.000      7.29621e+00
225.000      6.45158e+00
226.000      5.77967e+00
227.000      5.38746e+00
228.000      5.36560e+00
229.000      5.76872e+00
230.000      6.60317e+00
231.000      7.82448e+00
232.000      9.34503e+00
233.000      1.10501e+01
234.000      1.28186e+01
235.000      1.45439e+01
236.000      1.61498e+01
237.000      1.75972e+01
238.000      1.88824e+01
239.000      2.00266e+01
240.000      2.10610e+01
241.000      2.20126e+01
242.000      2.28926e+01
243.000      2.36915e+01
244.000      2.43791e+01
245.000      2.49093e+01
246.000      2.52274e+01
247.000      2.52770e+01
248.000      2.50071e+01
249.000      2.43791e+01
250.000      2.33731e+01
251.000      2.19952e+01
252.000      2.02835e+01
253.000      1.83102e+01
254.000      1.61781e+01
255.000      1.40097e+01
256.000      1.19305e+01
257.000      1.00504e+01
258.000      8.44747e+00
259.000      7.15985e+00
260.000      6.18743e+00
261.000      5.50224e+00
262.000      5.06424e+00
263.000      4.83769e+00
264.000      4.80320e+00
265.000      4.96263e+00
266.000      5.33607e+00
267.000      5.95275e+00
268.000      6.83887e+00
269.000      8.00622e+00
270.000      9.44440e+00
271.000      1.11181e+01
272.000      1.29696e+01
273.000      1.49242e+01
274.000      1.68980e+01
275.000      1.88051e+01
276.000      2.05637e+01
277.000      2.21002e+01
278.000      2.33521e+01
279.000      2.42682e+01
280.000      2.48086e+01
281.000      2.49441e+01
282.000      2.46574e+01
283.000      2.39453e+01
284.000      2.28233e+01
285.000      2.13308e+01
286.000      1.95344e+01
287.000      1.75267e+01
288.000      1.54199e+01
289.000      1.33334e+01
290.000      1.13796e+01
291.000      9.64870e+00
292.000      8.19922e+00
293.000      7.05368e+00
294.000      6.20153e+00
295.000      5.60707e+00
296.000      5.21956e+00
297.000      4.98325e+00
298.000      4.84519e+00
299.000      4.76024e+00
300.000      4.69337e+00
301.000      4.61988e+00
302.000      4.52426e+00
303.000      4.39861e+00
304.000      4.24140e+00
305.000      4.05695e+00
306.000      3.85558e+00
307.000      3.65377e+00
308.000      3.47304e+00
309.000      3.33688e+00
310.000      3.26587e+00
311.000      3.27225e+00
312.000      3.35589e+00
313.000      3.50335e+00
314.000      3.69025e+00
315.000      3.88632e+00
316.000      4.06115e+00
317.000      4.18890e+00
318.000      4.25091e+00
319.000      4.23615e+00
320.000      4.14050e+00
321.000      3.96568e+00
322.000      3.71867e+00
323.000      3.41165e+00
324.000      3.06204e+00
325.000      2.69198e+00
326.000      2.32671e+00
327.000      1.99156e+00
328.000      1.70804e+00
329.000      1.48982e+00
330.000      1.33972e+00
331.000      1.24897e+00
332.000      1.19913e+00
333.000      1.16649e+00
334.000      1.12787e+00
335.000      1.06597e+00
336.000      9.72814e-01
337.000      8.50379e-01
338.000      7.08460e-01
339.000      5.60821e-01
340.000      4.21076e-01
341.000      2.99549e-01
342.000      2.01778e-01
343.000      1.28655e-01
344.000      7.76295e-02
345.000      4.43225e-02
346.000      2.39434e-02
347.000      1.22375e-02
348.000      5.91743e-03
349.000      2.70708e-03
350.000      1.17164e-03
351.000      4.79739e-04
352.000      1.85839e-04
353.000      6.81063e-05
354.000      2.36133e-05
355.000      7.74540e-06
356.000      2.40353e-06
357.000      7.05621e-07
358.000      1.95980e-07
359.000      5.14956e-08
360.000      1.28011e-08
361.000      3.01050e-09
362.000      6.69808e-10
363.000      1.40987e-10
364.000      2.80753e-11
365.000      5.28918e-12
366.000      9.42692e-13
367.000      1.58953e-13
368.000      2.53563e-14
369.000      3.82666e-15
370.000      5.46351e-16
371.000      7.37974e-17
372.000      9.43035e-18
373.000      1.14007e-18
374.000      1.30393e-19
375.000      1.41089e-20
376.000      1.44428e-21
377.000      1.39871e-22
378.000      1.28150e-23
379.000      1.11078e-24
380.000      9.10872e-26
381.000      7.06647e-27
382.000      5.18640e-28
383.000      3.60119e-29
384.000      2.36562e-30
385.000      1.47014e-31
386.000      8.64358e-33
387.000      4.80778e-34
388.000      2.52996e-35
389.000      1.25950e-36
390.000      5.93203e-38
391.000      2.64317e-39
392.000      1.11420e-40
393.000      4.44345e-42
394.000      1.67646e-43
395.000      5.98392e-45
396.000      2.02067e-46
397.000      6.45539e-48
398.000      1.95104e-49
399.000      5.57865e-51
400.000      1.50907e-52
401.000      3.86195e-54
402.000      9.35021e-56
403.000      2.14168e-57
404.000      4.64092e-59
405.000      9.51419e-61
406.000      1.84526e-62
407.000      3.38579e-64
408.000      5.87734e-66
409.000      9.65204e-68
410.000      1.49960e-69
411.000      2.20419e-71
412.000      3.06506e-73
413.000      4.03225e-75
414.000      5.01850e-77
415.000      5.90905e-79
416.000      6.58232e-81
417.000      6.93678e-83
418.000      6.91600e-85
419.000      6.52332e-87
420.000      5.82104e-89
421.000      4.91417e-91
422.000      3.92480e-93
423.000      2.96553e-95
424.000      2.11984e-97
425.000      1.43359e-99
426.000     9.17194e-102
427.000     5.55157e-104
428.000     3.17899e-106
429.000     1.72218e-108
430.000     8.82646e-111
431.000     4.27969e-113
432.000     1.96316e-115
433.000     8.51953e-118
434.000     3.49779e-120
435.000     1.35859e-122
436.000     4.99233e-125
437.000     1.73554e-127
438.000     5.70798e-130
439.000     1.77602e-132
440.000     5.22796e-135
441.000     1.45591e-137
442.000     3.83577e-140
443.000     9.56070e-143
444.000     2.25447e-145
445.000     5.02939e-148
446.000     1.06146e-150
447.000     2.11940e-153
448.000     4.00347e-156
449.000     7.15449e-159
450.000     1.20959e-161
451.000     1.93471e-164
452.000     2.92760e-167
453.000     4.19106e-170
454.000     5.67615e-173
455.000     7.27280e-176
456.000     8.81591e-179
457.000     1.01100e-181
458.000     1.09686e-184
459.000     1.12582e-187
460.000     1.09321e-190
461.000     1.00429e-193
462.000     8.72829e-197
463.000     7.17658e-200
464.000     5.58244e-203
465.000     4.10816e-206
466.000     2.86015e-209
467.000     1.88386e-212
468.000     1.17388e-215
469.000     6.92021e-219
470.000     3.85950e-222
471.000     2.03639e-225
472.000     1.01650e-228
473.000     4.80034e-232
474.000     2.14464e-235
475.000     9.06471e-239
476.000     3.62469e-242
477.000     1.37122e-245
478.000     4.90748e-249
479.000     1.66161e-252
480.000     5.32252e-256
481.000     1.61296e-259
482.000     4.62429e-263
483.000     1.25426e-266
484.000     3.21843e-270
485.000     7.81304e-274
486.000     1.79438e-277
487.000     3.89874e-281
488.000     8.01407e-285
489.000     1.55847e-288
490.000     2.86723e-292
491.000     4.99051e-296
492.000     8.21757e-300
493.000     1.28015e-303
494.000     1.88666e-307
495.000     2.63055e-311
496.000     3.46989e-315
497.000     4.33014e-319
498.000     4.94066e-323
499.000      0.00000e+00
500.000      0.00000e+00
