# Gaussian folded, width=10 cm^-1
# [cm^-1] arbitrary
0.000      3.00000e+00
1.000      2.91796e+00
2.000      2.68508e+00
3.000      2.33749e+00
4.000      1.92514e+00
5.000      1.50000e+00
6.000      1.10570e+00
7.000      7.71085e-01
8.000      5.08727e-01
9.000      3.17530e-01
10.000      1.87500e-01
11.000      1.04746e-01
12.000      5.53601e-02
13.000      2.76833e-02
14.000      1.31058e-02
15.000      5.89872e-03
16.000      2.59710e-03
17.000      1.32010e-03
18.000      1.24471e-03
19.000      2.32435e-03
20.000      5.28257e-03
21.000      1.18986e-02
22.000      2.55968e-02
23.000      5.23177e-02
24.000      1.01547e-01
25.000      1.87206e-01
26.000      3.27887e-01
27.000      5.45769e-01
28.000      8.63568e-01
29.000      1.29928e+00
30.000      1.85925e+00
31.000      2.53098e+00
32.000      3.27821e+00
33.000      4.04050e+00
34.000      4.73935e+00
35.000      5.29055e+00
36.000      5.62041e+00
37.000      5.68178e+00
38.000      5.46504e+00
39.000      5.00056e+00
40.000      4.35185e+00
41.000      3.60141e+00
42.000      2.83385e+00
43.000      2.12086e+00
44.000      1.51205e+00
45.000      1.03283e+00
46.000      6.88430e-01
47.000      4.71707e-01
48.000      3.71671e-01
49.000      3.80295e-01
50.000      4.96066e-01
51.000      7.23675e-01
52.000      1.07015e+00
53.000      1.53845e+00
54.000      2.12019e+00
55.000      2.78970e+00
56.000      3.50155e+00
57.000      4.19303e+00
58.000      4.79210e+00
59.000      5.22913e+00
60.000      5.44999e+00
61.000      5.42687e+00
62.000      5.16404e+00
63.000      4.69690e+00
64.000      4.08494e+00
65.000      3.40048e+00
66.000      2.71659e+00
67.000      2.09694e+00
68.000      1.58971e+00
69.000      1.22586e+00
70.000      1.02079e+00
71.000      9.77529e-01
72.000      1.08954e+00
73.000      1.34222e+00
74.000      1.71303e+00
75.000      2.17131e+00
76.000      2.67916e+00
77.000      3.19430e+00
78.000      3.67511e+00
79.000      4.08704e+00
80.000      4.40891e+00
81.000      4.63750e+00
82.000      4.78936e+00
83.000      4.89924e+00
84.000      5.01514e+00
85.000      5.19079e+00
86.000      5.47645e+00
87.000      5.90962e+00
88.000      6.50739e+00
89.000      7.26222e+00
90.000      8.14251e+00
91.000      9.09816e+00
92.000      1.00701e+01
93.000      1.10013e+01
94.000      1.18467e+01
95.000      1.25779e+01
96.000      1.31839e+01
97.000      1.36648e+01
98.000      1.40238e+01
99.000      1.42587e+01
100.000      1.43562e+01
101.000      1.42930e+01
102.000      1.40416e+01
103.000      1.35810e+01
104.000      1.29086e+01
105.000      1.20489e+01
106.000      1.10565e+01
107.000      1.00105e+01
108.000      9.00233e+00
109.000      8.11990e+00
110.000      7.43248e+00
111.000      6.98050e+00
112.000      6.77285e+00
113.000      6.79159e+00
114.000      7.00193e+00
115.000      7.36414e+00
116.000      7.84380e+00
117.000      8.41768e+00
118.000      9.07425e+00
119.000      9.80909e+00
120.000      1.06174e+01
121.000      1.14862e+01
122.000      1.23897e+01
123.000      1.32880e+01
124.000      1.41318e+01
125.000      1.48691e+01
126.000      1.54534e+01
127.000      1.58502e+01
128.000      1.60406e+01
129.000      1.60218e+01
130.000      1.58052e+01
131.000      1.54144e+01
132.000      1.48828e+01
133.000      1.42524e+01
134.000      1.35714e+01
135.000      1.28915e+01
136.000      1.22625e+01
137.000      1.17254e+01
138.000      1.13059e+01
139.000      1.10105e+01
140.000      1.08254e+01
141.000      1.07213e+01
142.000      1.06611e+01
143.000      1.06080e+01
144.000      1.05323e+01
145.000      1.04147e+01
146.000      1.02459e+01
147.000      1.00243e+01
148.000      9.75358e+00
149.000      9.44139e+00
150.000      9.09917e+00
151.000      8.74270e+00
152.000      8.39170e+00
153.000      8.06800e+00
154.000      7.79219e+00
155.000      7.57966e+00
156.000      7.43717e+00
157.000      7.36106e+00
158.000      7.33746e+00
159.000      7.34476e+00
160.000      7.35753e+00
161.000      7.35099e+00
162.000      7.30506e+00
163.000      7.20692e+00
164.000      7.05184e+00
165.000      6.84255e+00
166.000      6.58788e+00
167.000      6.30139e+00
168.000      6.00057e+00
169.000      5.70648e+00
170.000      5.44317e+00
171.000      5.23643e+00
172.000      5.11144e+00
173.000      5.08966e+00
174.000      5.18538e+00
175.000      5.40274e+00
176.000      5.73393e+00
177.000      6.15913e+00
178.000      6.64848e+00
179.000      7.16629e+00
180.000      7.67702e+00
181.000      8.15182e+00
182.000      8.57410e+00
183.000      8.94211e+00
184.000      9.26754e+00
185.000      9.57047e+00
186.000      9.87210e+00
187.000      1.01882e+01
188.000      1.05252e+01
189.000      1.08802e+01
190.000      1.12437e+01
191.000      1.16038e+01
192.000      1.19494e+01
193.000      1.22713e+01
194.000      1.25619e+01
195.000      1.28136e+01
196.000      1.30182e+01
197.000      1.31684e+01
198.000      1.32601e+01
199.000      1.32963e+01
200.000      1.32887e+01
201.000      1.32581e+01
202.000      1.32313e+01
203.000      1.32352e+01
204.000      1.32904e+01
205.000      1.34059e+01
206.000      1.35758e+01
207.000      1.37796e+01
208.000      1.39855e+01
209.000      1.41559e+01
210.000      1.42544e+01
211.000      1.42517e+01
212.000      1.41308e+01
213.000      1.38893e+01
214.000      1.35395e+01
215.000      1.31063e+01
216.000      1.26231e+01
217.000      1.21277e+01
218.000      1.16577e+01
219.000      1.12468e+01
220.000      1.09214e+01
221.000      1.06976e+01
222.000      1.05796e+01
223.000      1.05600e+01
224.000      1.06213e+01
225.000      1.07410e+01
226.000      1.08968e+01
227.000      1.10717e+01
228.000      1.12572e+01
229.000      1.14534e+01
230.000      1.16657e+01
231.000      1.19004e+01
232.000      1.21595e+01
233.000      1.24376e+01
234.000      1.27207e+01
235.000      1.29890e+01
236.000      1.32201e+01
237.000      1.33947e+01
238.000      1.35003e+01
239.000      1.35335e+01
240.000      1.34996e+01
241.000      1.34096e+01
242.000      1.32770e+01
243.000      1.31133e+01
244.000      1.29259e+01
245.000      1.27178e+01
246.000      1.24878e+01
247.000      1.22322e+01
248.000      1.19460e+01
249.000      1.16238e+01
250.000      1.12605e+01
251.000      1.08526e+01
252.000      1.04000e+01
253.000      9.90846e+00
254.000      9.39163e+00
255.000      8.87224e+00
256.000      8.38090e+00
257.000      7.95265e+00
258.000      7.62169e+00
259.000      7.41535e+00
260.000      7.34878e+00
261.000      7.42149e+00
262.000      7.61632e+00
263.000      7.90106e+00
264.000      8.23206e+00
265.000      8.55938e+00
266.000      8.83257e+00
267.000      9.00635e+00
268.000      9.04531e+00
269.000      8.92698e+00
270.000      8.64307e+00
271.000      8.19894e+00
272.000      7.61176e+00
273.000      6.90811e+00
274.000      6.12126e+00
275.000      5.28856e+00
276.000      4.44871e+00
277.000      3.63914e+00
278.000      2.89358e+00
279.000      2.24013e+00
280.000      1.70013e+00
281.000      1.28810e+00
282.000      1.01250e+00
283.000      8.77026e-01
284.000      8.81710e-01
285.000      1.02352e+00
286.000      1.29627e+00
287.000      1.69013e+00
288.000      2.19134e+00
289.000      2.78251e+00
290.000      3.44360e+00
291.000      4.15311e+00
292.000      4.88890e+00
293.000      5.62803e+00
294.000      6.34573e+00
295.000      7.01406e+00
296.000      7.60141e+00
297.000      8.07345e+00
298.000      8.39620e+00
299.000      8.54096e+00
300.000      8.49014e+00
301.000      8.24300e+00
302.000      7.81951e+00
303.000      7.26107e+00
304.000      6.62722e+00
305.000      5.98845e+00
306.000      5.41647e+00
307.000      4.97396e+00
308.000      4.70585e+00
309.000      4.63373e+00
310.000      4.75381e+00
311.000      5.03859e+00
312.000      5.44173e+00
313.000      5.90585e+00
314.000      6.37279e+00
315.000      6.79500e+00
316.000      7.14598e+00
317.000      7.42700e+00
318.000      7.66770e+00
319.000      7.91945e+00
320.000      8.24280e+00
321.000      8.69213e+00
322.000      9.30174e+00
323.000      1.00770e+01
324.000      1.09926e+01
325.000      1.19980e+01
326.000      1.30275e+01
327.000      1.40132e+01
328.000      1.48972e+01
329.000      1.56416e+01
330.000      1.62337e+01
331.000      1.66869e+01
332.000      1.70361e+01
333.000      1.73297e+01
334.000      1.76187e+01
335.000      1.79467e+01
336.000      1.83415e+01
337.000      1.88102e+01
338.000      1.93388e+01
339.000      1.98945e+01
340.000      2.04328e+01
341.000      2.09059e+01
342.000      2.12729e+01
343.000      2.15078e+01
344.000      2.16049e+01
345.000      2.15779e+01
346.000      2.14533e+01
347.000      2.12595e+01
348.000      2.10157e+01
349.000      2.07254e+01
350.000      2.03753e+01
351.000      1.99427e+01
352.000      1.94050e+01
353.000      1.87507e+01
354.000      1.79848e+01
355.000      1.71290e+01
356.000      1.62162e+01
357.000      1.52827e+01
358.000      1.43598e+01
359.000      1.34695e+01
360.000      1.26234e+01
361.000      1.18251e+01
362.000      1.10755e+01
363.000      1.03778e+01
364.000      9.74110e+00
365.000      9.18046e+00
366.000      8.71369e+00
367.000      8.35485e+00
368.000      8.10754e+00
369.000      7.96011e+00
370.000      7.88505e+00
371.000      7.84296e+00
372.000      7.79023e+00
373.000      7.68803e+00
374.000      7.51043e+00
375.000      7.24998e+00
376.000      6.92002e+00
377.000      6.55368e+00
378.000      6.19997e+00
379.000      5.91714e+00
380.000      5.76383e+00
381.000      5.78870e+00
382.000      6.02013e+00
383.000      6.45776e+00
384.000      7.06803e+00
385.000      7.78535e+00
386.000      8.51945e+00
387.000      9.16855e+00
388.000      9.63606e+00
389.000      9.84787e+00
390.000      9.76585e+00
391.000      9.39413e+00
392.000      8.77599e+00
393.000      7.98223e+00
394.000      7.09457e+00
395.000      6.18920e+00
396.000      5.32561e+00
397.000      4.54278e+00
398.000      3.86221e+00
399.000      3.29430e+00
400.000      2.84396e+00
401.000      2.51284e+00
402.000      2.29768e+00
403.000      2.18705e+00
404.000      2.15912e+00
405.000      2.18299e+00
406.000      2.22372e+00
407.000      2.24973e+00
408.000      2.23949e+00
409.000      2.18509e+00
410.000      2.09123e+00
411.000      1.97039e+00
412.000      1.83631e+00
413.000      1.69847e+00
414.000      1.55969e+00
415.000      1.41724e+00
416.000      1.26634e+00
417.000      1.10420e+00
418.000      9.32553e-01
419.000      7.57922e-01
420.000      5.89798e-01
421.000      4.37809e-01
422.000      3.09184e-01
423.000      2.07349e-01
424.000      1.31885e-01
425.000      7.94948e-02
426.000      4.53820e-02
427.000      2.45284e-02
428.000      1.25483e-02
429.000      6.07525e-03
430.000      2.78327e-03
431.000      1.20650e-03
432.000      4.94835e-04
433.000      1.92017e-04
434.000      7.04943e-05
435.000      2.44850e-05
436.000      8.04583e-06
437.000      2.50130e-06
438.000      7.35668e-07
439.000      2.04700e-07
440.000      5.38858e-08
441.000      1.34199e-08
442.000      3.16185e-09
443.000      7.04779e-10
444.000      1.48622e-10
445.000      2.96503e-11
446.000      5.59620e-12
447.000      9.99253e-13
448.000      1.68801e-13
449.000      2.69770e-14
450.000      4.07876e-15
451.000      5.83420e-16
452.000      7.89499e-17
453.000      1.01074e-17
454.000      1.22418e-18
455.000      1.40271e-19
456.000      1.52058e-20
457.000      1.55944e-21
458.000      1.51302e-22
459.000      1.38879e-23
460.000      1.20601e-24
461.000      9.90783e-26
462.000      7.70061e-27
463.000      5.66225e-28
464.000      3.93886e-29
465.000      2.59221e-30
466.000      1.61394e-31
467.000      9.50652e-33
468.000      5.29753e-34
469.000      2.79282e-35
470.000      1.39293e-36
471.000      6.57258e-38
472.000      2.93399e-39
473.000      1.23908e-40
474.000      4.95058e-42
475.000      1.87125e-43
476.000      6.69151e-45
477.000      2.26378e-46
478.000      7.24541e-48
479.000      2.19386e-49
480.000      6.28452e-51
481.000      1.70315e-52
482.000      4.36668e-54
483.000      1.05918e-55
484.000      2.43053e-57
485.000      5.27658e-59
486.000      1.08373e-60
487.000      2.10576e-62
488.000      3.87091e-64
489.000      6.73185e-66
490.000      1.10758e-67
491.000      1.72397e-69
492.000      2.53866e-71
493.000      3.53669e-73
494.000      4.66130e-75
495.000      5.81212e-77
496.000      6.85613e-79
497.000      7.65142e-81
498.000      8.07834e-83
499.000      8.06900e-85
500.000      7.62492e-87
