# Gaussian folded, width=10 cm^-1
# [cm^-1] arbitrary
0.000      3.00000e+00
1.000      2.91796e+00
2.000      2.68508e+00
3.000      2.33749e+00
4.000      1.92514e+00
5.000      1.50000e+00
6.000      1.10570e+00
7.000      7.71085e-01
8.000      5.08727e-01
9.000      3.17530e-01
10.000      1.87500e-01
11.000      1.04746e-01
12.000      5.53600e-02
13.000      2.76828e-02
14.000      1.31042e-02
15.000      5.89399e-03
16.000      2.58414e-03
17.000      1.28662e-03
18.000      1.16331e-03
19.000      2.13805e-03
20.000      4.88145e-03
21.000      1.10867e-02
22.000      2.40533e-02
23.000      4.95635e-02
24.000      9.69385e-02
25.000      1.79981e-01
26.000      3.17288e-01
27.000      5.31226e-01
28.000      8.44918e-01
29.000      1.27693e+00
30.000      1.83418e+00
31.000      2.50462e+00
32.000      3.25211e+00
33.000      4.01606e+00
34.000      4.71765e+00
35.000      5.27240e+00
36.000      5.60665e+00
37.000      5.67347e+00
38.000      5.46347e+00
39.000      5.00696e+00
40.000      4.36684e+00
41.000      3.62459e+00
42.000      2.86367e+00
43.000      2.15506e+00
44.000      1.54836e+00
45.000      1.06979e+00
46.000      7.25978e-01
47.000      5.11221e-01
48.000      4.15310e-01
49.000      4.29719e-01
50.000      5.50726e-01
51.000      7.79147e-01
52.000      1.11715e+00
53.000      1.56322e+00
54.000      2.10680e+00
55.000      2.72402e+00
56.000      3.37610e+00
57.000      4.01114e+00
58.000      4.56959e+00
59.000      4.99258e+00
60.000      5.23150e+00
61.000      5.25685e+00
62.000      5.06416e+00
63.000      4.67538e+00
64.000      4.13536e+00
65.000      3.50417e+00
66.000      2.84725e+00
67.000      2.22591e+00
68.000      1.69042e+00
69.000      1.27684e+00
70.000      1.00749e+00
71.000      8.93537e-01
72.000      9.37858e-01
73.000      1.13643e+00
74.000      1.47765e+00
75.000      1.94021e+00
76.000      2.49133e+00
77.000      3.08718e+00
78.000      3.67702e+00
79.000      4.21072e+00
80.000      4.64805e+00
81.000      4.96712e+00
82.000      5.16936e+00
83.000      5.27985e+00
84.000      5.34304e+00
85.000      5.41538e+00
86.000      5.55661e+00
87.000      5.82113e+00
88.000      6.25015e+00
89.000      6.86531e+00
90.000      7.66405e+00
91.000      8.61782e+00
92.000      9.67397e+00
93.000      1.07615e+01
94.000      1.18007e+01
95.000      1.27143e+01
96.000      1.34389e+01
97.000      1.39331e+01
98.000      1.41819e+01
99.000      1.41944e+01
100.000      1.39983e+01
101.000      1.36309e+01
102.000      1.31311e+01
103.000      1.25338e+01
104.000      1.18683e+01
105.000      1.11604e+01
106.000      1.04363e+01
107.000      9.72538e+00
108.000      9.06197e+00
109.000      8.48315e+00
110.000      8.02527e+00
111.000      7.71915e+00
112.000      7.58595e+00
113.000      7.63434e+00
114.000      7.85957e+00
115.000      8.24421e+00
116.000      8.76012e+00
117.000      9.37164e+00
118.000      1.00396e+01
119.000      1.07258e+01
120.000      1.13983e+01
121.000      1.20344e+01
122.000      1.26229e+01
123.000      1.31612e+01
124.000      1.36513e+01
125.000      1.40933e+01
126.000      1.44805e+01
127.000      1.47974e+01
128.000      1.50235e+01
129.000      1.51390e+01
130.000      1.51322e+01
131.000      1.50048e+01
132.000      1.47724e+01
133.000      1.44610e+01
134.000      1.41008e+01
135.000      1.37192e+01
136.000      1.33370e+01
137.000      1.29672e+01
138.000      1.26165e+01
139.000      1.22884e+01
140.000      1.19853e+01
141.000      1.17092e+01
142.000      1.14610e+01
143.000      1.12385e+01
144.000      1.10347e+01
145.000      1.08389e+01
146.000      1.06381e+01
147.000      1.04208e+01
148.000      1.01805e+01
149.000      9.91762e+00
150.000      9.63922e+00
151.000      9.35644e+00
152.000      9.08016e+00
153.000      8.81672e+00
154.000      8.56503e+00
155.000      8.31627e+00
156.000      8.05635e+00
157.000      7.77047e+00
158.000      7.44835e+00
159.000      7.08849e+00
160.000      6.70021e+00
161.000      6.30271e+00
162.000      5.92159e+00
163.000      5.58372e+00
164.000      5.31202e+00
165.000      5.12146e+00
166.000      5.01738e+00
167.000      4.99617e+00
168.000      5.04784e+00
169.000      5.15944e+00
170.000      5.31826e+00
171.000      5.51405e+00
172.000      5.73981e+00
173.000      5.99138e+00
174.000      6.26625e+00
175.000      6.56187e+00
176.000      6.87420e+00
177.000      7.19664e+00
178.000      7.51989e+00
179.000      7.83267e+00
180.000      8.12341e+00
181.000      8.38242e+00
182.000      8.60419e+00
183.000      8.78901e+00
184.000      8.94333e+00
185.000      9.07861e+00
186.000      9.20853e+00
187.000      9.34533e+00
188.000      9.49638e+00
189.000      9.66220e+00
190.000      9.83695e+00
191.000      1.00113e+01
192.000      1.01767e+01
193.000      1.03297e+01
194.000      1.04739e+01
195.000      1.06186e+01
196.000      1.07754e+01
197.000      1.09526e+01
198.000      1.11508e+01
199.000      1.13615e+01
200.000      1.15692e+01
201.000      1.17571e+01
202.000      1.19124e+01
203.000      1.20309e+01
204.000      1.21176e+01
205.000      1.21830e+01
206.000      1.22378e+01
207.000      1.22865e+01
208.000      1.23239e+01
209.000      1.23362e+01
210.000      1.23051e+01
211.000      1.22143e+01
212.000      1.20553e+01
213.000      1.18316e+01
214.000      1.15587e+01
215.000      1.12615e+01
216.000      1.09698e+01
217.000      1.07147e+01
218.000      1.05245e+01
219.000      1.04227e+01
220.000      1.04267e+01
221.000      1.05470e+01
222.000      1.07866e+01
223.000      1.11407e+01
224.000      1.15964e+01
225.000      1.21329e+01
226.000      1.27219e+01
227.000      1.33296e+01
228.000      1.39190e+01
229.000      1.44539e+01
230.000      1.49033e+01
231.000      1.52436e+01
232.000      1.54610e+01
233.000      1.55513e+01
234.000      1.55182e+01
235.000      1.53727e+01
236.000      1.51317e+01
237.000      1.48176e+01
238.000      1.44572e+01
239.000      1.40809e+01
240.000      1.37197e+01
241.000      1.34024e+01
242.000      1.31514e+01
243.000      1.29795e+01
244.000      1.28876e+01
245.000      1.28646e+01
246.000      1.28889e+01
247.000      1.29331e+01
248.000      1.29680e+01
249.000      1.29667e+01
250.000      1.29069e+01
251.000      1.27716e+01
252.000      1.25482e+01
253.000      1.22286e+01
254.000      1.18102e+01
255.000      1.12985e+01
256.000      1.07093e+01
257.000      1.00702e+01
258.000      9.41845e+00
259.000      8.79538e+00
260.000      8.23962e+00
261.000      7.78018e+00
262.000      7.43233e+00
263.000      7.19706e+00
264.000      7.06335e+00
265.000      7.01173e+00
266.000      7.01740e+00
267.000      7.05221e+00
268.000      7.08616e+00
269.000      7.08938e+00
270.000      7.03547e+00
271.000      6.90590e+00
272.000      6.69435e+00
273.000      6.40912e+00
274.000      6.07259e+00
275.000      5.71713e+00
276.000      5.37853e+00
277.000      5.08830e+00
278.000      4.86707e+00
279.000      4.72057e+00
280.000      4.63950e+00
281.000      4.60310e+00
282.000      4.58545e+00
283.000      4.56259e+00
284.000      4.51824e+00
285.000      4.44687e+00
286.000      4.35352e+00
287.000      4.25123e+00
288.000      4.15767e+00
289.000      4.09234e+00
290.000      4.07479e+00
291.000      4.12325e+00
292.000      4.25236e+00
293.000      4.46913e+00
294.000      4.76758e+00
295.000      5.12420e+00
296.000      5.49702e+00
297.000      5.83042e+00
298.000      6.06561e+00
299.000      6.15427e+00
300.000      6.07085e+00
301.000      5.81962e+00
302.000      5.43397e+00
303.000      4.96868e+00
304.000      4.48793e+00
305.000      4.05311e+00
306.000      3.71368e+00
307.000      3.50264e+00
308.000      3.43640e+00
309.000      3.51743e+00
310.000      3.73799e+00
311.000      4.08352e+00
312.000      4.53522e+00
313.000      5.07196e+00
314.000      5.67174e+00
315.000      6.31317e+00
316.000      6.97704e+00
317.000      7.64780e+00
318.000      8.31465e+00
319.000      8.97193e+00
320.000      9.61834e+00
321.000      1.02551e+01
322.000      1.08833e+01
323.000      1.15017e+01
324.000      1.21055e+01
325.000      1.26870e+01
326.000      1.32379e+01
327.000      1.37534e+01
328.000      1.42355e+01
329.000      1.46944e+01
330.000      1.51482e+01
331.000      1.56191e+01
332.000      1.61279e+01
333.000      1.66878e+01
334.000      1.72986e+01
335.000      1.79443e+01
336.000      1.85942e+01
337.000      1.92084e+01
338.000      1.97462e+01
339.000      2.01761e+01
340.000      2.04834e+01
341.000      2.06735e+01
342.000      2.07696e+01
343.000      2.08051e+01
344.000      2.08135e+01
345.000      2.08186e+01
346.000      2.08279e+01
347.000      2.08313e+01
348.000      2.08042e+01
349.000      2.07145e+01
350.000      2.05310e+01
351.000      2.02300e+01
352.000      1.97999e+01
353.000      1.92418e+01
354.000      1.85678e+01
355.000      1.77966e+01
356.000      1.69500e+01
357.000      1.60501e+01
358.000      1.51183e+01
359.000      1.41748e+01
360.000      1.32386e+01
361.000      1.23273e+01
362.000      1.14556e+01
363.000      1.06344e+01
364.000      9.87043e+00
365.000      9.16632e+00
366.000      8.52219e+00
367.000      7.93706e+00
368.000      7.41034e+00
369.000      6.94291e+00
370.000      6.53762e+00
371.000      6.19903e+00
372.000      5.93228e+00
373.000      5.74106e+00
374.000      5.62540e+00
375.000      5.58021e+00
376.000      5.59594e+00
377.000      5.66195e+00
378.000      5.77205e+00
379.000      5.93004e+00
380.000      6.15234e+00
381.000      6.46501e+00
382.000      6.89442e+00
383.000      7.45382e+00
384.000      8.13020e+00
385.000      8.87700e+00
386.000      9.61638e+00
387.000      1.02519e+01
388.000      1.06881e+01
389.000      1.08515e+01
390.000      1.07066e+01
391.000      1.02621e+01
392.000      9.56643e+00
393.000      8.69507e+00
394.000      7.73392e+00
395.000      6.76345e+00
396.000      5.84757e+00
397.000      5.02835e+00
398.000      4.32618e+00
399.000      3.74331e+00
400.000      3.26884e+00
401.000      2.88367e+00
402.000      2.56482e+00
403.000      2.28913e+00
404.000      2.03633e+00
405.000      1.79154e+00
406.000      1.54689e+00
407.000      1.30181e+00
408.000      1.06198e+00
409.000      8.37052e-01
410.000      6.37932e-01
411.000      4.74405e-01
412.000      3.53630e-01
413.000      2.79700e-01
414.000      2.53890e-01
415.000      2.75002e-01
416.000      3.39278e-01
417.000      4.39788e-01
418.000      5.65651e-01
419.000      7.01817e-01
420.000      8.30076e-01
421.000      9.31528e-01
422.000      9.90091e-01
423.000      9.95992e-01
424.000      9.48035e-01
425.000      8.53763e-01
426.000      7.27408e-01
427.000      5.86327e-01
428.000      4.47117e-01
429.000      3.22568e-01
430.000      2.20160e-01
431.000      1.42159e-01
432.000      8.68411e-02
433.000      5.01875e-02
434.000      2.74399e-02
435.000      1.41935e-02
436.000      6.94563e-03
437.000      3.21553e-03
438.000      1.40835e-03
439.000      5.83561e-04
440.000      2.28760e-04
441.000      8.48380e-05
442.000      2.97659e-05
443.000      9.88018e-06
444.000      3.10262e-06
445.000      9.21744e-07
446.000      2.59065e-07
447.000      6.88851e-08
448.000      1.73285e-08
449.000      4.12393e-09
450.000      9.28498e-10
451.000      1.97773e-10
452.000      3.98540e-11
453.000      7.59792e-12
454.000      1.37036e-12
455.000      2.33825e-13
456.000      3.77456e-14
457.000      5.76447e-15
458.000      8.32855e-16
459.000      1.13841e-16
460.000      1.47212e-17
461.000      1.80097e-18
462.000      2.08442e-19
463.000      2.28236e-20
464.000      2.36428e-21
465.000      2.31704e-22
466.000      2.14825e-23
467.000      1.88431e-24
468.000      1.56365e-25
469.000      1.22756e-26
470.000      9.11725e-28
471.000      6.40624e-29
472.000      4.25853e-30
473.000      2.67814e-31
474.000      1.59340e-32
475.000      8.96881e-34
476.000      4.77597e-35
477.000      2.40606e-36
478.000      1.14675e-37
479.000      5.17069e-39
480.000      2.20570e-40
481.000      8.90145e-42
482.000      3.39855e-43
483.000      1.22756e-44
484.000      4.19480e-46
485.000      1.35611e-47
486.000      4.14762e-49
487.000      1.20011e-50
488.000      3.28517e-52
489.000      8.50773e-54
490.000      2.08443e-55
491.000      4.83146e-57
492.000      1.05947e-58
493.000      2.19793e-60
494.000      4.31377e-62
495.000      8.00973e-64
496.000      1.40701e-65
497.000      2.33826e-67
498.000      3.67627e-69
499.000      5.46814e-71
500.000      7.69465e-73
