# Gaussian folded, width=10 cm^-1
# [cm^-1] arbitrary
0.000      3.00000e+00
1.000      2.91796e+00
2.000      2.68508e+00
3.000      2.33749e+00
4.000      1.92514e+00
5.000      1.50000e+00
6.000      1.10570e+00
7.000      7.71085e-01
8.000      5.08727e-01
9.000      3.17530e-01
10.000      1.87500e-01
11.000      1.04746e-01
12.000      5.53597e-02
13.000      2.76819e-02
14.000      1.31012e-02
15.000      5.88513e-03
16.000      2.55927e-03
17.000      1.22082e-03
18.000      9.99424e-04
19.000      1.75418e-03
20.000      4.03679e-03
21.000      9.34328e-03
22.000      2.06841e-02
23.000      4.34828e-02
24.000      8.67246e-02
25.000      1.64093e-01
26.000      2.94570e-01
27.000      5.01733e-01
28.000      8.10910e-01
29.000      1.24371e+00
30.000      1.81024e+00
31.000      2.50063e+00
32.000      3.27851e+00
33.000      4.07975e+00
34.000      4.81873e+00
35.000      5.40233e+00
36.000      5.74888e+00
37.000      5.80681e+00
38.000      5.56726e+00
39.000      5.06626e+00
40.000      4.37593e+00
41.000      3.58754e+00
42.000      2.79201e+00
43.000      2.06368e+00
44.000      1.45117e+00
45.000      9.76381e-01
46.000      6.40078e-01
47.000      4.30921e-01
48.000      3.34701e-01
49.000      3.41410e-01
50.000      4.48823e-01
51.000      6.62224e-01
52.000      9.90648e-01
53.000      1.44049e+00
54.000      2.00795e+00
55.000      2.67226e+00
56.000      3.39193e+00
57.000      4.10593e+00
58.000      4.74066e+00
59.000      5.22168e+00
60.000      5.48783e+00
61.000      5.50389e+00
62.000      5.26816e+00
63.000      4.81287e+00
64.000      4.19742e+00
65.000      3.49634e+00
66.000      2.78590e+00
67.000      2.13252e+00
68.000      1.58593e+00
69.000      1.17743e+00
70.000      9.22519e-01
71.000      8.25474e-01
72.000      8.83757e-01
73.000      1.09036e+00
74.000      1.43365e+00
75.000      1.89535e+00
76.000      2.44822e+00
77.000      3.05504e+00
78.000      3.67034e+00
79.000      4.24510e+00
80.000      4.73403e+00
81.000      5.10400e+00
82.000      5.34164e+00
83.000      5.45834e+00
84.000      5.49088e+00
85.000      5.49707e+00
86.000      5.54660e+00
87.000      5.70877e+00
88.000      6.03959e+00
89.000      6.57124e+00
90.000      7.30603e+00
91.000      8.21611e+00
92.000      9.24852e+00
93.000      1.03339e+01
94.000      1.13973e+01
95.000      1.23681e+01
96.000      1.31888e+01
97.000      1.38200e+01
98.000      1.42419e+01
99.000      1.44519e+01
100.000      1.44586e+01
101.000      1.42759e+01
102.000      1.39173e+01
103.000      1.33954e+01
104.000      1.27239e+01
105.000      1.19234e+01
106.000      1.10271e+01
107.000      1.00825e+01
108.000      9.14977e+00
109.000      8.29403e+00
110.000      7.57644e+00
111.000      7.04563e+00
112.000      6.73273e+00
113.000      6.65069e+00
114.000      6.79682e+00
115.000      7.15672e+00
116.000      7.70754e+00
117.000      8.42005e+00
118.000      9.25970e+00
119.000      1.01878e+01
120.000      1.11630e+01
121.000      1.21438e+01
122.000      1.30897e+01
123.000      1.39636e+01
124.000      1.47314e+01
125.000      1.53640e+01
126.000      1.58381e+01
127.000      1.61384e+01
128.000      1.62602e+01
129.000      1.62103e+01
130.000      1.60068e+01
131.000      1.56773e+01
132.000      1.52554e+01
133.000      1.47769e+01
134.000      1.42760e+01
135.000      1.37820e+01
136.000      1.33166e+01
137.000      1.28926e+01
138.000      1.25145e+01
139.000      1.21799e+01
140.000      1.18832e+01
141.000      1.16183e+01
142.000      1.13813e+01
143.000      1.11707e+01
144.000      1.09859e+01
145.000      1.08248e+01
146.000      1.06806e+01
147.000      1.05402e+01
148.000      1.03848e+01
149.000      1.01930e+01
150.000      9.94593e+00
151.000      9.63320e+00
152.000      9.25729e+00
153.000      8.83494e+00
154.000      8.39469e+00
155.000      7.97131e+00
156.000      7.59881e+00
157.000      7.30387e+00
158.000      7.10123e+00
159.000      6.99154e+00
160.000      6.96170e+00
161.000      6.98736e+00
162.000      7.03729e+00
163.000      7.07918e+00
164.000      7.08597e+00
165.000      7.04128e+00
166.000      6.94249e+00
167.000      6.80024e+00
168.000      6.63456e+00
169.000      6.46878e+00
170.000      6.32340e+00
171.000      6.21196e+00
172.000      6.14002e+00
173.000      6.10718e+00
174.000      6.11076e+00
175.000      6.14919e+00
176.000      6.22355e+00
177.000      6.33661e+00
178.000      6.49024e+00
179.000      6.68298e+00
180.000      6.90916e+00
181.000      7.16064e+00
182.000      7.43019e+00
183.000      7.71476e+00
184.000      8.01659e+00
185.000      8.34127e+00
186.000      8.69346e+00
187.000      9.07211e+00
188.000      9.46770e+00
189.000      9.86274e+00
190.000      1.02355e+01
191.000      1.05652e+01
192.000      1.08367e+01
193.000      1.10427e+01
194.000      1.11830e+01
195.000      1.12619e+01
196.000      1.12858e+01
197.000      1.12615e+01
198.000      1.11972e+01
199.000      1.11048e+01
200.000      1.10010e+01
201.000      1.09070e+01
202.000      1.08445e+01
203.000      1.08294e+01
204.000      1.08651e+01
205.000      1.09379e+01
206.000      1.10182e+01
207.000      1.10665e+01
208.000      1.10440e+01
209.000      1.09242e+01
210.000      1.07017e+01
211.000      1.03951e+01
212.000      1.00440e+01
213.000      9.70049e+00
214.000      9.41872e+00
215.000      9.24472e+00
216.000      9.20885e+00
217.000      9.32173e+00
218.000      9.57406e+00
219.000      9.93998e+00
220.000      1.03834e+01
221.000      1.08659e+01
222.000      1.13548e+01
223.000      1.18289e+01
224.000      1.22801e+01
225.000      1.27108e+01
226.000      1.31282e+01
227.000      1.35376e+01
228.000      1.39371e+01
229.000      1.43154e+01
230.000      1.46539e+01
231.000      1.49308e+01
232.000      1.51266e+01
233.000      1.52301e+01
234.000      1.52417e+01
235.000      1.51748e+01
236.000      1.50536e+01
237.000      1.49077e+01
238.000      1.47652e+01
239.000      1.46445e+01
240.000      1.45498e+01
241.000      1.44696e+01
242.000      1.43800e+01
243.000      1.42521e+01
244.000      1.40596e+01
245.000      1.37870e+01
246.000      1.34333e+01
247.000      1.30117e+01
248.000      1.25469e+01
249.000      1.20684e+01
250.000      1.16041e+01
251.000      1.11743e+01
252.000      1.07886e+01
253.000      1.04447e+01
254.000      1.01310e+01
255.000      9.83214e+00
256.000      9.53502e+00
257.000      9.23443e+00
258.000      8.93600e+00
259.000      8.65508e+00
260.000      8.41203e+00
261.000      8.22532e+00
262.000      8.10493e+00
263.000      8.04798e+00
264.000      8.03795e+00
265.000      8.04713e+00
266.000      8.04140e+00
267.000      7.98596e+00
268.000      7.85077e+00
269.000      7.61504e+00
270.000      7.27039e+00
271.000      6.82243e+00
272.000      6.29082e+00
273.000      5.70746e+00
274.000      5.11302e+00
275.000      4.55199e+00
276.000      4.06669e+00
277.000      3.69126e+00
278.000      3.44665e+00
279.000      3.33810e+00
280.000      3.35575e+00
281.000      3.47860e+00
282.000      3.68074e+00
283.000      3.93795e+00
284.000      4.23271e+00
285.000      4.55599e+00
286.000      4.90551e+00
287.000      5.28125e+00
288.000      5.68016e+00
289.000      6.09180e+00
290.000      6.49651e+00
291.000      6.86648e+00
292.000      7.16896e+00
293.000      7.37085e+00
294.000      7.44313e+00
295.000      7.36496e+00
296.000      7.12672e+00
297.000      6.73226e+00
298.000      6.20001e+00
299.000      5.56274e+00
300.000      4.86553e+00
301.000      4.16206e+00
302.000      3.50963e+00
303.000      2.96341e+00
304.000      2.57091e+00
305.000      2.36708e+00
306.000      2.37066e+00
307.000      2.58210e+00
308.000      2.98321e+00
309.000      3.53907e+00
310.000      4.20187e+00
311.000      4.91662e+00
312.000      5.62790e+00
313.000      6.28687e+00
314.000      6.85775e+00
315.000      7.32277e+00
316.000      7.68484e+00
317.000      7.96717e+00
318.000      8.20905e+00
319.000      8.45822e+00
320.000      8.76103e+00
321.000      9.15266e+00
322.000      9.65036e+00
323.000      1.02516e+01
324.000      1.09375e+01
325.000      1.16801e+01
326.000      1.24505e+01
327.000      1.32256e+01
328.000      1.39907e+01
329.000      1.47397e+01
330.000      1.54724e+01
331.000      1.61915e+01
332.000      1.68998e+01
333.000      1.75984e+01
334.000      1.82856e+01
335.000      1.89565e+01
336.000      1.96030e+01
337.000      2.02151e+01
338.000      2.07824e+01
339.000      2.12966e+01
340.000      2.17527e+01
341.000      2.21491e+01
342.000      2.24854e+01
343.000      2.27595e+01
344.000      2.29647e+01
345.000      2.30888e+01
346.000      2.31151e+01
347.000      2.30255e+01
348.000      2.28044e+01
349.000      2.24413e+01
350.000      2.19321e+01
351.000      2.12789e+01
352.000      2.04885e+01
353.000      1.95718e+01
354.000      1.85446e+01
355.000      1.74281e+01
356.000      1.62509e+01
357.000      1.50491e+01
358.000      1.38639e+01
359.000      1.27374e+01
360.000      1.17062e+01
361.000      1.07960e+01
362.000      1.00186e+01
363.000      9.37181e+00
364.000      8.84340e+00
365.000      8.41586e+00
366.000      8.07067e+00
367.000      7.79045e+00
368.000      7.55865e+00
369.000      7.35809e+00
370.000      7.16997e+00
371.000      6.97451e+00
372.000      6.75363e+00
373.000      6.49501e+00
374.000      6.19665e+00
375.000      5.87085e+00
376.000      5.54648e+00
377.000      5.26848e+00
378.000      5.09332e+00
379.000      5.08000e+00
380.000      5.27732e+00
381.000      5.71006e+00
382.000      6.36797e+00
383.000      7.20139e+00
384.000      8.12604e+00
385.000      9.03654e+00
386.000      9.82526e+00
387.000      1.04016e+01
388.000      1.07066e+01
389.000      1.07193e+01
390.000      1.04545e+01
391.000      9.95483e+00
392.000      9.27900e+00
393.000      8.49098e+00
394.000      7.65142e+00
395.000      6.81206e+00
396.000      6.01253e+00
397.000      5.27891e+00
398.000      4.62379e+00
399.000      4.04795e+00
400.000      3.54376e+00
401.000      3.10004e+00
402.000      2.70690e+00
403.000      2.35930e+00
404.000      2.05786e+00
405.000      1.80677e+00
406.000      1.60966e+00
407.000      1.46529e+00
408.000      1.36498e+00
409.000      1.29300e+00
410.000      1.22985e+00
411.000      1.15725e+00
412.000      1.06274e+00
413.000      9.42503e-01
414.000      8.01258e-01
415.000      6.49775e-01
416.000      5.01062e-01
417.000      3.66696e-01
418.000      2.54378e-01
419.000      1.67142e-01
420.000      1.03975e-01
421.000      6.12185e-02
422.000      3.41095e-02
423.000      1.79829e-02
424.000      8.97029e-03
425.000      4.23350e-03
426.000      1.89029e-03
427.000      7.98517e-04
428.000      3.19128e-04
429.000      1.20661e-04
430.000      4.31609e-05
431.000      1.46060e-05
432.000      4.67620e-06
433.000      1.41635e-06
434.000      4.05852e-07
435.000      1.10023e-07
436.000      2.82173e-08
437.000      6.84644e-09
438.000      1.57157e-09
439.000      3.41286e-10
440.000      7.01166e-11
441.000      1.36283e-11
442.000      2.50599e-12
443.000      4.35949e-13
444.000      7.17478e-14
445.000      1.11712e-14
446.000      1.64554e-15
447.000      2.29316e-16
448.000      3.02328e-17
449.000      3.77085e-18
450.000      4.44957e-19
451.000      4.96724e-20
452.000      5.24601e-21
453.000      5.24156e-22
454.000      4.95462e-23
455.000      4.43075e-24
456.000      3.74853e-25
457.000      3.00029e-26
458.000      2.27187e-27
459.000      1.62750e-28
460.000      1.10300e-29
461.000      7.07210e-31
462.000      4.28981e-32
463.000      2.46176e-33
464.000      1.33651e-34
465.000      6.86459e-36
466.000      3.33561e-37
467.000      1.53339e-38
468.000      6.66882e-40
469.000      2.74386e-41
470.000      1.06805e-42
471.000      3.93316e-44
472.000      1.37028e-45
473.000      4.51639e-47
474.000      1.40829e-48
475.000      4.15443e-50
476.000      1.15944e-51
477.000      3.06128e-53
478.000      7.64670e-55
479.000      1.80702e-56
480.000      4.03990e-58
481.000      8.54467e-60
482.000      1.70977e-61
483.000      3.23666e-63
484.000      5.79661e-65
485.000      9.82131e-67
486.000      1.57428e-68
487.000      2.38733e-70
488.000      3.42499e-72
489.000      4.64863e-74
490.000      5.96909e-76
491.000      7.25118e-78
492.000      8.33349e-80
493.000      9.06072e-82
494.000      9.32000e-84
495.000      9.06957e-86
496.000      8.34979e-88
497.000      7.27246e-90
498.000      5.99246e-92
499.000      4.67140e-94
500.000      3.44513e-96
