# Gaussian folded, width=10 cm^-1
# [cm^-1] arbitrary
0.000      3.00000e+00
1.000      2.91796e+00
2.000      2.68508e+00
3.000      2.33749e+00
4.000      1.92514e+00
5.000      1.50000e+00
6.000      1.10570e+00
7.000      7.71085e-01
8.000      5.08727e-01
9.000      3.17530e-01
10.000      1.87500e-01
11.000      1.04746e-01
12.000      5.53596e-02
13.000      2.76816e-02
14.000      1.31002e-02
15.000      5.88232e-03
16.000      2.55169e-03
17.000      1.20163e-03
18.000      9.53879e-04
19.000      1.65287e-03
20.000      3.82592e-03
21.000      8.93314e-03
22.000      1.99400e-02
23.000      4.22259e-02
24.000      8.47525e-02
25.000      1.61225e-01
26.000      2.90711e-01
27.000      4.96927e-01
28.000      8.05352e-01
29.000      1.23766e+00
30.000      1.80384e+00
31.000      2.49371e+00
32.000      3.27046e+00
33.000      4.06965e+00
34.000      4.80570e+00
35.000      5.38614e+00
36.000      5.73042e+00
37.000      5.78826e+00
38.000      5.55170e+00
39.000      5.05682e+00
40.000      4.37483e+00
41.000      3.59533e+00
42.000      2.80741e+00
43.000      2.08393e+00
44.000      1.47275e+00
45.000      9.95802e-01
46.000      6.54361e-01
47.000      4.37779e-01
48.000      3.32487e-01
49.000      3.29051e-01
50.000      4.25954e-01
51.000      6.29590e-01
52.000      9.50645e-01
53.000      1.39755e+00
54.000      1.96841e+00
55.000      2.64343e+00
56.000      3.38050e+00
57.000      4.11604e+00
58.000      4.77234e+00
59.000      5.27046e+00
60.000      5.54569e+00
61.000      5.56131e+00
62.000      5.31670e+00
63.000      4.84718e+00
64.000      4.21603e+00
65.000      3.50122e+00
66.000      2.78094e+00
67.000      2.12180e+00
68.000      1.57229e+00
69.000      1.16172e+00
70.000      9.03599e-01
71.000      8.00833e-01
72.000      8.50451e-01
73.000      1.04620e+00
74.000      1.37847e+00
75.000      1.83216e+00
76.000      2.38392e+00
77.000      3.00032e+00
78.000      3.63829e+00
79.000      4.24842e+00
80.000      4.78107e+00
81.000      5.19425e+00
82.000      5.46195e+00
83.000      5.58097e+00
84.000      5.57451e+00
85.000      5.49113e+00
86.000      5.39877e+00
87.000      5.37453e+00
88.000      5.49240e+00
89.000      5.81142e+00
90.000      6.36638e+00
91.000      7.16272e+00
92.000      8.17577e+00
93.000      9.35390e+00
94.000      1.06248e+01
95.000      1.19039e+01
96.000      1.31037e+01
97.000      1.41429e+01
98.000      1.49538e+01
99.000      1.54870e+01
100.000      1.57126e+01
101.000      1.56205e+01
102.000      1.52186e+01
103.000      1.45324e+01
104.000      1.36056e+01
105.000      1.24993e+01
106.000      1.12899e+01
107.000      1.00628e+01
108.000      8.90272e+00
109.000      7.88337e+00
110.000      7.05912e+00
111.000      6.46232e+00
112.000      6.10659e+00
113.000      5.99452e+00
114.000      6.12533e+00
115.000      6.49851e+00
116.000      7.11109e+00
117.000      7.94988e+00
118.000      8.98258e+00
119.000      1.01532e+01
120.000      1.13851e+01
121.000      1.25924e+01
122.000      1.36950e+01
123.000      1.46338e+01
124.000      1.53782e+01
125.000      1.59263e+01
126.000      1.62969e+01
127.000      1.65179e+01
128.000      1.66162e+01
129.000      1.66104e+01
130.000      1.65097e+01
131.000      1.63165e+01
132.000      1.60309e+01
133.000      1.56546e+01
134.000      1.51944e+01
135.000      1.46632e+01
136.000      1.40806e+01
137.000      1.34720e+01
138.000      1.28667e+01
139.000      1.22943e+01
140.000      1.17809e+01
141.000      1.13438e+01
142.000      1.09883e+01
143.000      1.07070e+01
144.000      1.04831e+01
145.000      1.02954e+01
146.000      1.01257e+01
147.000      9.96392e+00
148.000      9.80948e+00
149.000      9.66939e+00
150.000      9.55256e+00
151.000      9.46350e+00
152.000      9.39756e+00
153.000      9.33980e+00
154.000      9.26795e+00
155.000      9.15866e+00
156.000      8.99462e+00
157.000      8.77010e+00
158.000      8.49263e+00
159.000      8.18022e+00
160.000      7.85499e+00
161.000      7.53593e+00
162.000      7.23354e+00
163.000      6.94856e+00
164.000      6.67476e+00
165.000      6.40451e+00
166.000      6.13436e+00
167.000      5.86863e+00
168.000      5.61995e+00
169.000      5.40723e+00
170.000      5.25228e+00
171.000      5.17637e+00
172.000      5.19715e+00
173.000      5.32609e+00
174.000      5.56596e+00
175.000      5.90867e+00
176.000      6.33398e+00
177.000      6.81010e+00
178.000      7.29693e+00
179.000      7.75184e+00
180.000      8.13693e+00
181.000      8.42625e+00
182.000      8.61114e+00
183.000      8.70239e+00
184.000      8.72867e+00
185.000      8.73124e+00
186.000      8.75577e+00
187.000      8.84255e+00
188.000      9.01703e+00
189.000      9.28266e+00
190.000      9.61832e+00
191.000      9.98167e+00
192.000      1.03185e+01
193.000      1.05762e+01
194.000      1.07181e+01
195.000      1.07346e+01
196.000      1.06460e+01
197.000      1.04983e+01
198.000      1.03499e+01
199.000      1.02562e+01
200.000      1.02554e+01
201.000      1.03607e+01
202.000      1.05606e+01
203.000      1.08259e+01
204.000      1.11199e+01
205.000      1.14076e+01
206.000      1.16605e+01
207.000      1.18584e+01
208.000      1.19869e+01
209.000      1.20363e+01
210.000      1.20010e+01
211.000      1.18817e+01
212.000      1.16874e+01
213.000      1.14378e+01
214.000      1.11615e+01
215.000      1.08935e+01
216.000      1.06708e+01
217.000      1.05277e+01
218.000      1.04923e+01
219.000      1.05842e+01
220.000      1.08123e+01
221.000      1.11730e+01
222.000      1.16492e+01
223.000      1.22101e+01
224.000      1.28132e+01
225.000      1.34091e+01
226.000      1.39477e+01
227.000      1.43848e+01
228.000      1.46884e+01
229.000      1.48423e+01
230.000      1.48481e+01
231.000      1.47240e+01
232.000      1.45015e+01
233.000      1.42202e+01
234.000      1.39217e+01
235.000      1.36434e+01
236.000      1.34130e+01
237.000      1.32460e+01
238.000      1.31450e+01
239.000      1.31027e+01
240.000      1.31049e+01
241.000      1.31344e+01
242.000      1.31737e+01
243.000      1.32066e+01
244.000      1.32181e+01
245.000      1.31947e+01
246.000      1.31234e+01
247.000      1.29923e+01
248.000      1.27918e+01
249.000      1.25160e+01
250.000      1.21644e+01
251.000      1.17434e+01
252.000      1.12654e+01
253.000      1.07475e+01
254.000      1.02073e+01
255.000      9.65979e+00
256.000      9.11434e+00
257.000      8.57404e+00
258.000      8.03678e+00
259.000      7.49774e+00
260.000      6.95216e+00
261.000      6.39777e+00
262.000      5.83649e+00
263.000      5.27560e+00
264.000      4.72820e+00
265.000      4.21269e+00
266.000      3.75066e+00
267.000      3.36283e+00
268.000      3.06388e+00
269.000      2.85782e+00
270.000      2.73606e+00
271.000      2.67979e+00
272.000      2.66649e+00
273.000      2.67837e+00
274.000      2.70966e+00
275.000      2.76931e+00
276.000      2.87823e+00
277.000      3.06187e+00
278.000      3.34127e+00
279.000      3.72601e+00
280.000      4.21113e+00
281.000      4.77823e+00
282.000      5.39893e+00
283.000      6.03866e+00
284.000      6.65931e+00
285.000      7.22109e+00
286.000      7.68476e+00
287.000      8.01547e+00
288.000      8.18814e+00
289.000      8.19269e+00
290.000      8.03689e+00
291.000      7.74533e+00
292.000      7.35450e+00
293.000      6.90609e+00
294.000      6.44099e+00
295.000      5.99560e+00
296.000      5.60063e+00
297.000      5.28071e+00
298.000      5.05318e+00
299.000      4.92534e+00
300.000      4.89143e+00
301.000      4.93152e+00
302.000      5.01429e+00
303.000      5.10426e+00
304.000      5.17157e+00
305.000      5.20115e+00
306.000      5.19798e+00
307.000      5.18652e+00
308.000      5.20419e+00
309.000      5.29091e+00
310.000      5.47785e+00
311.000      5.77847e+00
312.000      6.18436e+00
313.000      6.66676e+00
314.000      7.18346e+00
315.000      7.68905e+00
316.000      8.14612e+00
317.000      8.53418e+00
318.000      8.85411e+00
319.000      9.12665e+00
320.000      9.38577e+00
321.000      9.66925e+00
322.000      1.00100e+01
323.000      1.04308e+01
324.000      1.09439e+01
325.000      1.15542e+01
326.000      1.22617e+01
327.000      1.30641e+01
328.000      1.39545e+01
329.000      1.49194e+01
330.000      1.59362e+01
331.000      1.69749e+01
332.000      1.80027e+01
333.000      1.89893e+01
334.000      1.99127e+01
335.000      2.07600e+01
336.000      2.15265e+01
337.000      2.22107e+01
338.000      2.28101e+01
339.000      2.33185e+01
340.000      2.37257e+01
341.000      2.40188e+01
342.000      2.41855e+01
343.000      2.42173e+01
344.000      2.41112e+01
345.000      2.38708e+01
346.000      2.35056e+01
347.000      2.30287e+01
348.000      2.24531e+01
349.000      2.17893e+01
350.000      2.10433e+01
351.000      2.02181e+01
352.000      1.93165e+01
353.000      1.83461e+01
354.000      1.73227e+01
355.000      1.62710e+01
356.000      1.52226e+01
357.000      1.42111e+01
358.000      1.32658e+01
359.000      1.24069e+01
360.000      1.16429e+01
361.000      1.09710e+01
362.000      1.03791e+01
363.000      9.84981e+00
364.000      9.36394e+00
365.000      8.90461e+00
366.000      8.46020e+00
367.000      8.02681e+00
368.000      7.60902e+00
369.000      7.21864e+00
370.000      6.87096e+00
371.000      6.57924e+00
372.000      6.34889e+00
373.000      6.17380e+00
374.000      6.03663e+00
375.000      5.91407e+00
376.000      5.78586e+00
377.000      5.64469e+00
378.000      5.50329e+00
379.000      5.39560e+00
380.000      5.37077e+00
381.000      5.48097e+00
382.000      5.76638e+00
383.000      6.24131e+00
384.000      6.88571e+00
385.000      7.64442e+00
386.000      8.43469e+00
387.000      9.16011e+00
388.000      9.72741e+00
389.000      1.00622e+01
390.000      1.01197e+01
391.000      9.88977e+00
392.000      9.39384e+00
393.000      8.67823e+00
394.000      7.80419e+00
395.000      6.83813e+00
396.000      5.84392e+00
397.000      4.87785e+00
398.000      3.98607e+00
399.000      3.20375e+00
400.000      2.55473e+00
401.000      2.05128e+00
402.000      1.69389e+00
403.000      1.47165e+00
404.000      1.36378e+00
405.000      1.34259e+00
406.000      1.37758e+00
407.000      1.43965e+00
408.000      1.50438e+00
409.000      1.55358e+00
410.000      1.57513e+00
411.000      1.56177e+00
412.000      1.50987e+00
413.000      1.41892e+00
414.000      1.29176e+00
415.000      1.13505e+00
416.000      9.59117e-01
417.000      7.76756e-01
418.000      6.01156e-01
419.000      4.43538e-01
420.000      3.11374e-01
421.000      2.07681e-01
422.000      1.31456e-01
423.000      7.88991e-02
424.000      4.48744e-02
425.000      2.41748e-02
426.000      1.23316e-02
427.000      5.95476e-03
428.000      2.72159e-03
429.000      1.17717e-03
430.000      4.81806e-04
431.000      1.86593e-04
432.000      6.83738e-05
433.000      2.37049e-05
434.000      7.77555e-06
435.000      2.41302e-06
436.000      7.08471e-07
437.000      1.96794e-07
438.000      5.17160e-08
439.000      1.28576e-08
440.000      3.02426e-09
441.000      6.72971e-10
442.000      1.41675e-10
443.000      2.82169e-11
444.000      5.31673e-12
445.000      9.47759e-13
446.000      1.59834e-13
447.000      2.55011e-14
448.000      3.84915e-15
449.000      5.49655e-16
450.000      7.42562e-17
451.000      9.49058e-18
452.000      1.14755e-18
453.000      1.31270e-19
454.000      1.42063e-20
455.000      1.45449e-21
456.000      1.40883e-22
457.000      1.29100e-23
458.000      1.11920e-24
459.000      9.17930e-26
460.000      7.12244e-27
461.000      5.22836e-28
462.000      3.63094e-29
463.000      2.38556e-30
464.000      1.48279e-31
465.000      8.71941e-33
466.000      4.85078e-34
467.000      2.55302e-35
468.000      1.27120e-36
469.000      5.98812e-38
470.000      2.66861e-39
471.000      1.12512e-40
472.000      4.48775e-42
473.000      1.69346e-43
474.000      6.04563e-45
475.000      2.04185e-46
476.000      6.52416e-48
477.000      1.97216e-49
478.000      5.63999e-51
479.000      1.52592e-52
480.000      3.90573e-54
481.000      9.45782e-56
482.000      2.16669e-57
483.000      4.69592e-59
484.000      9.62858e-61
485.000      1.86776e-62
486.000      3.42766e-64
487.000      5.95103e-66
488.000      9.77470e-68
489.000      1.51891e-69
490.000      2.23295e-71
491.000      3.10559e-73
492.000      4.08626e-75
493.000      5.08658e-77
494.000      5.99023e-79
495.000      6.67388e-81
496.000      7.03446e-83
497.000      7.01457e-85
498.000      6.61742e-87
499.000      5.90601e-89
500.000      4.98674e-91
