# Gaussian folded, width=10 cm^-1
# [cm^-1] arbitrary
0.000      3.00000e+00
1.000      2.91796e+00
2.000      2.68508e+00
3.000      2.33749e+00
4.000      1.92514e+00
5.000      1.50000e+00
6.000      1.10570e+00
7.000      7.71085e-01
8.000      5.08727e-01
9.000      3.17529e-01
10.000      1.87500e-01
11.000      1.04746e-01
12.000      5.53590e-02
13.000      2.76795e-02
14.000      1.30932e-02
15.000      5.85948e-03
16.000      2.48110e-03
17.000      9.95074e-04
18.000      3.81561e-04
19.000      1.51463e-04
20.000      9.67468e-05
21.000      1.63982e-04
22.000      4.18889e-04
23.000      1.09177e-03
24.000      2.72072e-03
25.000      6.43531e-03
26.000      1.44384e-02
27.000      3.07325e-02
28.000      6.20737e-02
29.000      1.19005e-01
30.000      2.16615e-01
31.000      3.74463e-01
32.000      6.14973e-01
33.000      9.59768e-01
34.000      1.42389e+00
35.000      2.00874e+00
36.000      2.69552e+00
37.000      3.44162e+00
38.000      4.18225e+00
39.000      4.83835e+00
40.000      5.32997e+00
41.000      5.59217e+00
42.000      5.58900e+00
43.000      5.32153e+00
44.000      4.82748e+00
45.000      4.17250e+00
46.000      3.43600e+00
47.000      2.69564e+00
48.000      2.01453e+00
49.000      1.43392e+00
50.000      9.71965e-01
51.000      6.27392e-01
52.000      3.85879e-01
53.000      2.26917e-01
54.000      1.29544e-01
55.000      7.62559e-02
56.000      5.51845e-02
57.000      6.10573e-02
58.000      9.54759e-02
59.000      1.66793e-01
60.000      2.89471e-01
61.000      4.82490e-01
62.000      7.66250e-01
63.000      1.15775e+00
64.000      1.66441e+00
65.000      2.27775e+00
66.000      2.96896e+00
67.000      3.68810e+00
68.000      4.36868e+00
69.000      4.93714e+00
70.000      5.32574e+00
71.000      5.48568e+00
72.000      5.39696e+00
73.000      5.07242e+00
74.000      4.55481e+00
75.000      3.90794e+00
76.000      3.20445e+00
77.000      2.51355e+00
78.000      1.89160e+00
79.000      1.37736e+00
80.000      9.92085e-01
81.000      7.43266e-01
82.000      6.30062e-01
83.000      6.48216e-01
84.000      7.92938e-01
85.000      1.05906e+00
86.000      1.43882e+00
87.000      1.91828e+00
88.000      2.47401e+00
89.000      3.07138e+00
90.000      3.66557e+00
91.000      4.20563e+00
92.000      4.64121e+00
93.000      4.93058e+00
94.000      5.04841e+00
95.000      4.99161e+00
96.000      4.78184e+00
97.000      4.46418e+00
98.000      4.10193e+00
99.000      3.76841e+00
100.000      3.53665e+00
101.000      3.46860e+00
102.000      3.60535e+00
103.000      3.96045e+00
104.000      4.51788e+00
105.000      5.23599e+00
106.000      6.05678e+00
107.000      6.91867e+00
108.000      7.76898e+00
109.000      8.57250e+00
110.000      9.31347e+00
111.000      9.99051e+00
112.000      1.06068e+01
113.000      1.11597e+01
114.000      1.16338e+01
115.000      1.20006e+01
116.000      1.22252e+01
117.000      1.22765e+01
118.000      1.21375e+01
119.000      1.18125e+01
120.000      1.13269e+01
121.000      1.07224e+01
122.000      1.00488e+01
123.000      9.35543e+00
124.000      8.68519e+00
125.000      8.07248e+00
126.000      7.54370e+00
127.000      7.11928e+00
128.000      6.81497e+00
129.000      6.64128e+00
130.000      6.60093e+00
131.000      6.68563e+00
132.000      6.87435e+00
133.000      7.13520e+00
134.000      7.43143e+00
135.000      7.73017e+00
136.000      8.01106e+00
137.000      8.27084e+00
138.000      8.52210e+00
139.000      8.78592e+00
140.000      9.08141e+00
141.000      9.41607e+00
142.000      9.78073e+00
143.000      1.01507e+01
144.000      1.04919e+01
145.000      1.07699e+01
146.000      1.09573e+01
147.000      1.10388e+01
148.000      1.10121e+01
149.000      1.08865e+01
150.000      1.06818e+01
151.000      1.04262e+01
152.000      1.01562e+01
153.000      9.91378e+00
154.000      9.74281e+00
155.000      9.68146e+00
156.000      9.75398e+00
157.000      9.96348e+00
158.000      1.02889e+01
159.000      1.06879e+01
160.000      1.11048e+01
161.000      1.14816e+01
162.000      1.17693e+01
163.000      1.19348e+01
164.000      1.19645e+01
165.000      1.18623e+01
166.000      1.16441e+01
167.000      1.13313e+01
168.000      1.09444e+01
169.000      1.04984e+01
170.000      1.00015e+01
171.000      9.45741e+00
172.000      8.86900e+00
173.000      8.24316e+00
174.000      7.59424e+00
175.000      6.94479e+00
176.000      6.32330e+00
177.000      5.75939e+00
178.000      5.27803e+00
179.000      4.89458e+00
180.000      4.61217e+00
181.000      4.42207e+00
182.000      4.30685e+00
183.000      4.24531e+00
184.000      4.21776e+00
185.000      4.21001e+00
186.000      4.21525e+00
187.000      4.23368e+00
188.000      4.27045e+00
189.000      4.33331e+00
190.000      4.43059e+00
191.000      4.56991e+00
192.000      4.75706e+00
193.000      4.99444e+00
194.000      5.27884e+00
195.000      5.59926e+00
196.000      5.93606e+00
197.000      6.26256e+00
198.000      6.54927e+00
199.000      6.76962e+00
200.000      6.90543e+00
201.000      6.95012e+00
202.000      6.90880e+00
203.000      6.79555e+00
204.000      6.62904e+00
205.000      6.42790e+00
206.000      6.20709e+00
207.000      5.97581e+00
208.000      5.73730e+00
209.000      5.49017e+00
210.000      5.23103e+00
211.000      4.95746e+00
212.000      4.67028e+00
213.000      4.37403e+00
214.000      4.07549e+00
215.000      3.78065e+00
216.000      3.49177e+00
217.000      3.20592e+00
218.000      2.91614e+00
219.000      2.61466e+00
220.000      2.29702e+00
221.000      1.96510e+00
222.000      1.62785e+00
223.000      1.29944e+00
224.000      9.95670e-01
225.000      7.30083e-01
226.000      5.11109e-01
227.000      3.41016e-01
228.000      2.16558e-01
229.000      1.30757e-01
230.000      7.50077e-02
231.000      4.08527e-02
232.000      2.11150e-02
233.000      1.03523e-02
234.000      4.81289e-03
235.000      2.12115e-03
236.000      8.85983e-04
237.000      3.50648e-04
238.000      1.31470e-04
239.000      4.66894e-05
240.000      1.57031e-05
241.000      5.00112e-06
242.000      1.50806e-06
243.000      4.30521e-07
244.000      1.16348e-07
245.000      2.97628e-08
246.000      7.20650e-09
247.000      1.65258e-09
248.000      3.64928e-10
249.000      1.09997e-10
250.000      2.00056e-10
251.000      8.97482e-10
252.000      4.07852e-09
253.000      1.75831e-08
254.000      7.17264e-08
255.000      2.76826e-07
256.000      1.01084e-06
257.000      3.49225e-06
258.000      1.14151e-05
259.000      3.53032e-05
260.000      1.03303e-04
261.000      2.86015e-04
262.000      7.49304e-04
263.000      1.85756e-03
264.000      4.35792e-03
265.000      9.67643e-03
266.000      2.03386e-02
267.000      4.04765e-02
268.000      7.62969e-02
269.000      1.36286e-01
270.000      2.30858e-01
271.000      3.71223e-01
272.000      5.67479e-01
273.000      8.26354e-01
274.000      1.14943e+00
275.000      1.53277e+00
276.000      1.96851e+00
277.000      2.44790e+00
278.000      2.96428e+00
279.000      3.51380e+00
280.000      4.09240e+00
281.000      4.68951e+00
282.000      5.28119e+00
283.000      5.82743e+00
284.000      6.27709e+00
285.000      6.58166e+00
286.000      6.71430e+00
287.000      6.68757e+00
288.000      6.56215e+00
289.000      6.44159e+00
290.000      6.45276e+00
291.000      6.71674e+00
292.000      7.31848e+00
293.000      8.28358e+00
294.000      9.56872e+00
295.000      1.10677e+01
296.000      1.26311e+01
297.000      1.40938e+01
298.000      1.53033e+01
299.000      1.61431e+01
300.000      1.65467e+01
301.000      1.65029e+01
302.000      1.60526e+01
303.000      1.52819e+01
304.000      1.43111e+01
305.000      1.32817e+01
306.000      1.23388e+01
307.000      1.16108e+01
308.000      1.11875e+01
309.000      1.11021e+01
310.000      1.13231e+01
311.000      1.17583e+01
312.000      1.22752e+01
313.000      1.27297e+01
314.000      1.30008e+01
315.000      1.30190e+01
316.000      1.27845e+01
317.000      1.23700e+01
318.000      1.19067e+01
319.000      1.15588e+01
320.000      1.14910e+01
321.000      1.18391e+01
322.000      1.26875e+01
323.000      1.40603e+01
324.000      1.59246e+01
325.000      1.82014e+01
326.000      2.07792e+01
327.000      2.35254e+01
328.000      2.62938e+01
329.000      2.89307e+01
330.000      3.12827e+01
331.000      3.32083e+01
332.000      3.45927e+01
333.000      3.53635e+01
334.000      3.55009e+01
335.000      3.50409e+01
336.000      3.40695e+01
337.000      3.27100e+01
338.000      3.11058e+01
339.000      2.94025e+01
340.000      2.77334e+01
341.000      2.62090e+01
342.000      2.49128e+01
343.000      2.39020e+01
344.000      2.32124e+01
345.000      2.28629e+01
346.000      2.28592e+01
347.000      2.31934e+01
348.000      2.38406e+01
349.000      2.47541e+01
350.000      2.58619e+01
351.000      2.70684e+01
352.000      2.82613e+01
353.000      2.93244e+01
354.000      3.01522e+01
355.000      3.06631e+01
356.000      3.08076e+01
357.000      3.05699e+01
358.000      2.99634e+01
359.000      2.90216e+01
360.000      2.77887e+01
361.000      2.63114e+01
362.000      2.46339e+01
363.000      2.27981e+01
364.000      2.08464e+01
365.000      1.88265e+01
366.000      1.67941e+01
367.000      1.48122e+01
368.000      1.29464e+01
369.000      1.12567e+01
370.000      9.79080e+00
371.000      8.57893e+00
372.000      7.63428e+00
373.000      6.95594e+00
374.000      6.53330e+00
375.000      6.34921e+00
376.000      6.38154e+00
377.000      6.60428e+00
378.000      6.99045e+00
379.000      7.51803e+00
380.000      8.17765e+00
381.000      8.97809e+00
382.000      9.94496e+00
383.000      1.11100e+01
384.000      1.24928e+01
385.000      1.40823e+01
386.000      1.58257e+01
387.000      1.76328e+01
388.000      1.93948e+01
389.000      2.10106e+01
390.000      2.24091e+01
391.000      2.35569e+01
392.000      2.44475e+01
393.000      2.50782e+01
394.000      2.54268e+01
395.000      2.54402e+01
396.000      2.50415e+01
397.000      2.41551e+01
398.000      2.27378e+01
399.000      2.08056e+01
400.000      1.84440e+01
401.000      1.57993e+01
402.000      1.30546e+01
403.000      1.03979e+01
404.000      7.99180e+00
405.000      5.95214e+00
406.000      4.33854e+00
407.000      3.15671e+00
408.000      2.36912e+00
409.000      1.90977e+00
410.000      1.69940e+00
411.000      1.65830e+00
412.000      1.71590e+00
413.000      1.81663e+00
414.000      1.92285e+00
415.000      2.01508e+00
416.000      2.09004e+00
417.000      2.15688e+00
418.000      2.23172e+00
419.000      2.33144e+00
420.000      2.46748e+00
421.000      2.64107e+00
422.000      2.84111e+00
423.000      3.04524e+00
424.000      3.22410e+00
425.000      3.34738e+00
426.000      3.39017e+00
427.000      3.33773e+00
428.000      3.18772e+00
429.000      2.94975e+00
430.000      2.64286e+00
431.000      2.29194e+00
432.000      1.92418e+00
433.000      1.56608e+00
434.000      1.24119e+00
435.000      9.68565e-01
436.000      7.61685e-01
437.000      6.27769e-01
438.000      5.67290e-01
439.000      5.73754e-01
440.000      6.33894e-01
441.000      7.28592e-01
442.000      8.34832e-01
443.000      9.28782e-01
444.000      9.89616e-01
445.000      1.00321e+00
446.000      9.64611e-01
447.000      8.78503e-01
448.000      7.57330e-01
449.000      6.17804e-01
450.000      4.76851e-01
451.000      3.48221e-01
452.000      2.40577e-01
453.000      1.57245e-01
454.000      9.72339e-02
455.000      5.68824e-02
456.000      3.14816e-02
457.000      1.64836e-02
458.000      8.16519e-03
459.000      3.82646e-03
460.000      1.69647e-03
461.000      7.11563e-04
462.000      2.82356e-04
463.000      1.05998e-04
464.000      3.76460e-05
465.000      1.26490e-05
466.000      4.02078e-06
467.000      1.20916e-06
468.000      3.44011e-07
469.000      9.25935e-08
470.000      2.35779e-08
471.000      5.68000e-09
472.000      1.29452e-09
473.000      2.79117e-10
474.000      5.69353e-11
475.000      1.09874e-11
476.000      2.00597e-12
477.000      3.46476e-13
478.000      5.66161e-14
479.000      8.75232e-15
480.000      1.28004e-15
481.000      1.77110e-16
482.000      2.31835e-17
483.000      2.87100e-18
484.000      3.36360e-19
485.000      3.72815e-20
486.000      3.90931e-21
487.000      3.87815e-22
488.000      3.63971e-23
489.000      3.23166e-24
490.000      2.71458e-25
491.000      2.15724e-26
492.000      1.62185e-27
493.000      1.15356e-28
494.000      7.76225e-30
495.000      4.94143e-31
496.000      2.97602e-32
497.000      1.69565e-33
498.000      9.14015e-35
499.000      4.66111e-36
500.000      2.24875e-37
