# Gaussian folded, width=10 cm^-1
# [cm^-1] arbitrary
0.000      3.00000e+00
1.000      2.91796e+00
2.000      2.68508e+00
3.000      2.33749e+00
4.000      1.92514e+00
5.000      1.50000e+00
6.000      1.10570e+00
7.000      7.71085e-01
8.000      5.08727e-01
9.000      3.17529e-01
10.000      1.87500e-01
11.000      1.04746e-01
12.000      5.53590e-02
13.000      2.76795e-02
14.000      1.30932e-02
15.000      5.85949e-03
16.000      2.48114e-03
17.000      9.95217e-04
18.000      3.82015e-04
19.000      1.52828e-04
20.000      1.00615e-04
21.000      1.74309e-04
22.000      4.44846e-04
23.000      1.15312e-03
24.000      2.85693e-03
25.000      6.71890e-03
26.000      1.49910e-02
27.000      3.17374e-02
28.000      6.37730e-02
29.000      1.21663e-01
30.000      2.20433e-01
31.000      3.79436e-01
32.000      6.20723e-01
33.000      9.65413e-01
34.000      1.42805e+00
35.000      2.00977e+00
36.000      2.69198e+00
37.000      3.43288e+00
38.000      4.16899e+00
39.000      4.82269e+00
40.000      5.31513e+00
41.000      5.58152e+00
42.000      5.58501e+00
43.000      5.32497e+00
44.000      4.83714e+00
45.000      4.18569e+00
46.000      3.44948e+00
47.000      2.70664e+00
48.000      2.02144e+00
49.000      1.43649e+00
50.000      9.71018e-01
51.000      6.24295e-01
52.000      3.82059e-01
53.000      2.23567e-01
54.000      1.27584e-01
55.000      7.64935e-02
56.000      5.85807e-02
57.000      6.89579e-02
58.000      1.09694e-01
59.000      1.89417e-01
60.000      3.22310e-01
61.000      5.26145e-01
62.000      8.18987e-01
63.000      1.21452e+00
64.000      1.71652e+00
65.000      2.31373e+00
66.000      2.97667e+00
67.000      3.65795e+00
68.000      4.29685e+00
69.000      4.82784e+00
70.000      5.19138e+00
71.000      5.34461e+00
72.000      5.26944e+00
73.000      4.97588e+00
74.000      4.50007e+00
75.000      3.89755e+00
76.000      3.23344e+00
77.000      2.57218e+00
78.000      1.96904e+00
79.000      1.46508e+00
80.000      1.08610e+00
81.000      8.44683e-01
82.000      7.43873e-01
83.000      7.80568e-01
84.000      9.47295e-01
85.000      1.23195e+00
86.000      1.61611e+00
87.000      2.07334e+00
88.000      2.56897e+00
89.000      3.06231e+00
90.000      3.51145e+00
91.000      3.87948e+00
92.000      4.14054e+00
93.000      4.28392e+00
94.000      4.31522e+00
95.000      4.25458e+00
96.000      4.13284e+00
97.000      3.98709e+00
98.000      3.85675e+00
99.000      3.78062e+00
100.000      3.79446e+00
101.000      3.92829e+00
102.000      4.20298e+00
103.000      4.62622e+00
104.000      5.18940e+00
105.000      5.86699e+00
106.000      6.61970e+00
107.000      7.40141e+00
108.000      8.16819e+00
109.000      8.88642e+00
110.000      9.53739e+00
111.000      1.01166e+01
112.000      1.06285e+01
113.000      1.10785e+01
114.000      1.14658e+01
115.000      1.17803e+01
116.000      1.20034e+01
117.000      1.21127e+01
118.000      1.20884e+01
119.000      1.19187e+01
120.000      1.16020e+01
121.000      1.11474e+01
122.000      1.05728e+01
123.000      9.90288e+00
124.000      9.16794e+00
125.000      8.40430e+00
126.000      7.65461e+00
127.000      6.96706e+00
128.000      6.39189e+00
129.000      5.97456e+00
130.000      5.74691e+00
131.000      5.71878e+00
132.000      5.87388e+00
133.000      6.17241e+00
134.000      6.56102e+00
135.000      6.98762e+00
136.000      7.41602e+00
137.000      7.83474e+00
138.000      8.25616e+00
139.000      8.70552e+00
140.000      9.20383e+00
141.000      9.75118e+00
142.000      1.03176e+01
143.000      1.08455e+01
144.000      1.12643e+01
145.000      1.15109e+01
146.000      1.15506e+01
147.000      1.13897e+01
148.000      1.10768e+01
149.000      1.06910e+01
150.000      1.03227e+01
151.000      1.00523e+01
152.000      9.93179e+00
153.000      9.97679e+00
154.000      1.01672e+01
155.000      1.04571e+01
156.000      1.07890e+01
157.000      1.11081e+01
158.000      1.13721e+01
159.000      1.15558e+01
160.000      1.16493e+01
161.000      1.16543e+01
162.000      1.15782e+01
163.000      1.14309e+01
164.000      1.12224e+01
165.000      1.09631e+01
166.000      1.06635e+01
167.000      1.03344e+01
168.000      9.98538e+00
169.000      9.62326e+00
170.000      9.25035e+00
171.000      8.86384e+00
172.000      8.45651e+00
173.000      8.01892e+00
174.000      7.54275e+00
175.000      7.02458e+00
176.000      6.46927e+00
177.000      5.89219e+00
178.000      5.31967e+00
179.000      4.78718e+00
180.000      4.33526e+00
181.000      4.00325e+00
182.000      3.82213e+00
183.000      3.80760e+00
184.000      3.95534e+00
185.000      4.23980e+00
186.000      4.61730e+00
187.000      5.03293e+00
188.000      5.43009e+00
189.000      5.76037e+00
190.000      5.99197e+00
191.000      6.11439e+00
192.000      6.13850e+00
193.000      6.09193e+00
194.000      6.01096e+00
195.000      5.93116e+00
196.000      5.87936e+00
197.000      5.86892e+00
198.000      5.89927e+00
199.000      5.95901e+00
200.000      6.03095e+00
201.000      6.09715e+00
202.000      6.14248e+00
203.000      6.15611e+00
204.000      6.13150e+00
205.000      6.06558e+00
206.000      5.95806e+00
207.000      5.81107e+00
208.000      5.62900e+00
209.000      5.41816e+00
210.000      5.18590e+00
211.000      4.93937e+00
212.000      4.68416e+00
213.000      4.42338e+00
214.000      4.15741e+00
215.000      3.88442e+00
216.000      3.60128e+00
217.000      3.30482e+00
218.000      2.99299e+00
219.000      2.66594e+00
220.000      2.32683e+00
221.000      1.98219e+00
222.000      1.64162e+00
223.000      1.31667e+00
224.000      1.01902e+00
225.000      7.58536e-01
226.000      5.41505e-01
227.000      3.69816e-01
228.000      2.41113e-01
229.000      1.49814e-01
230.000      8.85860e-02
231.000      4.97915e-02
232.000      2.65776e-02
233.000      1.34624e-02
234.000      6.46708e-03
235.000      2.94487e-03
236.000      1.27065e-03
237.000      5.19345e-04
238.000      2.01023e-04
239.000      7.36729e-05
240.000      2.55608e-05
241.000      8.39439e-06
242.000      2.60920e-06
243.000      7.67528e-07
244.000      2.13658e-07
245.000      5.62808e-08
246.000      1.40282e-08
247.000      3.30958e-09
248.000      7.45044e-10
249.000      1.92428e-10
250.000      2.17332e-10
251.000      9.03005e-10
252.000      4.09045e-09
253.000      1.76362e-08
254.000      7.19572e-08
255.000      2.77768e-07
256.000      1.01444e-06
257.000      3.50516e-06
258.000      1.14587e-05
259.000      3.54412e-05
260.000      1.03715e-04
261.000      2.87171e-04
262.000      7.52361e-04
263.000      1.86519e-03
264.000      4.37586e-03
265.000      9.71631e-03
266.000      2.04224e-02
267.000      4.06432e-02
268.000      7.66117e-02
269.000      1.36850e-01
270.000      2.31821e-01
271.000      3.72788e-01
272.000      5.69902e-01
273.000      8.29930e-01
274.000      1.15444e+00
275.000      1.53941e+00
276.000      1.97673e+00
277.000      2.45728e+00
278.000      2.97387e+00
279.000      3.52207e+00
280.000      4.09740e+00
281.000      4.68920e+00
282.000      5.27410e+00
283.000      5.81327e+00
284.000      6.25722e+00
285.000      6.55910e+00
286.000      6.69313e+00
287.000      6.67172e+00
288.000      6.55385e+00
289.000      6.43978e+00
290.000      6.45201e+00
291.000      6.70720e+00
292.000      7.28731e+00
293.000      8.21817e+00
294.000      9.46136e+00
295.000      1.09207e+01
296.000      1.24602e+01
297.000      1.39282e+01
298.000      1.51806e+01
299.000      1.60996e+01
300.000      1.66062e+01
301.000      1.66671e+01
302.000      1.62986e+01
303.000      1.55667e+01
304.000      1.45835e+01
305.000      1.34962e+01
306.000      1.24675e+01
307.000      1.16484e+01
308.000      1.11494e+01
309.000      1.10159e+01
310.000      1.12186e+01
311.000      1.16594e+01
312.000      1.21953e+01
313.000      1.26727e+01
314.000      1.29636e+01
315.000      1.29958e+01
316.000      1.27690e+01
317.000      1.23559e+01
318.000      1.18869e+01
319.000      1.15256e+01
320.000      1.14380e+01
321.000      1.17642e+01
322.000      1.25973e+01
323.000      1.39717e+01
324.000      1.58627e+01
325.000      1.81937e+01
326.000      2.08473e+01
327.000      2.36771e+01
328.000      2.65189e+01
329.000      2.92021e+01
330.000      3.15620e+01
331.000      3.34543e+01
332.000      3.47709e+01
333.000      3.54533e+01
334.000      3.55004e+01
335.000      3.49678e+01
336.000      3.39574e+01
337.000      3.26005e+01
338.000      3.10380e+01
339.000      2.94029e+01
340.000      2.78099e+01
341.000      2.63508e+01
342.000      2.50971e+01
343.000      2.41035e+01
344.000      2.34120e+01
345.000      2.30512e+01
346.000      2.30337e+01
347.000      2.33517e+01
348.000      2.39731e+01
349.000      2.48404e+01
350.000      2.58726e+01
351.000      2.69710e+01
352.000      2.80287e+01
353.000      2.89413e+01
354.000      2.96188e+01
355.000      2.99960e+01
356.000      3.00388e+01
357.000      2.97455e+01
358.000      2.91415e+01
359.000      2.82686e+01
360.000      2.71722e+01
361.000      2.58899e+01
362.000      2.44460e+01
363.000      2.28533e+01
364.000      2.11214e+01
365.000      1.92683e+01
366.000      1.73308e+01
367.000      1.53684e+01
368.000      1.34597e+01
369.000      1.16913e+01
370.000      1.01438e+01
371.000      8.87740e+00
372.000      7.92306e+00
373.000      7.27989e+00
374.000      6.91933e+00
375.000      6.79422e+00
376.000      6.85041e+00
377.000      7.03856e+00
378.000      7.32453e+00
379.000      7.69690e+00
380.000      8.17032e+00
381.000      8.78296e+00
382.000      9.58679e+00
383.000      1.06314e+01
384.000      1.19450e+01
385.000      1.35177e+01
386.000      1.52947e+01
387.000      1.71832e+01
388.000      1.90695e+01
389.000      2.08438e+01
390.000      2.24187e+01
391.000      2.37371e+01
392.000      2.47653e+01
393.000      2.54769e+01
394.000      2.58368e+01
395.000      2.57944e+01
396.000      2.52903e+01
397.000      2.42762e+01
398.000      2.27375e+01
399.000      2.07117e+01
400.000      1.82949e+01
401.000      1.56319e+01
402.000      1.28954e+01
403.000      1.02593e+01
404.000      7.87243e+00
405.000      5.84130e+00
406.000      4.22190e+00
407.000      3.02217e+00
408.000      2.21143e+00
409.000      1.73336e+00
410.000      1.51895e+00
411.000      1.49712e+00
412.000      1.60228e+00
413.000      1.77870e+00
414.000      1.98257e+00
415.000      2.18234e+00
416.000      2.35808e+00
417.000      2.50021e+00
418.000      2.60808e+00
419.000      2.68810e+00
420.000      2.75157e+00
421.000      2.81161e+00
422.000      2.87941e+00
423.000      2.96019e+00
424.000      3.04995e+00
425.000      3.13440e+00
426.000      3.19085e+00
427.000      3.19315e+00
428.000      3.11848e+00
429.000      2.95393e+00
430.000      2.70091e+00
431.000      2.37579e+00
432.000      2.00690e+00
433.000      1.62883e+00
434.000      1.27592e+00
435.000      9.76734e-01
436.000      7.50703e-01
437.000      6.06910e-01
438.000      5.44587e-01
439.000      5.54433e-01
440.000      6.20191e-01
441.000      7.20427e-01
442.000      8.30788e-01
443.000      9.26998e-01
444.000      9.88410e-01
445.000      1.00141e+00
446.000      9.61682e-01
447.000      8.74427e-01
448.000      7.52469e-01
449.000      6.12686e-01
450.000      4.71991e-01
451.000      3.44001e-01
452.000      2.37197e-01
453.000      1.54732e-01
454.000      9.54920e-02
455.000      5.57537e-02
456.000      3.07962e-02
457.000      1.60931e-02
458.000      7.95607e-03
459.000      3.72114e-03
460.000      1.64653e-03
461.000      6.89259e-04
462.000      2.72968e-04
463.000      1.02273e-04
464.000      3.62514e-05
465.000      1.21565e-05
466.000      3.85662e-06
467.000      1.15751e-06
468.000      3.28670e-07
469.000      8.82904e-08
470.000      2.24380e-08
471.000      5.39476e-09
472.000      1.22709e-09
473.000      2.64059e-10
474.000      5.37579e-11
475.000      1.03538e-11
476.000      1.88659e-12
477.000      3.25215e-13
478.000      5.30374e-14
479.000      8.18297e-15
480.000      1.19442e-15
481.000      1.64938e-16
482.000      2.15478e-17
483.000      2.66320e-18
484.000      3.11401e-19
485.000      3.44473e-20
486.000      3.60501e-21
487.000      3.56925e-22
488.000      3.34321e-23
489.000      2.96257e-24
490.000      2.48366e-25
491.000      1.96984e-26
492.000      1.47805e-27
493.000      1.04922e-28
494.000      7.04625e-30
495.000      4.47681e-31
496.000      2.69089e-32
497.000      1.53018e-33
498.000      8.23201e-35
499.000      4.18974e-36
500.000      2.01737e-37
