# Gaussian folded, width=10 cm^-1
# [cm^-1] arbitrary
0.000      3.00000e+00
1.000      2.91796e+00
2.000      2.68508e+00
3.000      2.33749e+00
4.000      1.92514e+00
5.000      1.50000e+00
6.000      1.10570e+00
7.000      7.71085e-01
8.000      5.08727e-01
9.000      3.17529e-01
10.000      1.87500e-01
11.000      1.04746e-01
12.000      5.53591e-02
13.000      2.76800e-02
14.000      1.30948e-02
15.000      5.86466e-03
16.000      2.49768e-03
17.000      1.04527e-03
18.000      5.25560e-04
19.000      5.42804e-04
20.000      1.10425e-03
21.000      2.62117e-03
22.000      6.09586e-03
23.000      1.35157e-02
24.000      2.84733e-02
25.000      5.69864e-02
26.000      1.08385e-01
27.000      1.95974e-01
28.000      3.37003e-01
29.000      5.51396e-01
30.000      8.58782e-01
31.000      1.27378e+00
32.000      1.80012e+00
33.000      2.42500e+00
34.000      3.11555e+00
35.000      3.81918e+00
36.000      4.46900e+00
37.000      4.99384e+00
38.000      5.33091e+00
39.000      5.43809e+00
40.000      5.30242e+00
41.000      4.94262e+00
42.000      4.40484e+00
43.000      3.75309e+00
44.000      3.05697e+00
45.000      2.38000e+00
46.000      1.77096e+00
47.000      1.25988e+00
48.000      8.58610e-01
49.000      5.64776e-01
50.000      3.67690e-01
51.000      2.54419e-01
52.000      2.14876e-01
53.000      2.45140e-01
54.000      3.48650e-01
55.000      5.35144e-01
56.000      8.17398e-01
57.000      1.20614e+00
58.000      1.70390e+00
59.000      2.29918e+00
60.000      2.96257e+00
61.000      3.64652e+00
62.000      4.28958e+00
63.000      4.82501e+00
64.000      5.19198e+00
65.000      5.34682e+00
66.000      5.27143e+00
67.000      4.97673e+00
68.000      4.50027e+00
69.000      3.89897e+00
70.000      3.23893e+00
71.000      2.58512e+00
72.000      1.99316e+00
73.000      1.50480e+00
74.000      1.14701e+00
75.000      9.33916e-01
76.000      8.69691e-01
77.000      9.51006e-01
78.000      1.16795e+00
79.000      1.50349e+00
80.000      1.93256e+00
81.000      2.42190e+00
82.000      2.93217e+00
83.000      3.42218e+00
84.000      3.85479e+00
85.000      4.20281e+00
86.000      4.45316e+00
87.000      4.60840e+00
88.000      4.68548e+00
89.000      4.71246e+00
90.000      4.72433e+00
91.000      4.75879e+00
92.000      4.85231e+00
93.000      5.03632e+00
94.000      5.33363e+00
95.000      5.75559e+00
96.000      6.30093e+00
97.000      6.95697e+00
98.000      7.70305e+00
99.000      8.51496e+00
100.000      9.36850e+00
101.000      1.02403e+01
102.000      1.11061e+01
103.000      1.19369e+01
104.000      1.26957e+01
105.000      1.33372e+01
106.000      1.38110e+01
107.000      1.40675e+01
108.000      1.40669e+01
109.000      1.37867e+01
110.000      1.32285e+01
111.000      1.24214e+01
112.000      1.14223e+01
113.000      1.03124e+01
114.000      9.18994e+00
115.000      8.15986e+00
116.000      7.32006e+00
117.000      6.74702e+00
118.000      6.48277e+00
119.000      6.52649e+00
120.000      6.83387e+00
121.000      7.32525e+00
122.000      7.90191e+00
123.000      8.46671e+00
124.000      8.94415e+00
125.000      9.29450e+00
126.000      9.51843e+00
127.000      9.65140e+00
128.000      9.74988e+00
129.000      9.87390e+00
130.000      1.00710e+01
131.000      1.03652e+01
132.000      1.07545e+01
133.000      1.12138e+01
134.000      1.17043e+01
135.000      1.21831e+01
136.000      1.26120e+01
137.000      1.29629e+01
138.000      1.32194e+01
139.000      1.33759e+01
140.000      1.34352e+01
141.000      1.34055e+01
142.000      1.32982e+01
143.000      1.31258e+01
144.000      1.29011e+01
145.000      1.26363e+01
146.000      1.23429e+01
147.000      1.20315e+01
148.000      1.17127e+01
149.000      1.13962e+01
150.000      1.10903e+01
151.000      1.07998e+01
152.000      1.05249e+01
153.000      1.02596e+01
154.000      9.99274e+00
155.000      9.71086e+00
156.000      9.40223e+00
157.000      9.06137e+00
158.000      8.69199e+00
159.000      8.30710e+00
160.000      7.92607e+00
161.000      7.56939e+00
162.000      7.25320e+00
163.000      6.98541e+00
164.000      6.76485e+00
165.000      6.58356e+00
166.000      6.43117e+00
167.000      6.29940e+00
168.000      6.18501e+00
169.000      6.08998e+00
170.000      6.01928e+00
171.000      5.97743e+00
172.000      5.96569e+00
173.000      5.98151e+00
174.000      6.02033e+00
175.000      6.07872e+00
176.000      6.15675e+00
177.000      6.25803e+00
178.000      6.38683e+00
179.000      6.54373e+00
180.000      6.72213e+00
181.000      6.90769e+00
182.000      7.08152e+00
183.000      7.22567e+00
184.000      7.32871e+00
185.000      7.38888e+00
186.000      7.41367e+00
187.000      7.41634e+00
188.000      7.41109e+00
189.000      7.40886e+00
190.000      7.41525e+00
191.000      7.43049e+00
192.000      7.45107e+00
193.000      7.47162e+00
194.000      7.48637e+00
195.000      7.48994e+00
196.000      7.47763e+00
197.000      7.44570e+00
198.000      7.39193e+00
199.000      7.31623e+00
200.000      7.22108e+00
201.000      7.11152e+00
202.000      6.99469e+00
203.000      6.87917e+00
204.000      6.77439e+00
205.000      6.69032e+00
206.000      6.63709e+00
207.000      6.62463e+00
208.000      6.66155e+00
209.000      6.75348e+00
210.000      6.90083e+00
211.000      7.09670e+00
212.000      7.32573e+00
213.000      7.56496e+00
214.000      7.78710e+00
215.000      7.96574e+00
216.000      8.08155e+00
217.000      8.12717e+00
218.000      8.10954e+00
219.000      8.04837e+00
220.000      7.97150e+00
221.000      7.90857e+00
222.000      7.88504e+00
223.000      7.91840e+00
224.000      8.01705e+00
225.000      8.18148e+00
226.000      8.40598e+00
227.000      8.67961e+00
228.000      8.98548e+00
229.000      9.29938e+00
230.000      9.58924e+00
231.000      9.81751e+00
232.000      9.94710e+00
233.000      9.94991e+00
234.000      9.81504e+00
235.000      9.55345e+00
236.000      9.19700e+00
237.000      8.79165e+00
238.000      8.38741e+00
239.000      8.02812e+00
240.000      7.74426e+00
241.000      7.55029e+00
242.000      7.44606e+00
243.000      7.42085e+00
244.000      7.45816e+00
245.000      7.53956e+00
246.000      7.64687e+00
247.000      7.76262e+00
248.000      7.86927e+00
249.000      7.94844e+00
250.000      7.98077e+00
251.000      7.94741e+00
252.000      7.83260e+00
253.000      7.62663e+00
254.000      7.32795e+00
255.000      6.94344e+00
256.000      6.48682e+00
257.000      5.97585e+00
258.000      5.42934e+00
259.000      4.86528e+00
260.000      4.30024e+00
261.000      3.75011e+00
262.000      3.23123e+00
263.000      2.76098e+00
264.000      2.35711e+00
265.000      2.03550e+00
266.000      1.80694e+00
267.000      1.67384e+00
268.000      1.62812e+00
269.000      1.65135e+00
270.000      1.71729e+00
271.000      1.79653e+00
272.000      1.86219e+00
273.000      1.89535e+00
274.000      1.88913e+00
275.000      1.85047e+00
276.000      1.79906e+00
277.000      1.76362e+00
278.000      1.77581e+00
279.000      1.86308e+00
280.000      2.04209e+00
281.000      2.31444e+00
282.000      2.66619e+00
283.000      3.07140e+00
284.000      3.49884e+00
285.000      3.91956e+00
286.000      4.31304e+00
287.000      4.67005e+00
288.000      4.99176e+00
289.000      5.28631e+00
290.000      5.56445e+00
291.000      5.83618e+00
292.000      6.10888e+00
293.000      6.38668e+00
294.000      6.67018e+00
295.000      6.95607e+00
296.000      7.23695e+00
297.000      7.50230e+00
298.000      7.74105e+00
299.000      7.94546e+00
300.000      8.11471e+00
301.000      8.25599e+00
302.000      8.38215e+00
303.000      8.50632e+00
304.000      8.63608e+00
305.000      8.77007e+00
306.000      8.89955e+00
307.000      9.01450e+00
308.000      9.11197e+00
309.000      9.20265e+00
310.000      9.31206e+00
311.000      9.47504e+00
312.000      9.72491e+00
313.000      1.00814e+01
314.000      1.05422e+01
315.000      1.10814e+01
316.000      1.16569e+01
317.000      1.22231e+01
318.000      1.27452e+01
319.000      1.32096e+01
320.000      1.36275e+01
321.000      1.40304e+01
322.000      1.44605e+01
323.000      1.49598e+01
324.000      1.55604e+01
325.000      1.62788e+01
326.000      1.71138e+01
327.000      1.80478e+01
328.000      1.90496e+01
329.000      2.00792e+01
330.000      2.10937e+01
331.000      2.20529e+01
332.000      2.29248e+01
333.000      2.36882e+01
334.000      2.43335e+01
335.000      2.48611e+01
336.000      2.52782e+01
337.000      2.55953e+01
338.000      2.58240e+01
339.000      2.59749e+01
340.000      2.60581e+01
341.000      2.60832e+01
342.000      2.60610e+01
343.000      2.60047e+01
344.000      2.59298e+01
345.000      2.58530e+01
346.000      2.57883e+01
347.000      2.57435e+01
348.000      2.57150e+01
349.000      2.56864e+01
350.000      2.56303e+01
351.000      2.55138e+01
352.000      2.53071e+01
353.000      2.49911e+01
354.000      2.45617e+01
355.000      2.40273e+01
356.000      2.34015e+01
357.000      2.26935e+01
358.000      2.18999e+01
359.000      2.10036e+01
360.000      1.99796e+01
361.000      1.88067e+01
362.000      1.74800e+01
363.000      1.60200e+01
364.000      1.44748e+01
365.000      1.29127e+01
366.000      1.14109e+01
367.000      1.00404e+01
368.000      8.85431e+00
369.000      7.88134e+00
370.000      7.12637e+00
371.000      6.57660e+00
372.000      6.21052e+00
373.000      6.00635e+00
374.000      5.94721e+00
375.000      6.02214e+00
376.000      6.22404e+00
377.000      6.54669e+00
378.000      6.98287e+00
379.000      7.52455e+00
380.000      8.16457e+00
381.000      8.89811e+00
382.000      9.72223e+00
383.000      1.06329e+01
384.000      1.16201e+01
385.000      1.26626e+01
386.000      1.37244e+01
387.000      1.47544e+01
388.000      1.56892e+01
389.000      1.64589e+01
390.000      1.69941e+01
391.000      1.72338e+01
392.000      1.71326e+01
393.000      1.66668e+01
394.000      1.58395e+01
395.000      1.46832e+01
396.000      1.32603e+01
397.000      1.16591e+01
398.000      9.98596e+00
399.000      8.35268e+00
400.000      6.86174e+00
401.000      5.59167e+00
402.000      4.58635e+00
403.000      3.85133e+00
404.000      3.35815e+00
405.000      3.05582e+00
406.000      2.88575e+00
407.000      2.79575e+00
408.000      2.74891e+00
409.000      2.72552e+00
410.000      2.71865e+00
411.000      2.72634e+00
412.000      2.74454e+00
413.000      2.76326e+00
414.000      2.76729e+00
415.000      2.73995e+00
416.000      2.66775e+00
417.000      2.54368e+00
418.000      2.36837e+00
419.000      2.14920e+00
420.000      1.89850e+00
421.000      1.63173e+00
422.000      1.36606e+00
423.000      1.11918e+00
424.000      9.07862e-01
425.000      7.46347e-01
426.000      6.44338e-01
427.000      6.05179e-01
428.000      6.24592e-01
429.000      6.90445e-01
430.000      7.83899e-01
431.000      8.82036e-01
432.000      9.61687e-01
433.000      1.00372e+00
434.000      9.96712e-01
435.000      9.38886e-01
436.000      8.37778e-01
437.000      7.07661e-01
438.000      5.65671e-01
439.000      4.27837e-01
440.000      3.06153e-01
441.000      2.07267e-01
442.000      1.32753e-01
443.000      8.04418e-02
444.000      4.61144e-02
445.000      2.50098e-02
446.000      1.28322e-02
447.000      6.22887e-03
448.000      2.86046e-03
449.000      1.24274e-03
450.000      5.10789e-04
451.000      1.98619e-04
452.000      7.30664e-05
453.000      2.54292e-05
454.000      8.37268e-06
455.000      2.60804e-06
456.000      7.68567e-07
457.000      2.14273e-07
458.000      5.65157e-08
459.000      1.41023e-08
460.000      3.32910e-09
461.000      7.43503e-10
462.000      1.57093e-10
463.000      3.14012e-11
464.000      5.93819e-12
465.000      1.06238e-12
466.000      1.79814e-13
467.000      2.87928e-14
468.000      4.36177e-15
469.000      6.25114e-16
470.000      8.47564e-17
471.000      1.08719e-17
472.000      1.31933e-18
473.000      1.51468e-19
474.000      1.64514e-20
475.000      1.69046e-21
476.000      1.64333e-22
477.000      1.51134e-23
478.000      1.31497e-24
479.000      1.08240e-25
480.000      8.42904e-27
481.000      6.20991e-28
482.000      4.32823e-29
483.000      2.85399e-30
484.000      1.78038e-31
485.000      1.05073e-32
486.000      5.86660e-34
487.000      3.09884e-35
488.000      1.54857e-36
489.000      7.32113e-38
490.000      3.27449e-39
491.000      1.38557e-40
492.000      5.54662e-42
493.000      2.10062e-43
494.000      7.52632e-45
495.000      2.55115e-46
496.000      8.18103e-48
497.000      2.48197e-49
498.000      7.12367e-51
499.000      1.93432e-52
500.000      4.96900e-54
