# Gaussian folded, width=10 cm^-1
# [cm^-1] arbitrary
0.000      3.00000e+00
1.000      2.91796e+00
2.000      2.68508e+00
3.000      2.33749e+00
4.000      1.92514e+00
5.000      1.50000e+00
6.000      1.10570e+00
7.000      7.71085e-01
8.000      5.08727e-01
9.000      3.17530e-01
10.000      1.87500e-01
11.000      1.04746e-01
12.000      5.53599e-02
13.000      2.76825e-02
14.000      1.31031e-02
15.000      5.89073e-03
16.000      2.57522e-03
17.000      1.26366e-03
18.000      1.10779e-03
19.000      2.01214e-03
20.000      4.61397e-03
21.000      1.05555e-02
22.000      2.30697e-02
23.000      4.78715e-02
24.000      9.42476e-02
25.000      1.76054e-01
26.000      3.12091e-01
27.000      5.25120e-01
28.000      8.38820e-01
29.000      1.27235e+00
30.000      1.83302e+00
31.000      2.50870e+00
32.000      3.26252e+00
33.000      4.03252e+00
34.000      4.73826e+00
35.000      5.29387e+00
36.000      5.62510e+00
37.000      5.68552e+00
38.000      5.46724e+00
39.000      5.00249e+00
40.000      4.35592e+00
41.000      3.60997e+00
42.000      2.84802e+00
43.000      2.14004e+00
44.000      1.53405e+00
45.000      1.05455e+00
46.000      7.06632e-01
47.000      4.83585e-01
48.000      3.75093e-01
49.000      3.73831e-01
50.000      4.78990e-01
51.000      6.96077e-01
52.000      1.03312e+00
53.000      1.49417e+00
54.000      2.07171e+00
55.000      2.74029e+00
56.000      3.45377e+00
57.000      4.14810e+00
58.000      4.74972e+00
59.000      5.18836e+00
60.000      5.41061e+00
61.000      5.39068e+00
62.000      5.13525e+00
63.000      4.68109e+00
64.000      4.08683e+00
65.000      3.42130e+00
66.000      2.75209e+00
67.000      2.13682e+00
68.000      1.61868e+00
69.000      1.22604e+00
70.000      9.74962e-01
71.000      8.72723e-01
72.000      9.20779e-01
73.000      1.11589e+00
74.000      1.44927e+00
75.000      1.90435e+00
76.000      2.45458e+00
77.000      3.06265e+00
78.000      3.68233e+00
79.000      4.26334e+00
80.000      4.75872e+00
81.000      5.13343e+00
82.000      5.37258e+00
83.000      5.48726e+00
84.000      5.51622e+00
85.000      5.52211e+00
86.000      5.58170e+00
87.000      5.77151e+00
88.000      6.15144e+00
89.000      6.75068e+00
90.000      7.55993e+00
91.000      8.53268e+00
92.000      9.59529e+00
93.000      1.06630e+01
94.000      1.16569e+01
95.000      1.25165e+01
96.000      1.32054e+01
97.000      1.37097e+01
98.000      1.40308e+01
99.000      1.41766e+01
100.000      1.41552e+01
101.000      1.39720e+01
102.000      1.36312e+01
103.000      1.31395e+01
104.000      1.25115e+01
105.000      1.17732e+01
106.000      1.09638e+01
107.000      1.01338e+01
108.000      9.34091e+00
109.000      8.64326e+00
110.000      8.09260e+00
111.000      7.72792e+00
112.000      7.57142e+00
113.000      7.62743e+00
114.000      7.88394e+00
115.000      8.31592e+00
116.000      8.88921e+00
117.000      9.56401e+00
118.000      1.02978e+01
119.000      1.10478e+01
120.000      1.17734e+01
121.000      1.24394e+01
122.000      1.30180e+01
123.000      1.34924e+01
124.000      1.38572e+01
125.000      1.41186e+01
126.000      1.42925e+01
127.000      1.43995e+01
128.000      1.44605e+01
129.000      1.44902e+01
130.000      1.44940e+01
131.000      1.44661e+01
132.000      1.43926e+01
133.000      1.42565e+01
134.000      1.40442e+01
135.000      1.37514e+01
136.000      1.33855e+01
137.000      1.29660e+01
138.000      1.25208e+01
139.000      1.20810e+01
140.000      1.16757e+01
141.000      1.13256e+01
142.000      1.10390e+01
143.000      1.08088e+01
144.000      1.06139e+01
145.000      1.04226e+01
146.000      1.02014e+01
147.000      9.92375e+00
148.000      9.57857e+00
149.000      9.17470e+00
150.000      8.73913e+00
151.000      8.30990e+00
152.000      7.92586e+00
153.000      7.61703e+00
154.000      7.39863e+00
155.000      7.27010e+00
156.000      7.21832e+00
157.000      7.22276e+00
158.000      7.26036e+00
159.000      7.30893e+00
160.000      7.34919e+00
161.000      7.36631e+00
162.000      7.35124e+00
163.000      7.30196e+00
164.000      7.22346e+00
165.000      7.12613e+00
166.000      7.02249e+00
167.000      6.92350e+00
168.000      6.83573e+00
169.000      6.76063e+00
170.000      6.69592e+00
171.000      6.63834e+00
172.000      6.58617e+00
173.000      6.54060e+00
174.000      6.50535e+00
175.000      6.48524e+00
176.000      6.48466e+00
177.000      6.50677e+00
178.000      6.55377e+00
179.000      6.62762e+00
180.000      6.73059e+00
181.000      6.86503e+00
182.000      7.03235e+00
183.000      7.23181e+00
184.000      7.45974e+00
185.000      7.70975e+00
186.000      7.97383e+00
187.000      8.24410e+00
188.000      8.51446e+00
189.000      8.78180e+00
190.000      9.04647e+00
191.000      9.31205e+00
192.000      9.58434e+00
193.000      9.86999e+00
194.000      1.01750e+01
195.000      1.05034e+01
196.000      1.08568e+01
197.000      1.12340e+01
198.000      1.16322e+01
199.000      1.20466e+01
200.000      1.24713e+01
201.000      1.28982e+01
202.000      1.33153e+01
203.000      1.37059e+01
204.000      1.40480e+01
205.000      1.43155e+01
206.000      1.44823e+01
207.000      1.45265e+01
208.000      1.44366e+01
209.000      1.42152e+01
210.000      1.38814e+01
211.000      1.34680e+01
212.000      1.30164e+01
213.000      1.25679e+01
214.000      1.21565e+01
215.000      1.18029e+01
216.000      1.15137e+01
217.000      1.12851e+01
218.000      1.11093e+01
219.000      1.09811e+01
220.000      1.09021e+01
221.000      1.08814e+01
222.000      1.09314e+01
223.000      1.10634e+01
224.000      1.12813e+01
225.000      1.15785e+01
226.000      1.19374e+01
227.000      1.23317e+01
228.000      1.27304e+01
229.000      1.31032e+01
230.000      1.34256e+01
231.000      1.36821e+01
232.000      1.38677e+01
233.000      1.39875e+01
234.000      1.40543e+01
235.000      1.40846e+01
236.000      1.40961e+01
237.000      1.41036e+01
238.000      1.41169e+01
239.000      1.41397e+01
240.000      1.41687e+01
241.000      1.41945e+01
242.000      1.42039e+01
243.000      1.41830e+01
244.000      1.41218e+01
245.000      1.40170e+01
246.000      1.38736e+01
247.000      1.37018e+01
248.000      1.35118e+01
249.000      1.33071e+01
250.000      1.30798e+01
251.000      1.28102e+01
252.000      1.24722e+01
253.000      1.20431e+01
254.000      1.15145e+01
255.000      1.08996e+01
256.000      1.02347e+01
257.000      9.57152e+00
258.000      8.96526e+00
259.000      8.46004e+00
260.000      8.07825e+00
261.000      7.81701e+00
262.000      7.65274e+00
263.000      7.55174e+00
264.000      7.48215e+00
265.000      7.42266e+00
266.000      7.36467e+00
267.000      7.30788e+00
268.000      7.25207e+00
269.000      7.18944e+00
270.000      7.10131e+00
271.000      6.96091e+00
272.000      6.74119e+00
273.000      6.42456e+00
274.000      6.01052e+00
275.000      5.51852e+00
276.000      4.98478e+00
277.000      4.45423e+00
278.000      3.97011e+00
279.000      3.56450e+00
280.000      3.25245e+00
281.000      3.03148e+00
282.000      2.88578e+00
283.000      2.79356e+00
284.000      2.73439e+00
285.000      2.69430e+00
286.000      2.66704e+00
287.000      2.65230e+00
288.000      2.65244e+00
289.000      2.67010e+00
290.000      2.70778e+00
291.000      2.76946e+00
292.000      2.86246e+00
293.000      2.99782e+00
294.000      3.18750e+00
295.000      3.43883e+00
296.000      3.74779e+00
297.000      4.09408e+00
298.000      4.44086e+00
299.000      4.74040e+00
300.000      4.94504e+00
301.000      5.02044e+00
302.000      4.95685e+00
303.000      4.77456e+00
304.000      4.52131e+00
305.000      4.26234e+00
306.000      4.06619e+00
307.000      3.99083e+00
308.000      4.07378e+00
309.000      4.32838e+00
310.000      4.74552e+00
311.000      5.29886e+00
312.000      5.95108e+00
313.000      6.65945e+00
314.000      7.38051e+00
315.000      8.07419e+00
316.000      8.70774e+00
317.000      9.25918e+00
318.000      9.71942e+00
319.000      1.00922e+01
320.000      1.03915e+01
321.000      1.06379e+01
322.000      1.08538e+01
323.000      1.10611e+01
324.000      1.12801e+01
325.000      1.15306e+01
326.000      1.18342e+01
327.000      1.22144e+01
328.000      1.26948e+01
329.000      1.32943e+01
330.000      1.40192e+01
331.000      1.48573e+01
332.000      1.57751e+01
333.000      1.67213e+01
334.000      1.76371e+01
335.000      1.84699e+01
336.000      1.91873e+01
337.000      1.97855e+01
338.000      2.02893e+01
339.000      2.07430e+01
340.000      2.11945e+01
341.000      2.16781e+01
342.000      2.22004e+01
343.000      2.27338e+01
344.000      2.32209e+01
345.000      2.35867e+01
346.000      2.37566e+01
347.000      2.36743e+01
348.000      2.33156e+01
349.000      2.26938e+01
350.000      2.18567e+01
351.000      2.08752e+01
352.000      1.98278e+01
353.000      1.87844e+01
354.000      1.77941e+01
355.000      1.68798e+01
356.000      1.60392e+01
357.000      1.52531e+01
358.000      1.44959e+01
359.000      1.37457e+01
360.000      1.29917e+01
361.000      1.22357e+01
362.000      1.14901e+01
363.000      1.07725e+01
364.000      1.01007e+01
365.000      9.48959e+00
366.000      8.94936e+00
367.000      8.48567e+00
368.000      8.09974e+00
369.000      7.78776e+00
370.000      7.53993e+00
371.000      7.34003e+00
372.000      7.16681e+00
373.000      6.99759e+00
374.000      6.81371e+00
375.000      6.60631e+00
376.000      6.38083e+00
377.000      6.15882e+00
378.000      5.97627e+00
379.000      5.87818e+00
380.000      5.91012e+00
381.000      6.10773e+00
382.000      6.48582e+00
383.000      7.02979e+00
384.000      7.69169e+00
385.000      8.39344e+00
386.000      9.03772e+00
387.000      9.52525e+00
388.000      9.77451e+00
389.000      9.73896e+00
390.000      9.41660e+00
391.000      8.84905e+00
392.000      8.11029e+00
393.000      7.28852e+00
394.000      6.46635e+00
395.000      5.70515e+00
396.000      5.03722e+00
397.000      4.46694e+00
398.000      3.97916e+00
399.000      3.55095e+00
400.000      3.16256e+00
401.000      2.80402e+00
402.000      2.47617e+00
403.000      2.18686e+00
404.000      1.94474e+00
405.000      1.75386e+00
406.000      1.61115e+00
407.000      1.50755e+00
408.000      1.43173e+00
409.000      1.37413e+00
410.000      1.32930e+00
411.000      1.29556e+00
412.000      1.27228e+00
413.000      1.25674e+00
414.000      1.24205e+00
415.000      1.21771e+00
416.000      1.17237e+00
417.000      1.09765e+00
418.000      9.91262e-01
419.000      8.58104e-01
420.000      7.08907e-01
421.000      5.57210e-01
422.000      4.15865e-01
423.000      2.94319e-01
424.000      1.97355e-01
425.000      1.25316e-01
426.000      7.53258e-02
427.000      4.28511e-02
428.000      2.30676e-02
429.000      1.17497e-02
430.000      5.66254e-03
431.000      2.58190e-03
432.000      1.11378e-03
433.000      4.54560e-04
434.000      1.75511e-04
435.000      6.41123e-05
436.000      2.21563e-05
437.000      7.24392e-06
438.000      2.24062e-06
439.000      6.55663e-07
440.000      1.81514e-07
441.000      4.75400e-08
442.000      1.17795e-08
443.000      2.76128e-09
444.000      6.12367e-10
445.000      1.28479e-10
446.000      2.55016e-11
447.000      4.78875e-12
448.000      8.50735e-13
449.000      1.42983e-13
450.000      2.27348e-14
451.000      3.41992e-15
452.000      4.86697e-16
453.000      6.55268e-17
454.000      8.34635e-18
455.000      1.00575e-18
456.000      1.14658e-19
457.000      1.23662e-20
458.000      1.26178e-21
459.000      1.21801e-22
460.000      1.11233e-23
461.000      9.61023e-25
462.000      7.85511e-26
463.000      6.07419e-27
464.000      4.44368e-28
465.000      3.07549e-29
466.000      2.01374e-30
467.000      1.24741e-31
468.000      7.31027e-33
469.000      4.05299e-34
470.000      2.12586e-35
471.000      1.05490e-36
472.000      4.95229e-38
473.000      2.19947e-39
474.000      9.24162e-41
475.000      3.67363e-42
476.000      1.38153e-43
477.000      4.91522e-45
478.000      1.65441e-46
479.000      5.26818e-48
480.000      1.58707e-49
481.000      4.52324e-51
482.000      1.21961e-52
483.000      3.11106e-54
484.000      7.50782e-56
485.000      1.71410e-57
486.000      3.70236e-59
487.000      7.56548e-61
488.000      1.46256e-62
489.000      2.67489e-64
490.000      4.62826e-66
491.000      7.57612e-68
492.000      1.17326e-69
493.000      1.71893e-71
494.000      2.38254e-73
495.000      3.12420e-75
496.000      3.87575e-77
497.000      4.54873e-79
498.000      5.05060e-81
499.000      5.30533e-83
500.000      5.27230e-85
