# Gaussian folded, width=10 cm^-1
# [cm^-1] arbitrary
0.000      3.00000e+00
1.000      2.91796e+00
2.000      2.68508e+00
3.000      2.33749e+00
4.000      1.92514e+00
5.000      1.50000e+00
6.000      1.10570e+00
7.000      7.71085e-01
8.000      5.08727e-01
9.000      3.17529e-01
10.000      1.87500e-01
11.000      1.04746e-01
12.000      5.53590e-02
13.000      2.76795e-02
14.000      1.30933e-02
15.000      5.85975e-03
16.000      2.48209e-03
17.000      9.98472e-04
18.000      3.92639e-04
19.000      1.85642e-04
20.000      1.96526e-04
21.000      4.39581e-04
22.000      1.13906e-03
23.000      2.87195e-03
24.000      6.88274e-03
25.000      1.56370e-02
26.000      3.36712e-02
27.000      6.87235e-02
28.000      1.32964e-01
29.000      2.43885e-01
30.000      4.24134e-01
31.000      6.99408e-01
32.000      1.09373e+00
33.000      1.62209e+00
34.000      2.28175e+00
35.000      3.04454e+00
36.000      3.85362e+00
37.000      4.62737e+00
38.000      5.27161e+00
39.000      5.69788e+00
40.000      5.84330e+00
41.000      5.68572e+00
42.000      5.24927e+00
43.000      4.59827e+00
44.000      3.82177e+00
45.000      3.01367e+00
46.000      2.25460e+00
47.000      1.60018e+00
48.000      1.07741e+00
49.000      6.88287e-01
50.000      4.17528e-01
51.000      2.41441e-01
52.000      1.35366e-01
53.000      7.87013e-02
54.000      5.75770e-02
55.000      6.58806e-02
56.000      1.05405e-01
57.000      1.85534e-01
58.000      3.22380e-01
59.000      5.36852e-01
60.000      8.51039e-01
61.000      1.28261e+00
62.000      1.83767e+00
63.000      2.50365e+00
64.000      3.24443e+00
65.000      4.00021e+00
66.000      4.69375e+00
67.000      5.24257e+00
68.000      5.57484e+00
69.000      5.64466e+00
70.000      5.44239e+00
71.000      4.99688e+00
72.000      4.36882e+00
73.000      3.63756e+00
74.000      2.88530e+00
75.000      2.18321e+00
76.000      1.58284e+00
77.000      1.11406e+00
78.000      7.88741e-01
79.000      6.07696e-01
80.000      5.67915e-01
81.000      6.67573e-01
82.000      9.07183e-01
83.000      1.28666e+00
84.000      1.79941e+00
85.000      2.42550e+00
86.000      3.12680e+00
87.000      3.84637e+00
88.000      4.51365e+00
89.000      5.05497e+00
90.000      5.40730e+00
91.000      5.53185e+00
92.000      5.42396e+00
93.000      5.11669e+00
94.000      4.67728e+00
95.000      4.19734e+00
96.000      3.77883e+00
97.000      3.51847e+00
98.000      3.49307e+00
99.000      3.74786e+00
100.000      4.28952e+00
101.000      5.08506e+00
102.000      6.06748e+00
103.000      7.14777e+00
104.000      8.23149e+00
105.000      9.23656e+00
106.000      1.01080e+01
107.000      1.08252e+01
108.000      1.14002e+01
109.000      1.18662e+01
110.000      1.22605e+01
111.000      1.26074e+01
112.000      1.29054e+01
113.000      1.31236e+01
114.000      1.32085e+01
115.000      1.30991e+01
116.000      1.27462e+01
117.000      1.21293e+01
118.000      1.12671e+01
119.000      1.02179e+01
120.000      9.07108e+00
121.000      7.93233e+00
122.000      6.90786e+00
123.000      6.09068e+00
124.000      5.55131e+00
125.000      5.33271e+00
126.000      5.44802e+00
127.000      5.88039e+00
128.000      6.58462e+00
129.000      7.49186e+00
130.000      8.51813e+00
131.000      9.57653e+00
132.000      1.05908e+01
133.000      1.15072e+01
134.000      1.22997e+01
135.000      1.29684e+01
136.000      1.35299e+01
137.000      1.40044e+01
138.000      1.44044e+01
139.000      1.47289e+01
140.000      1.49648e+01
141.000      1.50936e+01
142.000      1.50997e+01
143.000      1.49761e+01
144.000      1.47267e+01
145.000      1.43645e+01
146.000      1.39085e+01
147.000      1.33813e+01
148.000      1.28073e+01
149.000      1.22127e+01
150.000      1.16243e+01
151.000      1.10681e+01
152.000      1.05676e+01
153.000      1.01430e+01
154.000      9.81089e+00
155.000      9.58475e+00
156.000      9.47413e+00
157.000      9.48233e+00
158.000      9.60203e+00
159.000      9.81060e+00
160.000      1.00676e+01
161.000      1.03165e+01
162.000      1.04920e+01
163.000      1.05311e+01
164.000      1.03854e+01
165.000      1.00311e+01
166.000      9.47319e+00
167.000      8.74218e+00
168.000      7.88629e+00
169.000      6.96080e+00
170.000      6.01885e+00
171.000      5.10612e+00
172.000      4.25970e+00
173.000      3.50979e+00
174.000      2.88222e+00
175.000      2.39982e+00
176.000      2.08228e+00
177.000      1.94470e+00
178.000      1.99604e+00
179.000      2.23793e+00
180.000      2.66390e+00
181.000      3.25856e+00
182.000      3.99623e+00
183.000      4.83912e+00
184.000      5.73623e+00
185.000      6.62418e+00
186.000      7.43163e+00
187.000      8.08725e+00
188.000      8.53008e+00
189.000      8.71988e+00
190.000      8.64455e+00
191.000      8.32242e+00
192.000      7.79875e+00
193.000      7.13738e+00
194.000      6.40972e+00
195.000      5.68380e+00
196.000      5.01541e+00
197.000      4.44271e+00
198.000      3.98450e+00
199.000      3.64153e+00
200.000      3.39999e+00
201.000      3.23605e+00
202.000      3.12087e+00
203.000      3.02517e+00
204.000      2.92304e+00
205.000      2.79462e+00
206.000      2.62759e+00
207.000      2.41761e+00
208.000      2.16779e+00
209.000      1.88755e+00
210.000      1.59082e+00
211.000      1.29384e+00
212.000      1.01267e+00
213.000      7.60793e-01
214.000      5.47355e-01
215.000      3.76343e-01
216.000      2.46853e-01
217.000      1.54232e-01
218.000      9.16726e-02
219.000      5.17816e-02
220.000      2.77719e-02
221.000      1.41327e-02
222.000      6.81998e-03
223.000      3.11947e-03
224.000      1.35193e-03
225.000      5.54979e-04
226.000      2.15745e-04
227.000      7.94081e-05
228.000      2.76682e-05
229.000      9.12504e-06
230.000      2.84829e-06
231.000      8.41383e-07
232.000      2.35200e-07
233.000      6.22141e-08
234.000      1.55716e-08
235.000      3.68771e-09
236.000      8.26315e-10
237.000      1.75183e-10
238.000      3.51387e-11
239.000      6.66843e-12
240.000      1.19729e-12
241.000      2.03381e-13
242.000      3.26855e-14
243.000      4.97250e-15
244.000      7.38780e-16
245.000      2.83297e-16
246.000      1.38061e-15
247.000      9.52081e-15
248.000      6.26643e-14
249.000      3.90264e-13
250.000      2.29944e-12
251.000      1.28177e-11
252.000      6.75959e-11
253.000      3.37254e-10
254.000      1.59191e-09
255.000      7.10892e-09
256.000      3.00342e-08
257.000      1.20048e-07
258.000      4.53962e-07
259.000      1.62410e-06
260.000      5.49718e-06
261.000      1.76035e-05
262.000      5.33335e-05
263.000      1.52879e-04
264.000      4.14621e-04
265.000      1.06396e-03
266.000      2.58343e-03
267.000      5.93597e-03
268.000      1.29081e-02
269.000      2.65689e-02
270.000      5.17760e-02
271.000      9.55600e-02
272.000      1.67122e-01
273.000      2.77150e-01
274.000      4.36294e-01
275.000      6.52954e-01
276.000      9.31006e-01
277.000      1.26844e+00
278.000      1.65786e+00
279.000      2.08910e+00
280.000      2.55315e+00
281.000      3.04532e+00
282.000      3.56530e+00
283.000      4.11294e+00
284.000      4.68052e+00
285.000      5.24512e+00
286.000      5.76570e+00
287.000      6.18875e+00
288.000      6.46282e+00
289.000      6.55826e+00
290.000      6.48513e+00
291.000      6.30216e+00
292.000      6.11195e+00
293.000      6.04261e+00
294.000      6.22046e+00
295.000      6.74119e+00
296.000      7.64713e+00
297.000      8.91577e+00
298.000      1.04614e+01
299.000      1.21484e+01
300.000      1.38118e+01
301.000      1.52814e+01
302.000      1.64046e+01
303.000      1.70668e+01
304.000      1.72063e+01
305.000      1.68241e+01
306.000      1.59875e+01
307.000      1.48241e+01
308.000      1.35074e+01
309.000      1.22320e+01
310.000      1.11828e+01
311.000      1.05018e+01
312.000      1.02617e+01
313.000      1.04520e+01
314.000      1.09810e+01
315.000      1.16966e+01
316.000      1.24203e+01
317.000      1.29880e+01
318.000      1.32897e+01
319.000      1.32995e+01
320.000      1.30882e+01
321.000      1.28177e+01
322.000      1.27148e+01
323.000      1.30312e+01
324.000      1.39949e+01
325.000      1.57643e+01
326.000      1.83919e+01
327.000      2.18062e+01
328.000      2.58140e+01
329.000      3.01247e+01
330.000      3.43901e+01
331.000      3.82540e+01
332.000      4.14003e+01
333.000      4.35932e+01
334.000      4.47025e+01
335.000      4.47122e+01
336.000      4.37144e+01
337.000      4.18909e+01
338.000      3.94865e+01
339.000      3.67754e+01
340.000      3.40272e+01
341.000      3.14743e+01
342.000      2.92891e+01
343.000      2.75748e+01
344.000      2.63714e+01
345.000      2.56741e+01
346.000      2.54538e+01
347.000      2.56731e+01
348.000      2.62902e+01
349.000      2.72520e+01
350.000      2.84823e+01
351.000      2.98725e+01
352.000      3.12823e+01
353.000      3.25512e+01
354.000      3.35178e+01
355.000      3.40412e+01
356.000      3.40183e+01
357.000      3.33946e+01
358.000      3.21673e+01
359.000      3.03823e+01
360.000      2.81276e+01
361.000      2.55229e+01
362.000      2.27077e+01
363.000      1.98278e+01
364.000      1.70213e+01
365.000      1.44048e+01
366.000      1.20641e+01
367.000      1.00488e+01
368.000      8.37400e+00
369.000      7.02750e+00
370.000      5.98222e+00
371.000      5.20855e+00
372.000      4.68377e+00
373.000      4.39522e+00
374.000      4.33706e+00
375.000      4.50300e+00
376.000      4.87939e+00
377.000      5.44256e+00
378.000      6.16231e+00
379.000      7.01002e+00
380.000      7.96702e+00
381.000      9.02811e+00
382.000      1.01970e+01
383.000      1.14748e+01
384.000      1.28457e+01
385.000      1.42687e+01
386.000      1.56794e+01
387.000      1.70032e+01
388.000      1.81755e+01
389.000      1.91582e+01
390.000      1.99467e+01
391.000      2.05613e+01
392.000      2.10289e+01
393.000      2.13612e+01
394.000      2.15413e+01
395.000      2.15226e+01
396.000      2.12414e+01
397.000      2.06373e+01
398.000      1.96738e+01
399.000      1.83529e+01
400.000      1.67202e+01
401.000      1.48593e+01
402.000      1.28801e+01
403.000      1.09020e+01
404.000      9.03737e+00
405.000      7.37751e+00
406.000      5.98287e+00
407.000      4.87945e+00
408.000      4.06085e+00
409.000      3.49510e+00
410.000      3.13468e+00
411.000      2.92720e+00
412.000      2.82468e+00
413.000      2.78964e+00
414.000      2.79703e+00
415.000      2.83229e+00
416.000      2.88664e+00
417.000      2.95157e+00
418.000      3.01450e+00
419.000      3.05726e+00
420.000      3.05797e+00
421.000      2.99563e+00
422.000      2.85598e+00
423.000      2.63654e+00
424.000      2.34892e+00
425.000      2.01759e+00
426.000      1.67542e+00
427.000      1.35728e+00
428.000      1.09341e+00
429.000      9.04280e-01
430.000      7.97623e-01
431.000      7.68042e-01
432.000      7.98769e-01
433.000      8.65152e-01
434.000      9.39297e-01
435.000      9.95134e-01
436.000      1.01305e+00
437.000      9.83056e-01
438.000      9.05767e-01
439.000      7.90898e-01
440.000      6.53879e-01
441.000      5.11635e-01
442.000      3.78810e-01
443.000      2.65361e-01
444.000      1.75869e-01
445.000      1.10273e-01
446.000      6.54136e-02
447.000      3.67103e-02
448.000      1.94906e-02
449.000      9.79000e-03
450.000      4.65218e-03
451.000      2.09145e-03
452.000      8.89524e-04
453.000      3.57919e-04
454.000      1.36248e-04
455.000      4.90673e-05
456.000      1.67175e-05
457.000      5.38852e-06
458.000      1.64318e-06
459.000      4.74042e-07
460.000      1.29380e-07
461.000      3.34068e-08
462.000      8.16058e-09
463.000      1.88592e-09
464.000      4.12330e-10
465.000      8.52870e-11
466.000      1.66893e-11
467.000      3.08967e-12
468.000      5.41132e-13
469.000      8.96627e-14
470.000      1.40552e-14
471.000      2.08441e-15
472.000      2.92445e-16
473.000      3.88171e-17
474.000      4.87438e-18
475.000      5.79074e-19
476.000      6.50827e-20
477.000      6.92015e-21
478.000      6.96117e-22
479.000      6.62471e-23
480.000      5.96444e-24
481.000      5.08030e-25
482.000      4.09380e-26
483.000      3.12091e-27
484.000      2.25089e-28
485.000      1.53584e-29
486.000      9.91409e-31
487.000      6.05450e-32
488.000      3.49801e-33
489.000      1.91197e-34
490.000      9.88690e-36
491.000      4.83678e-37
492.000      2.23857e-38
493.000      9.80169e-40
494.000      4.06022e-41
495.000      1.59117e-42
496.000      5.89929e-44
497.000      2.06919e-45
498.000      6.86626e-47
499.000      2.15555e-48
500.000      6.40194e-50
