# Gaussian folded, width=10 cm^-1
# [cm^-1] arbitrary
0.000      3.00000e+00
1.000      2.91796e+00
2.000      2.68508e+00
3.000      2.33749e+00
4.000      1.92514e+00
5.000      1.50000e+00
6.000      1.10570e+00
7.000      7.71085e-01
8.000      5.08727e-01
9.000      3.17530e-01
10.000      1.87501e-01
11.000      1.04749e-01
12.000      5.53712e-02
13.000      2.77184e-02
14.000      1.32110e-02
15.000      6.19751e-03
16.000      3.40017e-03
17.000      3.36194e-03
18.000      6.15506e-03
19.000      1.34912e-02
20.000      2.92907e-02
21.000      6.06798e-02
22.000      1.19228e-01
23.000      2.21992e-01
24.000      3.91626e-01
25.000      6.54612e-01
26.000      1.03678e+00
27.000      1.55592e+00
28.000      2.21258e+00
29.000      2.98146e+00
30.000      3.80703e+00
31.000      4.60653e+00
32.000      5.28201e+00
33.000      5.73936e+00
34.000      5.90977e+00
35.000      5.76665e+00
36.000      5.33246e+00
37.000      4.67312e+00
38.000      3.88179e+00
39.000      3.05800e+00
40.000      2.28842e+00
41.000      1.63498e+00
42.000      1.13197e+00
43.000      7.91045e-01
44.000      6.10572e-01
45.000      5.85107e-01
46.000      7.11677e-01
47.000      9.90982e-01
48.000      1.42339e+00
49.000      2.00121e+00
50.000      2.69998e+00
51.000      3.47236e+00
52.000      4.24774e+00
53.000      4.93940e+00
54.000      5.45870e+00
55.000      5.73293e+00
56.000      5.72159e+00
57.000      5.42613e+00
58.000      4.88972e+00
59.000      4.18721e+00
60.000      3.40861e+00
61.000      2.64143e+00
62.000      1.95695e+00
63.000      1.40361e+00
64.000      1.00800e+00
65.000      7.81004e-01
66.000      7.25872e-01
67.000      8.44244e-01
68.000      1.13779e+00
69.000      1.60466e+00
70.000      2.23217e+00
71.000      2.98885e+00
72.000      3.82020e+00
73.000      4.65169e+00
74.000      5.40065e+00
75.000      5.99507e+00
76.000      6.39415e+00
77.000      6.60337e+00
78.000      6.67790e+00
79.000      6.71185e+00
80.000      6.81575e+00
81.000      7.08922e+00
82.000      7.59711e+00
83.000      8.35628e+00
84.000      9.33571e+00
85.000      1.04680e+01
86.000      1.16669e+01
87.000      1.28445e+01
88.000      1.39233e+01
89.000      1.48409e+01
90.000      1.55496e+01
91.000      1.60132e+01
92.000      1.62058e+01
93.000      1.61133e+01
94.000      1.57386e+01
95.000      1.51070e+01
96.000      1.42687e+01
97.000      1.32963e+01
98.000      1.22754e+01
99.000      1.12926e+01
100.000      1.04220e+01
101.000      9.71646e+00
102.000      9.20607e+00
103.000      8.90255e+00
104.000      8.80817e+00
105.000      8.92434e+00
106.000      9.25635e+00
107.000      9.81188e+00
108.000      1.05941e+01
109.000      1.15918e+01
110.000      1.27703e+01
111.000      1.40670e+01
112.000      1.53945e+01
113.000      1.66503e+01
114.000      1.77326e+01
115.000      1.85577e+01
116.000      1.90750e+01
117.000      1.92749e+01
118.000      1.91876e+01
119.000      1.88744e+01
120.000      1.84123e+01
121.000      1.78777e+01
122.000      1.73341e+01
123.000      1.68246e+01
124.000      1.63712e+01
125.000      1.59794e+01
126.000      1.56433e+01
127.000      1.53518e+01
128.000      1.50909e+01
129.000      1.48444e+01
130.000      1.45929e+01
131.000      1.43131e+01
132.000      1.39798e+01
133.000      1.35700e+01
134.000      1.30690e+01
135.000      1.24759e+01
136.000      1.18055e+01
137.000      1.10860e+01
138.000      1.03521e+01
139.000      9.63666e+00
140.000      8.96365e+00
141.000      8.34500e+00
142.000      7.78253e+00
143.000      7.27319e+00
144.000      6.81511e+00
145.000      6.41147e+00
146.000      6.07063e+00
147.000      5.80264e+00
148.000      5.61365e+00
149.000      5.50072e+00
150.000      5.44901e+00
151.000      5.43236e+00
152.000      5.41710e+00
153.000      5.36787e+00
154.000      5.25382e+00
155.000      5.05363e+00
156.000      4.75854e+00
157.000      4.37299e+00
158.000      3.91344e+00
159.000      3.40590e+00
160.000      2.88283e+00
161.000      2.37993e+00
162.000      1.93327e+00
163.000      1.57684e+00
164.000      1.34061e+00
165.000      1.24904e+00
166.000      1.31980e+00
167.000      1.56236e+00
168.000      1.97646e+00
169.000      2.55068e+00
170.000      3.26177e+00
171.000      4.07550e+00
172.000      4.94969e+00
173.000      5.83934e+00
174.000      6.70299e+00
175.000      7.50903e+00
176.000      8.23995e+00
177.000      8.89360e+00
178.000      9.48086e+00
179.000      1.00207e+01
180.000      1.05344e+01
181.000      1.10404e+01
182.000      1.15510e+01
183.000      1.20726e+01
184.000      1.26059e+01
185.000      1.31486e+01
186.000      1.36962e+01
187.000      1.42425e+01
188.000      1.47792e+01
189.000      1.52959e+01
190.000      1.57801e+01
191.000      1.62191e+01
192.000      1.66022e+01
193.000      1.69223e+01
194.000      1.71773e+01
195.000      1.73696e+01
196.000      1.75054e+01
197.000      1.75948e+01
198.000      1.76521e+01
199.000      1.76970e+01
200.000      1.77539e+01
201.000      1.78487e+01
202.000      1.80025e+01
203.000      1.82240e+01
204.000      1.85026e+01
205.000      1.88060e+01
206.000      1.90835e+01
207.000      1.92755e+01
208.000      1.93269e+01
209.000      1.91995e+01
210.000      1.88819e+01
211.000      1.83919e+01
212.000      1.77725e+01
213.000      1.70828e+01
214.000      1.63873e+01
215.000      1.57463e+01
216.000      1.52088e+01
217.000      1.48099e+01
218.000      1.45684e+01
219.000      1.44872e+01
220.000      1.45531e+01
221.000      1.47391e+01
222.000      1.50084e+01
223.000      1.53217e+01
224.000      1.56457e+01
225.000      1.59612e+01
226.000      1.62659e+01
227.000      1.65736e+01
228.000      1.69071e+01
229.000      1.72886e+01
230.000      1.77304e+01
231.000      1.82290e+01
232.000      1.87643e+01
233.000      1.93032e+01
234.000      1.98075e+01
235.000      2.02423e+01
236.000      2.05831e+01
237.000      2.08201e+01
238.000      2.09580e+01
239.000      2.10135e+01
240.000      2.10101e+01
241.000      2.09745e+01
242.000      2.09331e+01
243.000      2.09117e+01
244.000      2.09339e+01
245.000      2.10181e+01
246.000      2.11724e+01
247.000      2.13859e+01
248.000      2.16222e+01
249.000      2.18165e+01
250.000      2.18817e+01
251.000      2.17223e+01
252.000      2.12546e+01
253.000      2.04283e+01
254.000      1.92419e+01
255.000      1.77480e+01
256.000      1.60448e+01
257.000      1.42577e+01
258.000      1.25151e+01
259.000      1.09260e+01
260.000      9.56431e+00
261.000      8.46370e+00
262.000      7.62081e+00
263.000      7.00412e+00
264.000      6.56488e+00
265.000      6.24748e+00
266.000      5.99840e+00
267.000      5.77362e+00
268.000      5.54445e+00
269.000      5.30118e+00
270.000      5.05362e+00
271.000      4.82785e+00
272.000      4.65962e+00
273.000      4.58525e+00
274.000      4.63212e+00
275.000      4.81043e+00
276.000      5.10797e+00
277.000      5.48937e+00
278.000      5.90014e+00
279.000      6.27550e+00
280.000      6.55243e+00
281.000      6.68223e+00
282.000      6.64059e+00
283.000      6.43220e+00
284.000      6.08874e+00
285.000      5.66062e+00
286.000      5.20517e+00
287.000      4.77470e+00
288.000      4.40779e+00
289.000      4.12585e+00
290.000      3.93492e+00
291.000      3.83084e+00
292.000      3.80510e+00
293.000      3.84887e+00
294.000      3.95364e+00
295.000      4.10914e+00
296.000      4.29983e+00
297.000      4.50259e+00
298.000      4.68711e+00
299.000      4.81990e+00
300.000      4.87081e+00
301.000      4.82006e+00
302.000      4.66321e+00
303.000      4.41223e+00
304.000      4.09200e+00
305.000      3.73361e+00
306.000      3.36660e+00
307.000      3.01274e+00
308.000      2.68310e+00
309.000      2.37886e+00
310.000      2.09512e+00
311.000      1.82601e+00
312.000      1.56942e+00
313.000      1.33009e+00
314.000      1.12057e+00
315.000      9.60180e-01
316.000      8.72600e-01
317.000      8.82715e-01
318.000      1.01307e+00
319.000      1.28029e+00
320.000      1.69173e+00
321.000      2.24328e+00
322.000      2.91908e+00
323.000      3.69419e+00
324.000      4.54008e+00
325.000      5.43170e+00
326.000      6.35369e+00
327.000      7.30323e+00
328.000      8.28792e+00
329.000      9.31918e+00
330.000      1.04035e+01
331.000      1.15349e+01
332.000      1.26916e+01
333.000      1.38374e+01
334.000      1.49279e+01
335.000      1.59176e+01
336.000      1.67664e+01
337.000      1.74418e+01
338.000      1.79191e+01
339.000      1.81791e+01
340.000      1.82063e+01
341.000      1.79893e+01
342.000      1.75238e+01
343.000      1.68161e+01
344.000      1.58856e+01
345.000      1.47656e+01
346.000      1.35001e+01
347.000      1.21399e+01
348.000      1.07389e+01
349.000      9.35098e+00
350.000      8.02925e+00
351.000      6.82545e+00
352.000      5.78875e+00
353.000      4.96288e+00
354.000      4.38170e+00
355.000      4.06407e+00
356.000      4.00928e+00
357.000      4.19433e+00
358.000      4.57392e+00
359.000      5.08374e+00
360.000      5.64723e+00
361.000      6.18527e+00
362.000      6.62724e+00
363.000      6.92137e+00
364.000      7.04156e+00
365.000      6.98894e+00
366.000      6.78775e+00
367.000      6.47714e+00
368.000      6.10153e+00
369.000      5.70217e+00
370.000      5.31166e+00
371.000      4.95164e+00
372.000      4.63329e+00
373.000      4.35961e+00
374.000      4.12896e+00
375.000      3.93913e+00
376.000      3.79115e+00
377.000      3.69139e+00
378.000      3.65081e+00
379.000      3.68062e+00
380.000      3.78560e+00
381.000      3.95739e+00
382.000      4.17084e+00
383.000      4.38562e+00
384.000      4.55319e+00
385.000      4.62713e+00
386.000      4.57354e+00
387.000      4.37812e+00
388.000      4.04824e+00
389.000      3.60993e+00
390.000      3.10140e+00
391.000      2.56523e+00
392.000      2.04124e+00
393.000      1.56136e+00
394.000      1.14690e+00
395.000      8.08095e-01
396.000      5.45469e-01
397.000      3.52271e-01
398.000      2.17375e-01
399.000      1.28003e-01
400.000      7.18453e-02
401.000      3.83953e-02
402.000      1.95186e-02
403.000      9.43077e-03
404.000      4.32776e-03
405.000      1.88508e-03
406.000      7.78969e-04
407.000      3.05241e-04
408.000      1.13381e-04
409.000      3.99091e-05
410.000      1.33085e-05
411.000      4.20353e-06
412.000      1.25733e-06
413.000      3.56094e-07
414.000      9.54791e-08
415.000      2.42343e-08
416.000      5.82228e-09
417.000      1.32392e-09
418.000      2.84910e-10
419.000      5.80241e-11
420.000      1.11826e-11
421.000      2.03936e-12
422.000      3.51923e-13
423.000      5.74634e-14
424.000      8.87799e-15
425.000      1.29780e-15
426.000      1.79500e-16
427.000      2.34898e-17
428.000      2.90833e-18
429.000      3.40686e-19
430.000      3.77578e-20
431.000      3.95911e-21
432.000      3.92758e-22
433.000      3.68625e-23
434.000      3.27323e-24
435.000      2.74977e-25
436.000      2.18547e-26
437.000      1.64330e-27
438.000      1.16901e-28
439.000      7.86755e-30
440.000      5.00939e-31
441.000      3.01754e-32
442.000      1.71966e-33
443.000      9.27156e-35
444.000      4.72916e-36
445.000      2.28210e-37
446.000      1.04185e-38
447.000      4.49984e-40
448.000      1.83868e-41
449.000      7.10781e-43
450.000      2.59946e-44
451.000      8.99393e-46
452.000      2.94398e-47
453.000      9.11670e-49
454.000      2.67091e-50
455.000      7.40284e-52
456.000      1.94114e-53
457.000      4.81540e-55
458.000      1.13012e-56
459.000      2.50921e-58
460.000      5.27068e-60
461.000      1.04740e-61
462.000      1.96915e-63
463.000      3.50237e-65
464.000      5.89336e-67
465.000      9.38169e-69
466.000      1.41292e-70
467.000      2.01313e-72
468.000      2.71358e-74
469.000      3.46044e-76
470.000      4.17483e-78
471.000      4.76500e-80
472.000      5.14523e-82
473.000      5.25611e-84
474.000      5.07975e-86
475.000      4.64448e-88
476.000      4.01744e-90
477.000      3.28761e-92
478.000      2.54524e-94
479.000      1.86420e-96
480.000      1.29174e-98
481.000     8.46793e-101
482.000     5.25165e-103
483.000     3.08128e-105
484.000     1.71035e-107
485.000     8.98166e-110
486.000     4.46216e-112
487.000     2.09726e-114
488.000     9.32557e-117
489.000     3.92299e-119
490.000     1.56126e-121
491.000     5.87832e-124
492.000     2.09386e-126
493.000     7.05601e-129
494.000     2.24952e-131
495.000     6.78479e-134
496.000     1.93598e-136
497.000     5.22617e-139
498.000     1.33470e-141
499.000     3.22479e-144
500.000     7.37117e-147
