# Gaussian folded, width=10 cm^-1
# [cm^-1] arbitrary
0.000      3.00000e+00
1.000      2.91796e+00
2.000      2.68508e+00
3.000      2.33749e+00
4.000      1.92514e+00
5.000      1.50000e+00
6.000      1.10570e+00
7.000      7.71085e-01
8.000      5.08727e-01
9.000      3.17531e-01
10.000      1.87506e-01
11.000      1.04766e-01
12.000      5.54214e-02
13.000      2.78649e-02
14.000      1.36150e-02
15.000      7.24999e-03
16.000      5.99006e-03
17.000      9.38017e-03
18.000      1.93562e-02
19.000      4.08128e-02
20.000      8.26131e-02
21.000      1.58743e-01
22.000      2.89013e-01
23.000      4.98417e-01
24.000      8.14166e-01
25.000      1.25975e+00
26.000      1.84639e+00
27.000      2.56352e+00
28.000      3.37162e+00
29.000      4.20085e+00
30.000      4.95840e+00
31.000      5.54446e+00
32.000      5.87353e+00
33.000      5.89481e+00
34.000      5.60521e+00
35.000      5.05022e+00
36.000      4.31277e+00
37.000      3.49386e+00
38.000      2.69178e+00
39.000      1.98623e+00
40.000      1.43113e+00
41.000      1.05609e+00
42.000      8.73487e-01
43.000      8.86644e-01
44.000      1.09494e+00
45.000      1.49349e+00
46.000      2.06758e+00
47.000      2.78463e+00
48.000      3.58768e+00
49.000      4.39507e+00
50.000      5.10867e+00
51.000      5.63030e+00
52.000      5.88221e+00
53.000      5.82522e+00
54.000      5.46833e+00
55.000      4.86643e+00
56.000      4.10673e+00
57.000      3.28886e+00
58.000      2.50515e+00
59.000      1.82670e+00
60.000      1.29835e+00
61.000      9.41746e-01
62.000      7.63351e-01
63.000      7.63123e-01
64.000      9.40110e-01
65.000      1.29294e+00
66.000      1.81530e+00
67.000      2.48868e+00
68.000      3.27593e+00
69.000      4.11978e+00
70.000      4.94891e+00
71.000      5.69181e+00
72.000      6.29518e+00
73.000      6.74075e+00
74.000      7.05421e+00
75.000      7.30171e+00
76.000      7.57416e+00
77.000      7.96391e+00
78.000      8.54184e+00
79.000      9.34192e+00
80.000      1.03572e+01
81.000      1.15461e+01
82.000      1.28438e+01
83.000      1.41734e+01
84.000      1.54525e+01
85.000      1.65961e+01
86.000      1.75184e+01
87.000      1.81383e+01
88.000      1.83897e+01
89.000      1.82350e+01
90.000      1.76768e+01
91.000      1.67634e+01
92.000      1.55835e+01
93.000      1.42528e+01
94.000      1.28957e+01
95.000      1.16289e+01
96.000      1.05499e+01
97.000      9.73250e+00
98.000      9.22718e+00
99.000      9.06268e+00
100.000      9.24712e+00
101.000      9.76780e+00
102.000      1.05912e+01
103.000      1.16648e+01
104.000      1.29206e+01
105.000      1.42803e+01
106.000      1.56600e+01
107.000      1.69746e+01
108.000      1.81428e+01
109.000      1.90937e+01
110.000      1.97757e+01
111.000      2.01666e+01
112.000      2.02797e+01
113.000      2.01646e+01
114.000      1.98972e+01
115.000      1.95632e+01
116.000      1.92369e+01
117.000      1.89629e+01
118.000      1.87454e+01
119.000      1.85501e+01
120.000      1.83163e+01
121.000      1.79781e+01
122.000      1.74855e+01
123.000      1.68201e+01
124.000      1.60010e+01
125.000      1.50792e+01
126.000      1.41232e+01
127.000      1.32021e+01
128.000      1.23700e+01
129.000      1.16569e+01
130.000      1.10661e+01
131.000      1.05788e+01
132.000      1.01612e+01
133.000      9.77405e+00
134.000      9.37974e+00
135.000      8.94859e+00
136.000      8.46200e+00
137.000      7.91387e+00
138.000      7.31062e+00
139.000      6.66989e+00
140.000      6.01796e+00
141.000      5.38536e+00
142.000      4.80104e+00
143.000      4.28593e+00
144.000      3.84781e+00
145.000      3.47938e+00
146.000      3.16067e+00
147.000      2.86534e+00
148.000      2.56894e+00
149.000      2.25619e+00
150.000      1.92500e+00
151.000      1.58610e+00
152.000      1.25902e+00
153.000      9.66645e-01
154.000      7.30320e-01
155.000      5.67256e-01
156.000      4.90341e-01
157.000      5.09597e-01
158.000      6.33899e-01
159.000      8.71769e-01
160.000      1.23067e+00
161.000      1.71493e+00
162.000      2.32273e+00
163.000      3.04313e+00
164.000      3.85361e+00
165.000      4.71918e+00
166.000      5.59429e+00
167.000      6.42864e+00
168.000      7.17755e+00
169.000      7.81547e+00
170.000      8.34893e+00
171.000      8.82322e+00
172.000      9.31760e+00
173.000      9.92699e+00
174.000      1.07338e+01
175.000      1.17781e+01
176.000      1.30377e+01
177.000      1.44250e+01
178.000      1.58046e+01
179.000      1.70258e+01
180.000      1.79596e+01
181.000      1.85302e+01
182.000      1.87310e+01
183.000      1.86224e+01
184.000      1.83131e+01
185.000      1.79294e+01
186.000      1.75821e+01
187.000      1.73384e+01
188.000      1.72075e+01
189.000      1.71460e+01
190.000      1.70825e+01
191.000      1.69556e+01
192.000      1.67532e+01
193.000      1.65382e+01
194.000      1.64492e+01
195.000      1.66724e+01
196.000      1.73910e+01
197.000      1.87277e+01
198.000      2.06975e+01
199.000      2.31870e+01
200.000      2.59683e+01
201.000      2.87416e+01
202.000      3.11981e+01
203.000      3.30826e+01
204.000      3.42409e+01
205.000      3.46402e+01
206.000      3.43594e+01
207.000      3.35526e+01
208.000      3.23999e+01
209.000      3.10577e+01
210.000      2.96261e+01
211.000      2.81399e+01
212.000      2.65860e+01
213.000      2.49360e+01
214.000      2.31808e+01
215.000      2.13490e+01
216.000      1.95044e+01
217.000      1.77235e+01
218.000      1.60658e+01
219.000      1.45531e+01
220.000      1.31680e+01
221.000      1.18714e+01
222.000      1.06327e+01
223.000      9.45718e+00
224.000      8.40166e+00
225.000      7.57080e+00
226.000      7.09714e+00
227.000      7.11085e+00
228.000      7.70778e+00
229.000      8.92332e+00
230.000      1.07175e+01
231.000      1.29741e+01
232.000      1.55138e+01
233.000      1.81209e+01
234.000      2.05767e+01
235.000      2.26964e+01
236.000      2.43595e+01
237.000      2.55288e+01
238.000      2.62522e+01
239.000      2.66482e+01
240.000      2.68768e+01
241.000      2.71043e+01
242.000      2.74687e+01
243.000      2.80540e+01
244.000      2.88791e+01
245.000      2.98988e+01
246.000      3.10166e+01
247.000      3.21015e+01
248.000      3.30046e+01
249.000      3.35739e+01
250.000      3.36683e+01
251.000      3.31731e+01
252.000      3.20188e+01
253.000      3.01982e+01
254.000      2.77783e+01
255.000      2.48986e+01
256.000      2.17538e+01
257.000      1.85625e+01
258.000      1.55311e+01
259.000      1.28220e+01
260.000      1.05337e+01
261.000      8.69793e+00
262.000      7.29031e+00
263.000      6.25062e+00
264.000      5.50541e+00
265.000      4.98804e+00
266.000      4.65242e+00
267.000      4.47939e+00
268.000      4.47570e+00
269.000      4.66716e+00
270.000      5.08740e+00
271.000      5.76464e+00
272.000      6.70884e+00
273.000      7.90177e+00
274.000      9.29241e+00
275.000      1.07986e+01
276.000      1.23152e+01
277.000      1.37256e+01
278.000      1.49154e+01
279.000      1.57845e+01
280.000      1.62560e+01
281.000      1.62827e+01
282.000      1.58514e+01
283.000      1.49858e+01
284.000      1.37465e+01
285.000      1.22285e+01
286.000      1.05516e+01
287.000      8.84704e+00
288.000      7.23960e+00
289.000      5.83027e+00
290.000      4.68365e+00
291.000      3.82294e+00
292.000      3.23367e+00
293.000      2.87414e+00
294.000      2.68915e+00
295.000      2.62309e+00
296.000      2.62918e+00
297.000      2.67376e+00
298.000      2.73572e+00
299.000      2.80280e+00
300.000      2.86681e+00
301.000      2.91946e+00
302.000      2.95031e+00
303.000      2.94707e+00
304.000      2.89809e+00
305.000      2.79615e+00
306.000      2.64220e+00
307.000      2.44788e+00
308.000      2.23565e+00
309.000      2.03601e+00
310.000      1.88228e+00
311.000      1.80370e+00
312.000      1.81871e+00
313.000      1.93000e+00
314.000      2.12278e+00
315.000      2.36685e+00
316.000      2.62229e+00
317.000      2.84734e+00
318.000      3.00657e+00
319.000      3.07734e+00
320.000      3.05261e+00
321.000      2.93984e+00
322.000      2.75651e+00
323.000      2.52414e+00
324.000      2.26290e+00
325.000      1.98847e+00
326.000      1.71163e+00
327.000      1.43977e+00
328.000      1.17905e+00
329.000      9.35763e-01
330.000      7.16475e-01
331.000      5.26991e-01
332.000      3.71026e-01
333.000      2.49309e-01
334.000      1.59519e-01
335.000      9.70235e-02
336.000      5.60235e-02
337.000      3.06817e-02
338.000      1.59258e-02
339.000      7.83100e-03
340.000      3.64643e-03
341.000      1.60745e-03
342.000      6.70722e-04
343.000      2.64865e-04
344.000      9.89780e-05
345.000      3.49989e-05
346.000      1.17098e-05
347.000      3.70683e-06
348.000      1.11022e-06
349.000      3.14596e-07
350.000      8.43402e-08
351.000      2.13917e-08
352.000      5.13313e-09
353.000      1.16532e-09
354.000      2.50281e-10
355.000      5.08550e-11
356.000      9.77594e-12
357.000      1.77788e-12
358.000      3.05892e-13
359.000      4.97909e-14
360.000      7.66745e-15
361.000      1.11704e-15
362.000      1.53960e-16
363.000      2.00753e-17
364.000      2.47648e-18
365.000      2.89018e-19
366.000      3.19105e-20
367.000      3.33319e-21
368.000      3.29385e-22
369.000      3.07939e-23
370.000      2.72360e-24
371.000      2.27898e-25
372.000      1.80407e-26
373.000      1.35110e-27
374.000      9.57272e-29
375.000      6.41656e-30
376.000      4.06899e-31
377.000      2.44112e-32
378.000      1.38551e-33
379.000      7.43955e-35
380.000      3.77921e-36
381.000      1.81624e-37
382.000      8.25780e-39
383.000      3.55199e-40
384.000      1.44543e-41
385.000      5.56469e-43
386.000      2.02676e-44
387.000      6.98360e-46
388.000      2.27654e-47
389.000      7.02083e-49
390.000      2.04842e-50
391.000      5.65416e-52
392.000      1.47650e-53
393.000      3.64769e-55
394.000      8.52550e-57
395.000      1.88512e-58
396.000      3.94344e-60
397.000      7.80422e-62
398.000      1.46117e-63
399.000      2.58816e-65
400.000      4.33709e-67
401.000      6.87579e-69
402.000      1.03125e-70
403.000      1.46327e-72
404.000      1.96427e-74
405.000      2.49458e-76
406.000      2.99716e-78
407.000      3.40675e-80
408.000      3.66343e-82
409.000      3.72695e-84
410.000      3.58704e-86
411.000      3.26616e-88
412.000      2.81355e-90
413.000      2.29293e-92
414.000      1.76785e-94
415.000      1.28948e-96
416.000      8.89824e-99
417.000     5.80912e-101
418.000     3.58785e-103
419.000     2.09641e-105
420.000     1.15887e-107
421.000     6.06054e-110
422.000     2.99851e-112
423.000     1.40352e-114
424.000     6.21508e-117
425.000     2.60372e-119
426.000     1.03195e-121
427.000     3.86937e-124
428.000     1.37259e-126
429.000     4.60636e-129
430.000     1.46249e-131
431.000     4.39284e-134
432.000     1.24829e-136
433.000     3.35586e-139
434.000     8.53511e-142
435.000     2.05368e-144
436.000     4.67490e-147
437.000     1.00677e-149
438.000     2.05119e-152
439.000     3.95367e-155
440.000     7.20960e-158
441.000     1.24377e-160
442.000     2.02995e-163
443.000     3.13437e-166
444.000     4.57859e-169
445.000     6.32747e-172
446.000     8.27270e-175
447.000     1.02325e-177
448.000     1.19738e-180
449.000     1.32557e-183
450.000     1.38832e-186
451.000     1.37561e-189
452.000     1.28949e-192
453.000     1.14355e-195
454.000     9.59431e-199
455.000     7.61533e-202
456.000     5.71849e-205
457.000     4.06248e-208
458.000     2.73036e-211
459.000     1.73606e-214
460.000     1.04431e-217
461.000     5.94304e-221
462.000     3.19968e-224
463.000     1.62976e-227
464.000     7.85337e-231
465.000     3.58020e-234
466.000     1.54410e-237
467.000     6.30031e-241
468.000     2.43201e-244
469.000     8.88152e-248
470.000     3.06850e-251
471.000     1.00296e-254
472.000     3.10140e-258
473.000     9.07297e-262
474.000     2.51107e-265
475.000     6.57485e-269
476.000     1.62866e-272
477.000     3.81674e-276
478.000     8.46199e-280
479.000     1.77488e-283
480.000     3.52196e-287
481.000     6.61177e-291
482.000     1.17427e-294
483.000     1.97304e-298
484.000     3.13633e-302
485.000     4.71655e-306
486.000     6.71035e-310
487.000     9.03198e-314
488.000     1.15011e-317
489.000     1.38338e-321
490.000      0.00000e+00
491.000      0.00000e+00
492.000      0.00000e+00
493.000      0.00000e+00
494.000      0.00000e+00
495.000      0.00000e+00
496.000      0.00000e+00
497.000      0.00000e+00
498.000      0.00000e+00
499.000      0.00000e+00
500.000      0.00000e+00
