# Gaussian folded, width=10 cm^-1
# [cm^-1] arbitrary
0.000      3.00000e+00
1.000      2.91796e+00
2.000      2.68508e+00
3.000      2.33749e+00
4.000      1.92514e+00
5.000      1.50000e+00
6.000      1.10570e+00
7.000      7.71085e-01
8.000      5.08727e-01
9.000      3.17529e-01
10.000      1.87500e-01
11.000      1.04746e-01
12.000      5.53590e-02
13.000      2.76795e-02
14.000      1.30933e-02
15.000      5.85975e-03
16.000      2.48207e-03
17.000      9.98420e-04
18.000      3.92487e-04
19.000      1.85226e-04
20.000      1.95440e-04
21.000      4.36886e-04
22.000      1.13267e-03
23.000      2.85740e-03
24.000      6.85075e-03
25.000      1.55688e-02
26.000      3.35299e-02
27.000      6.84386e-02
28.000      1.32406e-01
29.000      2.42831e-01
30.000      4.22223e-01
31.000      6.96099e-01
32.000      1.08829e+00
33.000      1.61368e+00
34.000      2.26954e+00
35.000      3.02800e+00
36.000      3.83285e+00
37.000      4.60339e+00
38.000      5.24647e+00
39.000      5.67448e+00
40.000      5.82488e+00
41.000      5.67514e+00
42.000      5.24827e+00
43.000      4.60703e+00
44.000      3.83883e+00
45.000      3.03634e+00
46.000      2.27968e+00
47.000      1.62465e+00
48.000      1.09902e+00
49.000      7.05782e-01
50.000      4.30592e-01
51.000      2.50424e-01
52.000      1.40937e-01
53.000      8.15288e-02
54.000      5.80990e-02
55.000      6.41744e-02
56.000      1.01157e-01
57.000      1.78107e-01
58.000      3.10989e-01
59.000      5.20849e-01
60.000      8.30278e-01
61.000      1.25781e+00
62.000      1.81064e+00
63.000      2.47725e+00
64.000      3.22216e+00
65.000      3.98548e+00
66.000      4.68905e+00
67.000      5.24878e+00
68.000      5.59096e+00
69.000      5.66807e+00
70.000      5.46957e+00
71.000      5.02432e+00
72.000      4.39387e+00
73.000      3.65896e+00
74.000      2.90344e+00
75.000      2.20013e+00
76.000      1.60218e+00
77.000      1.14107e+00
78.000      8.30235e-01
79.000      6.71619e-01
80.000      6.62246e-01
81.000      7.98155e-01
82.000      1.07454e+00
83.000      1.48235e+00
84.000      2.00301e+00
85.000      2.60395e+00
86.000      3.23727e+00
87.000      3.84347e+00
88.000      4.35996e+00
89.000      4.73250e+00
90.000      4.92631e+00
91.000      4.93366e+00
92.000      4.77579e+00
93.000      4.49916e+00
94.000      4.16776e+00
95.000      3.85411e+00
96.000      3.63079e+00
97.000      3.56335e+00
98.000      3.70383e+00
99.000      4.08416e+00
100.000      4.70943e+00
101.000      5.55312e+00
102.000      6.55701e+00
103.000      7.63868e+00
104.000      8.70658e+00
105.000      9.67949e+00
106.000      1.05041e+01
107.000      1.11642e+01
108.000      1.16767e+01
109.000      1.20768e+01
110.000      1.23962e+01
111.000      1.26456e+01
112.000      1.28068e+01
113.000      1.28390e+01
114.000      1.26958e+01
115.000      1.23455e+01
116.000      1.17862e+01
117.000      1.10504e+01
118.000      1.01996e+01
119.000      9.30958e+00
120.000      8.45610e+00
121.000      7.70293e+00
122.000      7.09647e+00
123.000      6.66587e+00
124.000      6.42619e+00
125.000      6.38206e+00
126.000      6.52983e+00
127.000      6.85797e+00
128.000      7.34667e+00
129.000      7.96813e+00
130.000      8.68868e+00
131.000      9.47275e+00
132.000      1.02878e+01
133.000      1.11083e+01
134.000      1.19168e+01
135.000      1.27016e+01
136.000      1.34520e+01
137.000      1.41516e+01
138.000      1.47745e+01
139.000      1.52846e+01
140.000      1.56396e+01
141.000      1.57982e+01
142.000      1.57295e+01
143.000      1.54213e+01
144.000      1.48858e+01
145.000      1.41606e+01
146.000      1.33054e+01
147.000      1.23945e+01
148.000      1.15067e+01
149.000      1.07152e+01
150.000      1.00777e+01
151.000      9.63031e+00
152.000      9.38442e+00
153.000      9.32847e+00
154.000      9.43294e+00
155.000      9.65747e+00
156.000      9.95787e+00
157.000      1.02909e+01
158.000      1.06159e+01
159.000      1.08946e+01
160.000      1.10901e+01
161.000      1.11683e+01
162.000      1.11017e+01
163.000      1.08754e+01
164.000      1.04920e+01
165.000      9.97247e+00
166.000      9.35186e+00
167.000      8.67109e+00
168.000      7.96682e+00
169.000      7.26406e+00
170.000      6.57389e+00
171.000      5.89699e+00
172.000      5.23121e+00
173.000      4.57996e+00
174.000      3.95807e+00
175.000      3.39344e+00
176.000      2.92385e+00
177.000      2.59064e+00
178.000      2.43089e+00
179.000      2.47028e+00
180.000      2.71776e+00
181.000      3.16263e+00
182.000      3.77393e+00
183.000      4.50198e+00
184.000      5.28222e+00
185.000      6.04122e+00
186.000      6.70487e+00
187.000      7.20807e+00
188.000      7.50419e+00
189.000      7.57226e+00
190.000      7.41964e+00
191.000      7.07926e+00
192.000      6.60214e+00
193.000      6.04716e+00
194.000      5.47116e+00
195.000      4.92152e+00
196.000      4.43240e+00
197.000      4.02431e+00
198.000      3.70569e+00
199.000      3.47530e+00
200.000      3.32453e+00
201.000      3.23914e+00
202.000      3.20059e+00
203.000      3.18710e+00
204.000      3.17487e+00
205.000      3.13987e+00
206.000      3.06040e+00
207.000      2.92026e+00
208.000      2.71188e+00
209.000      2.43846e+00
210.000      2.11395e+00
211.000      1.76065e+00
212.000      1.40474e+00
213.000      1.07117e+00
214.000      7.79212e-01
215.000      5.39948e-01
216.000      3.55995e-01
217.000      2.23116e-01
218.000      1.32830e-01
219.000      7.50733e-02
220.000      4.02621e-02
221.000      2.04816e-02
222.000      9.87991e-03
223.000      4.51804e-03
224.000      1.95822e-03
225.000      8.04277e-04
226.000      3.12980e-04
227.000      1.15380e-04
228.000      4.02901e-05
229.000      1.33251e-05
230.000      4.17358e-06
231.000      1.23786e-06
232.000      3.47638e-07
233.000      9.24362e-08
234.000      2.32696e-08
235.000      5.54553e-09
236.000      1.25106e-09
237.000      2.67161e-10
238.000      5.40019e-11
239.000      1.03316e-11
240.000      1.87080e-12
241.000      3.20610e-13
242.000      5.20001e-14
243.000      7.98524e-15
244.000      1.18987e-15
245.000      3.94982e-16
246.000      1.74199e-15
247.000      1.18989e-14
248.000      7.77876e-14
249.000      4.81210e-13
250.000      2.81638e-12
251.000      1.55947e-11
252.000      8.16949e-11
253.000      4.04895e-10
254.000      1.89855e-09
255.000      8.42230e-09
256.000      3.53486e-08
257.000      1.40360e-07
258.000      5.27292e-07
259.000      1.87409e-06
260.000      6.30184e-06
261.000      2.00485e-05
262.000      6.03449e-05
263.000      1.71849e-04
264.000      4.63031e-04
265.000      1.18044e-03
266.000      2.84752e-03
267.000      6.49992e-03
268.000      1.40413e-02
269.000      2.87099e-02
270.000      5.55739e-02
271.000      1.01874e-01
272.000      1.76937e-01
273.000      2.91364e-01
274.000      4.55372e-01
275.000      6.76488e-01
276.000      9.57309e-01
277.000      1.29436e+00
278.000      1.67901e+00
279.000      2.10060e+00
280.000      2.55083e+00
281.000      3.02706e+00
282.000      3.53223e+00
283.000      4.06984e+00
284.000      4.63529e+00
285.000      5.20731e+00
286.000      5.74450e+00
287.000      6.19101e+00
288.000      6.49174e+00
289.000      6.61294e+00
290.000      6.56097e+00
291.000      6.39155e+00
292.000      6.20491e+00
293.000      6.12733e+00
294.000      6.28391e+00
295.000      6.77051e+00
296.000      7.63192e+00
297.000      8.85090e+00
298.000      1.03494e+01
299.000      1.20001e+01
300.000      1.36447e+01
301.000      1.51160e+01
302.000      1.62601e+01
303.000      1.69574e+01
304.000      1.71397e+01
305.000      1.68015e+01
306.000      1.60046e+01
307.000      1.48723e+01
308.000      1.35743e+01
309.000      1.23022e+01
310.000      1.12399e+01
311.000      1.05320e+01
312.000      1.02591e+01
313.000      1.04223e+01
314.000      1.09427e+01
315.000      1.16777e+01
316.000      1.24509e+01
317.000      1.30919e+01
318.000      1.34779e+01
319.000      1.35678e+01
320.000      1.34202e+01
321.000      1.31886e+01
322.000      1.30961e+01
323.000      1.33910e+01
324.000      1.42971e+01
325.000      1.59664e+01
326.000      1.84465e+01
327.000      2.16667e+01
328.000      2.54452e+01
329.000      2.95152e+01
330.000      3.35631e+01
331.000      3.72713e+01
332.000      4.03598e+01
333.000      4.26174e+01
334.000      4.39206e+01
335.000      4.42392e+01
336.000      4.36292e+01
337.000      4.22192e+01
338.000      4.01906e+01
339.000      3.77567e+01
340.000      3.51415e+01
341.000      3.25586e+01
342.000      3.01954e+01
343.000      2.82011e+01
344.000      2.66824e+01
345.000      2.57044e+01
346.000      2.52937e+01
347.000      2.54402e+01
348.000      2.60971e+01
349.000      2.71785e+01
350.000      2.85593e+01
351.000      3.00812e+01
352.000      3.15658e+01
353.000      3.28338e+01
354.000      3.37258e+01
355.000      3.41190e+01
356.000      3.39372e+01
357.000      3.31541e+01
358.000      3.17905e+01
359.000      2.99094e+01
360.000      2.76089e+01
361.000      2.50129e+01
362.000      2.22592e+01
363.000      1.94851e+01
364.000      1.68131e+01
365.000      1.43407e+01
366.000      1.21344e+01
367.000      1.02307e+01
368.000      8.64119e+00
369.000      7.35885e+00
370.000      6.36520e+00
371.000      5.63579e+00
372.000      5.14447e+00
373.000      4.86629e+00
374.000      4.77879e+00
375.000      4.86191e+00
376.000      5.09722e+00
377.000      5.46767e+00
378.000      5.95930e+00
379.000      6.56496e+00
380.000      7.28824e+00
381.000      8.14448e+00
382.000      9.15595e+00
383.000      1.03407e+01
384.000      1.16986e+01
385.000      1.31998e+01
386.000      1.47827e+01
387.000      1.63628e+01
388.000      1.78506e+01
389.000      1.91711e+01
390.000      2.02763e+01
391.000      2.11467e+01
392.000      2.17808e+01
393.000      2.21799e+01
394.000      2.23353e+01
395.000      2.22228e+01
396.000      2.18085e+01
397.000      2.10612e+01
398.000      1.99680e+01
399.000      1.85462e+01
400.000      1.68489e+01
401.000      1.49623e+01
402.000      1.29945e+01
403.000      1.10596e+01
404.000      9.26066e+00
405.000      7.67497e+00
406.000      6.34572e+00
407.000      5.28132e+00
408.000      4.46184e+00
409.000      3.85010e+00
410.000      3.40384e+00
411.000      3.08576e+00
412.000      2.86892e+00
413.000      2.73691e+00
414.000      2.67972e+00
415.000      2.68747e+00
416.000      2.74482e+00
417.000      2.82824e+00
418.000      2.90743e+00
419.000      2.95020e+00
420.000      2.92896e+00
421.000      2.82670e+00
422.000      2.64032e+00
423.000      2.38064e+00
424.000      2.06953e+00
425.000      1.73527e+00
426.000      1.40760e+00
427.000      1.11350e+00
428.000      8.74219e-01
429.000      7.03537e-01
430.000      6.07073e-01
431.000      5.82208e-01
432.000      6.18509e-01
433.000      6.98719e-01
434.000      8.00605e-01
435.000      8.99823e-01
436.000      9.73645e-01
437.000      1.00486e+00
438.000      9.84831e-01
439.000      9.14713e-01
440.000      8.04394e-01
441.000      6.69465e-01
442.000      5.27202e-01
443.000      3.92805e-01
444.000      2.76892e-01
445.000      1.84658e-01
446.000      1.16506e-01
447.000      6.95416e-02
448.000      3.92700e-02
449.000      2.09795e-02
450.000      1.06034e-02
451.000      5.07009e-03
452.000      2.29352e-03
453.000      9.81539e-04
454.000      3.97402e-04
455.000      1.52219e-04
456.000      5.51604e-05
457.000      1.89105e-05
458.000      6.13331e-06
459.000      1.88194e-06
460.000      5.46302e-07
461.000      1.50030e-07
462.000      3.89800e-08
463.000      9.58125e-09
464.000      2.22803e-09
465.000      4.90158e-10
466.000      1.02016e-10
467.000      2.00873e-11
468.000      3.74188e-12
469.000      6.59441e-13
470.000      1.09946e-13
471.000      1.73421e-14
472.000      2.58786e-15
473.000      3.65340e-16
474.000      4.87945e-17
475.000      6.16542e-18
476.000      7.37008e-19
477.000      8.33488e-20
478.000      8.91752e-21
479.000      9.02623e-22
480.000      8.64343e-23
481.000      7.83040e-24
482.000      6.71118e-25
483.000      5.44166e-26
484.000      4.17428e-27
485.000      3.02935e-28
486.000      2.07987e-29
487.000      1.35095e-30
488.000      8.30155e-32
489.000      4.82611e-33
490.000      2.65432e-34
491.000      1.38110e-35
492.000      6.79857e-37
493.000      3.16611e-38
494.000      1.39493e-39
495.000      5.81429e-41
496.000      2.29276e-42
497.000      8.55337e-44
498.000      3.01880e-45
499.000      1.00797e-46
500.000      3.18405e-48
