# Gaussian folded, width=10 cm^-1
# [cm^-1] arbitrary
0.000      3.00000e+00
1.000      2.91796e+00
2.000      2.68508e+00
3.000      2.33749e+00
4.000      1.92514e+00
5.000      1.50000e+00
6.000      1.10570e+00
7.000      7.71085e-01
8.000      5.08727e-01
9.000      3.17531e-01
10.000      1.87506e-01
11.000      1.04764e-01
12.000      5.54183e-02
13.000      2.78567e-02
14.000      1.35941e-02
15.000      7.20018e-03
16.000      5.87893e-03
17.000      9.14812e-03
18.000      1.89037e-02
19.000      3.99909e-02
20.000      8.12276e-02
21.000      1.56587e-01
22.000      2.85941e-01
23.000      4.94461e-01
24.000      8.09672e-01
25.000      1.25548e+00
26.000      1.84351e+00
27.000      2.56343e+00
28.000      3.37558e+00
29.000      4.20953e+00
30.000      4.97149e+00
31.000      5.56051e+00
32.000      5.89020e+00
33.000      5.90942e+00
34.000      5.61545e+00
35.000      5.05483e+00
36.000      4.31179e+00
37.000      3.48859e+00
38.000      2.68439e+00
39.000      1.97924e+00
40.000      1.42688e+00
41.000      1.05636e+00
42.000      8.79153e-01
43.000      8.97401e-01
44.000      1.10900e+00
45.000      1.50743e+00
46.000      2.07663e+00
47.000      2.78339e+00
48.000      3.57153e+00
49.000      4.36173e+00
50.000      5.05957e+00
51.000      5.57089e+00
52.000      5.82110e+00
53.000      5.77210e+00
54.000      5.43153e+00
55.000      4.85078e+00
56.000      4.11271e+00
57.000      3.31312e+00
58.000      2.54208e+00
59.000      1.87048e+00
60.000      1.34455e+00
61.000      9.88060e-01
62.000      8.09226e-01
63.000      8.08556e-01
64.000      9.84016e-01
65.000      1.33173e+00
66.000      1.84233e+00
67.000      2.49502e+00
68.000      3.25269e+00
69.000      4.06137e+00
70.000      4.85636e+00
71.000      5.57474e+00
72.000      6.17143e+00
73.000      6.63348e+00
74.000      6.98743e+00
75.000      7.29584e+00
76.000      7.64318e+00
77.000      8.11477e+00
78.000      8.77534e+00
79.000      9.65348e+00
80.000      1.07358e+01
81.000      1.19713e+01
82.000      1.32815e+01
83.000      1.45740e+01
84.000      1.57530e+01
85.000      1.67294e+01
86.000      1.74273e+01
87.000      1.77925e+01
88.000      1.77997e+01
89.000      1.74582e+01
90.000      1.68119e+01
91.000      1.59329e+01
92.000      1.49081e+01
93.000      1.38245e+01
94.000      1.27575e+01
95.000      1.17678e+01
96.000      1.09045e+01
97.000      1.02130e+01
98.000      9.74100e+00
99.000      9.53737e+00
100.000      9.64429e+00
101.000      1.00854e+01
102.000      1.08555e+01
103.000      1.19156e+01
104.000      1.31956e+01
105.000      1.46024e+01
106.000      1.60299e+01
107.000      1.73704e+01
108.000      1.85234e+01
109.000      1.94067e+01
110.000      1.99662e+01
111.000      2.01857e+01
112.000      2.00914e+01
113.000      1.97501e+01
114.000      1.92568e+01
115.000      1.87152e+01
116.000      1.82150e+01
117.000      1.78123e+01
118.000      1.75191e+01
119.000      1.73058e+01
120.000      1.71165e+01
121.000      1.68903e+01
122.000      1.65840e+01
123.000      1.61857e+01
124.000      1.57162e+01
125.000      1.52174e+01
126.000      1.47333e+01
127.000      1.42908e+01
128.000      1.38873e+01
129.000      1.34908e+01
130.000      1.30504e+01
131.000      1.25144e+01
132.000      1.18482e+01
133.000      1.10470e+01
134.000      1.01379e+01
135.000      9.17215e+00
136.000      8.21032e+00
137.000      7.30668e+00
138.000      6.49779e+00
139.000      5.79863e+00
140.000      5.20596e+00
141.000      4.70590e+00
142.000      4.28143e+00
143.000      3.91687e+00
144.000      3.59861e+00
145.000      3.31343e+00
146.000      3.04688e+00
147.000      2.78375e+00
148.000      2.51062e+00
149.000      2.21957e+00
150.000      1.91106e+00
151.000      1.59450e+00
152.000      1.28641e+00
153.000      1.00690e+00
154.000      7.76166e-01
155.000      6.12025e-01
156.000      5.29267e-01
157.000      5.40221e-01
158.000      6.55738e-01
159.000      8.85597e-01
160.000      1.23778e+00
161.000      1.71658e+00
162.000      2.31999e+00
163.000      3.03687e+00
164.000      3.84463e+00
165.000      4.70834e+00
166.000      5.58234e+00
167.000      6.41593e+00
168.000      7.16348e+00
169.000      7.79810e+00
170.000      8.32488e+00
171.000      8.78832e+00
172.000      9.26830e+00
173.000      9.86245e+00
174.000      1.06579e+01
175.000      1.17008e+01
176.000      1.29741e+01
177.000      1.43925e+01
178.000      1.58185e+01
179.000      1.70932e+01
180.000      1.80759e+01
181.000      1.86779e+01
182.000      1.88827e+01
183.000      1.87473e+01
184.000      1.83850e+01
185.000      1.79340e+01
186.000      1.75211e+01
187.000      1.72291e+01
188.000      1.70784e+01
189.000      1.70293e+01
190.000      1.70057e+01
191.000      1.69356e+01
192.000      1.67931e+01
193.000      1.66280e+01
194.000      1.65696e+01
195.000      1.68003e+01
196.000      1.75047e+01
197.000      1.88112e+01
198.000      2.07425e+01
199.000      2.31930e+01
200.000      2.59405e+01
201.000      2.86883e+01
202.000      3.11280e+01
203.000      3.30031e+01
204.000      3.41589e+01
205.000      3.45636e+01
206.000      3.42985e+01
207.000      3.35202e+01
208.000      3.24083e+01
209.000      3.11142e+01
210.000      2.97281e+01
211.000      2.82738e+01
212.000      2.67290e+01
213.000      2.50623e+01
214.000      2.32686e+01
215.000      2.13867e+01
216.000      1.94926e+01
217.000      1.76737e+01
218.000      1.59962e+01
219.000      1.44838e+01
220.000      1.31175e+01
221.000      1.18558e+01
222.000      1.06657e+01
223.000      9.55232e+00
224.000      8.57237e+00
225.000      7.82899e+00
226.000      7.44892e+00
227.000      7.55035e+00
228.000      8.21066e+00
229.000      9.44243e+00
230.000      1.11830e+01
231.000      1.32995e+01
232.000      1.56090e+01
233.000      1.79093e+01
234.000      2.00161e+01
235.000      2.17970e+01
236.000      2.31963e+01
237.000      2.42414e+01
238.000      2.50289e+01
239.000      2.56931e+01
240.000      2.63652e+01
241.000      2.71353e+01
242.000      2.80315e+01
243.000      2.90207e+01
244.000      3.00301e+01
245.000      3.09770e+01
246.000      3.17939e+01
247.000      3.24364e+01
248.000      3.28727e+01
249.000      3.30627e+01
250.000      3.29407e+01
251.000      3.24162e+01
252.000      3.13947e+01
253.000      2.98132e+01
254.000      2.76736e+01
255.000      2.50598e+01
256.000      2.21295e+01
257.000      1.90833e+01
258.000      1.61229e+01
259.000      1.34126e+01
260.000      1.10566e+01
261.000      9.09599e+00
262.000      7.52161e+00
263.000      6.29565e+00
264.000      5.37264e+00
265.000      4.71425e+00
266.000      4.29607e+00
267.000      4.10752e+00
268.000      4.14785e+00
269.000      4.42119e+00
270.000      4.93246e+00
271.000      5.68450e+00
272.000      6.67568e+00
273.000      7.89601e+00
274.000      9.32069e+00
275.000      1.09012e+01
276.000      1.25565e+01
277.000      1.41692e+01
278.000      1.55916e+01
279.000      1.66633e+01
280.000      1.72399e+01
281.000      1.72236e+01
282.000      1.65885e+01
283.000      1.53900e+01
284.000      1.37557e+01
285.000      1.18597e+01
286.000      9.88891e+00
287.000      8.01034e+00
288.000      6.34767e+00
289.000      4.97129e+00
290.000      3.90103e+00
291.000      3.11794e+00
292.000      2.57997e+00
293.000      2.23680e+00
294.000      2.04057e+00
295.000      1.95132e+00
296.000      1.93750e+00
297.000      1.97356e+00
298.000      2.03700e+00
299.000      2.10705e+00
300.000      2.16583e+00
301.000      2.20155e+00
302.000      2.21225e+00
303.000      2.20791e+00
304.000      2.20955e+00
305.000      2.24490e+00
306.000      2.34149e+00
307.000      2.51882e+00
308.000      2.78170e+00
309.000      3.11652e+00
310.000      3.49127e+00
311.000      3.85962e+00
312.000      4.16840e+00
313.000      4.36704e+00
314.000      4.41739e+00
315.000      4.30157e+00
316.000      4.02621e+00
317.000      3.62172e+00
318.000      3.13662e+00
319.000      2.62820e+00
320.000      2.15171e+00
321.000      1.75058e+00
322.000      1.44984e+00
323.000      1.25381e+00
324.000      1.14814e+00
325.000      1.10534e+00
326.000      1.09231e+00
327.000      1.07799e+00
328.000      1.03955e+00
329.000      9.65750e-01
330.000      8.57179e-01
331.000      7.23552e-01
332.000      5.79411e-01
333.000      4.39597e-01
334.000      3.15772e-01
335.000      2.14678e-01
336.000      1.38106e-01
337.000      8.40624e-02
338.000      4.84101e-02
339.000      2.63756e-02
340.000      1.35954e-02
341.000      6.62986e-03
342.000      3.05870e-03
343.000      1.33502e-03
344.000      5.51259e-04
345.000      2.15349e-04
346.000      7.95879e-05
347.000      2.78272e-05
348.000      9.20470e-06
349.000      2.88049e-06
350.000      8.52790e-07
351.000      2.38855e-07
352.000      6.32915e-08
353.000      1.58662e-08
354.000      3.76287e-09
355.000      8.44271e-10
356.000      1.79210e-10
357.000      3.59883e-11
358.000      6.83718e-12
359.000      1.22888e-12
360.000      2.08959e-13
361.000      3.36148e-14
362.000      5.11584e-15
363.000      7.36581e-16
364.000      1.00333e-16
365.000      1.29295e-17
366.000      1.57630e-18
367.000      1.81808e-19
368.000      1.98383e-20
369.000      2.04793e-21
370.000      2.00005e-22
371.000      1.84793e-23
372.000      1.61528e-24
373.000      1.33576e-25
374.000      1.04502e-26
375.000      7.73466e-28
376.000      5.41594e-29
377.000      3.58777e-30
378.000      2.24850e-31
379.000      1.33315e-32
380.000      7.47792e-34
381.000      3.96827e-35
382.000      1.99223e-36
383.000      9.46228e-38
384.000      4.25177e-39
385.000      1.80743e-40
386.000      7.26891e-42
387.000      2.76564e-43
388.000      9.95497e-45
389.000      3.39001e-46
390.000      1.09215e-47
391.000      3.32872e-49
392.000      9.59824e-51
393.000      2.61833e-52
394.000      6.75730e-54
395.000      1.64983e-55
396.000      3.81088e-57
397.000      8.32775e-59
398.000      1.72166e-60
399.000      3.36732e-62
400.000      6.23075e-64
401.000      1.09072e-65
402.000      1.80636e-67
403.000      2.83016e-69
404.000      4.19505e-71
405.000      5.88275e-73
406.000      7.80442e-75
407.000      9.79533e-77
408.000      1.16309e-78
409.000      1.30656e-80
410.000      1.38854e-82
411.000      1.39607e-84
412.000      1.32793e-86
413.000      1.19498e-88
414.000      1.01733e-90
415.000      8.19369e-93
416.000      6.24333e-95
417.000      4.50061e-97
418.000      3.06933e-99
419.000     1.98031e-101
420.000     1.20876e-103
421.000     6.98015e-106
422.000     3.81335e-108
423.000     1.97091e-110
424.000     9.63706e-113
425.000     4.45799e-115
426.000     1.95098e-117
427.000     8.07761e-120
428.000     3.16396e-122
429.000     1.17246e-124
430.000     4.11036e-127
431.000     1.36326e-129
432.000     4.27758e-132
433.000     1.26980e-134
434.000     3.56606e-137
435.000     9.47457e-140
436.000     2.38149e-142
437.000     5.66310e-145
438.000     1.27403e-147
439.000     2.71157e-150
440.000     5.45983e-153
441.000     1.04005e-155
442.000     1.87435e-158
443.000     3.19567e-161
444.000     5.15457e-164
445.000     7.86573e-167
446.000     1.13554e-169
447.000     1.55091e-172
448.000     2.00395e-175
449.000     2.44965e-178
450.000     2.83295e-181
451.000     3.09950e-184
452.000     3.20821e-187
453.000     3.14160e-190
454.000     2.91042e-193
455.000     2.55082e-196
456.000     2.11505e-199
457.000     1.65912e-202
458.000     1.23127e-205
459.000     8.64466e-209
460.000     5.74195e-212
461.000     3.60818e-215
462.000     2.14503e-218
463.000     1.20642e-221
464.000     6.41918e-225
465.000     3.23131e-228
466.000     1.53885e-231
467.000     6.93314e-235
468.000     2.95517e-238
469.000     1.19166e-241
470.000     4.54610e-245
471.000     1.64076e-248
472.000     5.60230e-252
473.000     1.80970e-255
474.000     5.53049e-259
475.000     1.59897e-262
476.000     4.37353e-266
477.000     1.13173e-269
478.000     2.77058e-273
479.000     6.41676e-277
480.000     1.40598e-280
481.000     2.91447e-284
482.000     5.71555e-288
483.000     1.06041e-291
484.000     1.86126e-295
485.000     3.09072e-299
486.000     4.85543e-303
487.000     7.21629e-307
488.000     1.01465e-310
489.000     1.34971e-314
490.000     1.69855e-318
491.000     2.02567e-322
492.000      0.00000e+00
493.000      0.00000e+00
494.000      0.00000e+00
495.000      0.00000e+00
496.000      0.00000e+00
497.000      0.00000e+00
498.000      0.00000e+00
499.000      0.00000e+00
500.000      0.00000e+00
