4.500000000000000000e+01
4.376940000000000452e+01
4.027619999999999578e+01
3.506234999999999502e+01
2.887709999999999511e+01
2.250000000000000000e+01
1.658550000000000324e+01
1.156627499999999920e+01
7.630905000000002936e+00
4.762935000000000585e+00
2.812500000000000000e+00
1.571190000000000087e+00
8.303850000000002618e-01
4.151925000000001309e-01
1.963995000000000046e-01
8.789685999999999333e-02
3.723338000000000342e-02
1.498381600000000050e-02
5.910456000000000563e-03
2.845621999999999908e-03
3.115842000000000177e-03
7.029286999999999515e-03
1.814888999999999739e-02
4.551750000000000240e-02
1.084896799999999772e-01
2.451373999999999775e-01
5.250002999999999753e-01
1.065794600000000036e+00
2.051166000000000267e+00
3.742803000000000324e+00
6.476179000000000130e+00
1.062740900000000188e+01
1.654191000000000145e+01
2.442645999999999873e+01
3.422309999999999519e+01
4.550214999999999321e+01
5.742097000000000406e+01
6.878698999999998875e+01
7.823698999999999160e+01
8.450046999999999287e+01
8.667965999999999838e+01
8.446047000000000082e+01
7.818646999999999991e+01
6.877185999999998955e+01
5.748357000000000028e+01
4.566436999999999813e+01
3.447879000000000360e+01
2.474584000000000472e+01
1.688372000000000028e+01
1.095329300000000217e+01
6.762239999999999363e+00
3.986848000000000170e+00
2.278221999999999525e+00
1.336901000000000117e+00
9.555023000000000266e-01
1.037828899999999832e+00
1.604384500000000102e+00
2.789832000000000090e+00
4.831017000000000117e+00
8.038243999999998834e+00
1.274074899999999921e+01
1.920212999999999681e+01
2.751304000000000016e+01
3.748380000000000223e+01
4.857150000000000034e+01
5.987921999999999656e+01
7.025005999999999062e+01
7.845199999999999818e+01
8.341547999999998808e+01
8.446149999999998670e+01
8.145349000000000217e+01
7.482666999999999291e+01
6.548774000000000228e+01
5.461735000000000184e+01
4.343738000000001165e+01
3.300824000000000780e+01
2.410468000000000188e+01
1.718656000000000006e+01
1.245017800000000108e+01
9.923867999999998801e+00
9.564574000000000353e+00
1.132039999999999935e+01
1.513978399999999880e+01
2.092900000000000205e+01
2.847815999999999192e+01
3.738867999999999370e+01
4.703742000000001156e+01
5.660299000000000547e+01
6.516083999999999321e+01
7.182945999999998321e+01
7.593295999999999424e+01
7.713735999999998683e+01
7.552749000000000024e+01
7.160886000000000706e+01
6.624103999999999814e+01
6.052214000000000027e+01
5.564782999999999902e+01
5.276455999999999591e+01
5.282822999999999780e+01
5.647845999999999123e+01
6.394144000000000716e+01
7.498163999999999874e+01
8.892352999999998531e+01
1.047551099999999877e+02
1.213030600000000163e+02
1.374424999999999955e+02
1.522858100000000263e+02
1.652947000000000060e+02
1.762816000000000258e+02
1.853055999999999983e+02
1.925028999999999826e+02
1.979236000000000217e+02
2.014292999999999836e+02
2.026906000000000176e+02
2.012830000000000723e+02
1.968335999999999899e+02
1.891748000000000047e+02
1.784479000000000042e+02
1.651376999999999953e+02
1.500385200000000054e+02
1.341677599999999870e+02
1.186605600000000180e+02
1.046618500000000012e+02
9.322962999999998601e+01
8.525032999999999106e+01
8.136540999999999713e+01
8.190943000000001462e+01
8.686803999999999348e+01
9.586767000000001815e+01
1.082110399999999970e+02
1.229633299999999991e+02
1.390801299999999969e+02
1.555508000000000095e+02
1.715200999999999851e+02
1.863529000000000337e+02
1.996259000000000015e+02
2.110603999999999871e+02
2.204322000000000230e+02
2.275112000000000023e+02
2.320541000000000338e+02
2.338606000000000051e+02
2.328567999999999643e+02
2.291652000000000271e+02
2.231247999999999934e+02
2.152552000000000021e+02
2.061810999999999865e+02
1.965400000000000205e+02
1.869120000000000061e+02
1.777716999999999814e+02
1.694711000000000070e+02
1.622420699999999840e+02
1.562093199999999911e+02
1.514145800000000008e+02
1.478474799999999902e+02
1.454789900000000102e+02
1.442903699999999958e+02
1.442810800000000029e+02
1.454491199999999935e+02
1.477394400000000019e+02
1.509789800000000071e+02
1.548206399999999689e+02
1.587265600000000063e+02
1.620094599999999900e+02
1.639221300000000099e+02
1.637839699999999823e+02
1.610959299999999814e+02
1.556250800000000254e+02
1.474313700000000154e+02
1.368431899999999928e+02
1.243956499999999892e+02
1.107535599999999931e+02
9.663599999999999568e+01
8.275544999999999618e+01
6.977074000000000353e+01
5.825558999999999799e+01
4.867842000000000269e+01
4.139343000000000217e+01
3.663982000000000028e+01
3.454650000000000176e+01
3.513582999999999856e+01
3.832085999999999615e+01
4.389299000000001172e+01
5.150134999999999508e+01
6.063437000000000410e+01
7.061726999999999066e+01
8.063957000000000619e+01
8.982167000000001167e+01
9.731711999999998852e+01
1.024319899999999990e+02
1.047351700000000108e+02
1.041288100000000156e+02
1.008582300000000060e+02
9.545734000000000208e+01
8.864321999999998525e+01
8.118793999999999755e+01
7.379837000000000558e+01
6.702777000000000385e+01
6.123144999999999527e+01
5.656418000000000035e+01
5.300861000000001155e+01
5.042106000000000421e+01
4.858101999999999521e+01
4.723534000000000077e+01
4.613152999999999793e+01
4.503950999999999993e+01
4.376408000000000698e+01
4.215233999999999526e+01
4.010008999999998736e+01
3.755956999999999368e+01
3.454547000000000878e+01
3.113566000000000500e+01
2.746172800000000436e+01
2.368858900000000034e+01
1.998714299999999966e+01
1.650701799999999864e+01
1.335721699999999856e+01
1.059872299999999790e+01
8.248928700000000447e+00
6.293220900000001450e+00
4.698551700000000331e+00
3.424167090000000080e+00
2.428036860000000186e+00
1.669367739999999989e+00
1.109045078000000073e+00
7.096811530000000090e-01
4.361926620000000088e-01
2.568971973999999991e-01
1.446926044400000111e-01
7.780870956999998145e-02
3.989558674400000421e-02
1.948298047799999766e-02
9.053723432199999380e-03
4.000443338299999353e-03
1.679652000370000049e-03
6.697740166600000275e-04
2.535293514220000660e-04
9.106395900150000258e-05
3.102639086201000520e-05
1.002419878955300096e-05
3.070326921888000324e-06
8.913254412159999733e-07
2.451961602779299781e-07
6.390550098821399286e-08
1.577749715729289916e-08
3.689406694355700172e-09
8.170276663940000893e-10
1.713572538799999988e-10
3.422208220999999239e-11
7.730750000000000355e-12
9.352975999999999304e-12
4.796959000000000583e-11
2.629656999999999970e-10
1.369241400000000156e-09
6.747073000000000075e-09
3.145995000000000239e-08
1.388048500000000162e-07
5.795014000000001231e-07
2.289317000000000091e-06
8.557756000000000943e-06
3.027017999999999891e-05
1.013146999999999941e-04
3.208737000000000243e-04
9.616177999999998447e-04
2.726993999999999512e-03
7.317904999999999549e-03
1.858337000000000183e-02
4.465974999999999806e-02
1.015766000000000030e-01
2.186762000000000150e-01
4.456638999999999462e-01
8.600242000000000164e-01
1.572023300000000345e+00
2.723129000000000133e+00
4.473593000000000153e+00
6.977293000000001300e+00
1.034730300000000014e+01
1.462265200000000043e+01
1.975161000000000300e+01
2.560497000000000511e+01
3.202197000000000315e+01
3.887275999999999954e+01
4.610524999999999807e+01
5.374101999999999890e+01
6.180301000000000045e+01
7.019216000000000122e+01
7.856971000000000060e+01
8.631609999999999161e+01
9.262220999999999549e+01
9.671466000000000918e+01
9.815498999999999796e+01
9.710620999999999015e+01
9.445882000000000289e+01
9.174971999999998218e+01
9.087998999999999228e+01
9.370439000000000362e+01
1.016066599999999909e+02
1.151712600000000180e+02
1.340277899999999818e+02
1.568892999999999915e+02
1.817553000000000054e+02
2.062203999999999837e+02
2.278188000000000102e+02
2.443512000000000057e+02
2.541620000000000346e+02
2.563562999999999761e+02
2.509368000000000052e+02
2.388597000000000037e+02
2.219670999999999879e+02
2.027798999999999694e+02
1.841477999999999611e+02
1.687958000000000141e+02
1.588397999999999968e+02
1.553876999999999953e+02
1.583167000000000257e+02
1.663002999999999929e+02
1.770961000000000070e+02
1.880473999999999819e+02
1.966953000000000316e+02
2.013802000000000305e+02
2.016955999999999847e+02
1.986887000000000114e+02
1.947569000000000017e+02
1.932461999999999875e+02
1.978298000000000059e+02
2.117927000000000248e+02
2.373688999999999965e+02
2.752512999999999579e+02
3.243693999999999846e+02
3.819677000000000362e+02
4.439613000000000511e+02
5.055067000000000235e+02
5.616818000000000666e+02
6.081491000000000895e+02
6.416912999999999556e+02
6.605305000000000746e+02
6.644045000000000982e+02
6.544216999999999871e+02
6.327762000000001308e+02
6.023855999999999540e+02
5.665232999999999493e+02
5.284805999999999813e+02
4.912795000000000414e+02
4.574578999999999382e+02
4.289493999999999119e+02
4.070590000000000259e+02
3.925247000000000526e+02
3.856090999999999553e+02
3.861631999999999607e+02
3.936235000000000355e+02
4.069499000000000137e+02
4.245654999999999291e+02
4.443733000000000288e+02
4.639035999999999831e+02
4.805953999999999837e+02
4.921378000000000270e+02
4.967792000000000030e+02
4.935183000000000106e+02
4.821372999999999820e+02
4.631052999999999997e+02
4.374057000000000244e+02
4.063556000000000381e+02
3.714504000000000019e+02
3.342499000000000251e+02
2.962908999999999082e+02
2.590088999999999828e+02
2.236648999999999887e+02
1.912769999999999868e+02
1.625695000000000050e+02
1.379543799999999862e+02
1.175536000000000172e+02
1.012591299999999848e+02
8.881839999999999691e+01
7.992249999999999943e+01
7.427350000000001273e+01
7.161749000000000365e+01
7.174557000000000073e+01
7.448206000000000415e+01
7.968301999999998486e+01
8.726074999999998738e+01
9.722528000000001214e+01
1.097081000000000159e+02
1.249248699999999985e+02
1.430510199999999941e+02
1.640304300000000239e+02
1.873853000000000009e+02
2.121294999999999504e+02
2.368559000000000196e+02
2.600024999999999977e+02
2.802175999999999476e+02
2.966731000000000336e+02
3.091963999999999828e+02
3.181562999999999306e+02
3.241545999999999594e+02
3.276564000000000192e+02
3.287179000000000428e+02
3.269149999999999636e+02
3.214864999999999782e+02
3.116222999999999956e+02
2.967767999999999802e+02
2.769057999999999993e+02
2.525689000000000419e+02
2.248833999999999946e+02
1.953667999999999836e+02
1.657126999999999839e+02
1.375522200000000055e+02
1.122466700000000088e+02
9.074166999999999916e+01
7.350187999999999988e+01
6.052730999999999995e+01
5.143721999999999639e+01
4.559537000000000262e+01
4.224748999999999910e+01
4.064446000000000225e+01
4.013246000000000180e+01
4.020221000000000089e+01
4.049717999999999307e+01
4.078999000000000308e+01
4.094038999999999362e+01
4.085037000000000518e+01
4.043008999999999986e+01
3.958292000000000854e+01
3.821191000000000315e+01
3.624249999999999972e+01
3.365233000000000629e+01
3.049683000000000987e+01
2.692132999999999754e+01
2.315359999999999729e+01
1.947714899999999716e+01
1.618958500000000100e+01
1.355500999999999934e+01
1.175841199999999809e+01
1.087167200000000022e+01
1.083670300000000353e+01
1.147043800000000147e+01
1.249277700000000024e+01
1.357460500000000003e+01
1.439766499999999994e+01
1.471352399999999960e+01
1.438730500000000134e+01
1.341446100000000108e+01
1.190734599999999865e+01
1.005669799999999903e+01
8.081172999999999718e+00
6.179774999999999352e+00
4.498978999999999395e+00
3.119545999999999708e+00
2.061142499999999878e+00
1.298251400000000055e+00
7.798656000000000477e-01
4.469282700000000164e-01
2.444088800000000228e-01
1.275605899999999737e-01
6.353942200000001206e-02
3.020311300000000018e-02
1.369757899999999966e-02
5.924851800000000349e-03
2.443267500000000005e-03
9.600907000000000538e-04
3.593105499999999712e-04
1.279971909999999969e-04
4.337681599999999144e-05
1.397655429999999997e-05
4.279506829999999854e-06
1.244582449999999773e-06
3.436234480000000163e-07
9.003053840000000570e-08
2.237579049999999574e-08
5.273467550000001275e-09
1.178191483999999995e-09
2.494674017000000016e-10
5.004900349999999444e-11
9.511909500000000123e-12
1.712198005999999983e-12
2.918686028000000595e-13
4.710961947999999349e-14
7.198970675999999709e-15
1.041424875099999932e-15
1.426064703399999954e-16
1.848321837600000030e-17
2.267330948300000062e-18
2.632234314700000029e-19
2.891923886400000053e-20
3.006654792100000068e-21
2.958019418199999885e-22
2.753745886700000476e-23
2.425727422529999879e-24
2.021828038829999785e-25
1.594498916839999903e-26
1.189785774100000016e-27
8.400012020700000342e-29
5.611068108530000009e-30
3.546197675950000212e-31
2.120448840490000006e-32
1.199599721948000084e-33
6.420711519989999725e-35
3.251387675643000324e-36
1.557721954854999862e-37
7.060641367989999701e-39
3.027809272322000076e-40
1.228413039313999697e-41
4.715037487647999814e-43
