# Gaussian folded, width=10 cm^-1
# [cm^-1] arbitrary
0.000      3.00000e+00
1.000      2.91796e+00
2.000      2.68508e+00
3.000      2.33749e+00
4.000      1.92514e+00
5.000      1.50000e+00
6.000      1.10570e+00
7.000      7.71085e-01
8.000      5.08727e-01
9.000      3.17529e-01
10.000      1.87500e-01
11.000      1.04746e-01
12.000      5.53592e-02
13.000      2.76803e-02
14.000      1.30959e-02
15.000      5.86837e-03
16.000      2.50958e-03
17.000      1.08138e-03
18.000      6.29227e-04
19.000      8.24408e-04
20.000      1.82795e-03
21.000      4.38050e-03
22.000      1.01411e-02
23.000      2.23116e-02
24.000      4.65548e-02
25.000      9.21156e-02
26.000      1.72861e-01
27.000      3.07705e-01
28.000      5.19674e-01
29.000      8.32865e-01
30.000      1.26695e+00
31.000      1.82970e+00
32.000      2.50921e+00
33.000      3.26837e+00
34.000      4.04447e+00
35.000      4.75587e+00
36.000      5.31535e+00
37.000      5.64757e+00
38.000      5.70565e+00
39.000      5.48202e+00
40.000      5.01000e+00
41.000      4.35564e+00
42.000      3.60273e+00
43.000      2.83541e+00
44.000      2.12357e+00
45.000      1.51410e+00
46.000      1.02913e+00
47.000      6.70072e-01
48.000      4.24930e-01
49.000      2.76456e-01
50.000      2.09094e-01
51.000      2.13741e-01
52.000      2.89946e-01
53.000      4.45601e-01
54.000      6.94246e-01
55.000      1.05022e+00
56.000      1.52216e+00
57.000      2.10599e+00
58.000      2.77908e+00
59.000      3.49759e+00
60.000      4.19881e+00
61.000      4.80907e+00
62.000      5.25602e+00
63.000      5.48265e+00
64.000      5.45919e+00
65.000      5.18947e+00
66.000      4.71003e+00
67.000      4.08219e+00
68.000      3.37963e+00
69.000      2.67518e+00
70.000      2.03018e+00
71.000      1.48886e+00
72.000      1.07801e+00
73.000      8.10957e-01
74.000      6.93433e-01
75.000      7.28710e-01
76.000      9.19902e-01
77.000      1.26831e+00
78.000      1.76822e+00
79.000      2.39996e+00
80.000      3.12429e+00
81.000      3.88118e+00
82.000      4.59528e+00
83.000      5.18812e+00
84.000      5.59456e+00
85.000      5.77924e+00
86.000      5.74786e+00
87.000      5.54947e+00
88.000      5.26870e+00
89.000      5.00944e+00
90.000      4.87428e+00
91.000      4.94486e+00
92.000      5.26782e+00
93.000      5.84921e+00
94.000      6.65765e+00
95.000      7.63431e+00
96.000      8.70594e+00
97.000      9.79733e+00
98.000      1.08403e+01
99.000      1.17788e+01
100.000      1.25703e+01
101.000      1.31857e+01
102.000      1.36089e+01
103.000      1.38351e+01
104.000      1.38692e+01
105.000      1.37221e+01
106.000      1.34075e+01
107.000      1.29388e+01
108.000      1.23302e+01
109.000      1.16005e+01
110.000      1.07784e+01
111.000      9.90821e+00
112.000      9.05008e+00
113.000      8.27574e+00
114.000      7.65862e+00
115.000      7.26178e+00
116.000      7.12699e+00
117.000      7.26823e+00
118.000      7.67099e+00
119.000      8.29699e+00
120.000      9.09235e+00
121.000      9.99664e+00
122.000      1.09507e+01
123.000      1.19020e+01
124.000      1.28072e+01
125.000      1.36330e+01
126.000      1.43542e+01
127.000      1.49527e+01
128.000      1.54153e+01
129.000      1.57322e+01
130.000      1.58962e+01
131.000      1.59034e+01
132.000      1.57542e+01
133.000      1.54551e+01
134.000      1.50206e+01
135.000      1.44749e+01
136.000      1.38508e+01
137.000      1.31886e+01
138.000      1.25318e+01
139.000      1.19228e+01
140.000      1.13978e+01
141.000      1.09826e+01
142.000      1.06905e+01
143.000      1.05220e+01
144.000      1.04668e+01
145.000      1.05067e+01
146.000      1.06187e+01
147.000      1.07778e+01
148.000      1.09575e+01
149.000      1.11304e+01
150.000      1.12684e+01
151.000      1.13432e+01
152.000      1.13291e+01
153.000      1.12058e+01
154.000      1.09624e+01
155.000      1.05995e+01
156.000      1.01305e+01
157.000      9.57897e+00
158.000      8.97551e+00
159.000      8.35220e+00
160.000      7.73795e+00
161.000      7.15505e+00
162.000      6.61812e+00
163.000      6.13507e+00
164.000      5.70951e+00
165.000      5.34314e+00
166.000      5.03723e+00
167.000      4.79255e+00
168.000      4.60827e+00
169.000      4.48065e+00
170.000      4.40254e+00
171.000      4.36420e+00
172.000      4.35521e+00
173.000      4.36663e+00
174.000      4.39240e+00
175.000      4.42946e+00
176.000      4.47644e+00
177.000      4.53178e+00
178.000      4.59199e+00
179.000      4.65134e+00
180.000      4.70312e+00
181.000      4.74234e+00
182.000      4.76888e+00
183.000      4.78949e+00
184.000      4.81784e+00
185.000      4.87186e+00
186.000      4.96901e+00
187.000      5.12069e+00
188.000      5.32742e+00
189.000      5.57648e+00
190.000      5.84312e+00
191.000      6.09542e+00
192.000      6.30178e+00
193.000      6.43898e+00
194.000      6.49825e+00
195.000      6.48744e+00
196.000      6.42848e+00
197.000      6.35118e+00
198.000      6.28561e+00
199.000      6.25562e+00
200.000      6.27521e+00
201.000      6.34848e+00
202.000      6.47193e+00
203.000      6.63769e+00
204.000      6.83636e+00
205.000      7.05852e+00
206.000      7.29528e+00
207.000      7.53815e+00
208.000      7.77850e+00
209.000      8.00674e+00
210.000      8.21118e+00
211.000      8.37726e+00
212.000      8.48799e+00
213.000      8.52672e+00
214.000      8.48188e+00
215.000      8.35256e+00
216.000      8.15225e+00
217.000      7.90864e+00
218.000      7.65882e+00
219.000      7.44119e+00
220.000      7.28736e+00
221.000      7.21693e+00
222.000      7.23707e+00
223.000      7.34633e+00
224.000      7.54014e+00
225.000      7.81473e+00
226.000      8.16719e+00
227.000      8.59130e+00
228.000      9.07129e+00
229.000      9.57684e+00
230.000      1.00627e+01
231.000      1.04742e+01
232.000      1.07576e+01
233.000      1.08725e+01
234.000      1.08008e+01
235.000      1.05512e+01
236.000      1.01559e+01
237.000      9.66238e+00
238.000      9.12296e+00
239.000      8.58518e+00
240.000      8.08594e+00
241.000      7.64957e+00
242.000      7.28905e+00
243.000      7.00853e+00
244.000      6.80566e+00
245.000      6.67308e+00
246.000      6.59908e+00
247.000      6.56806e+00
248.000      6.56136e+00
249.000      6.55862e+00
250.000      6.53967e+00
251.000      6.48678e+00
252.000      6.38699e+00
253.000      6.23400e+00
254.000      6.02943e+00
255.000      5.78282e+00
256.000      5.51010e+00
257.000      5.23059e+00
258.000      4.96301e+00
259.000      4.72142e+00
260.000      4.51227e+00
261.000      4.33347e+00
262.000      4.17572e+00
263.000      4.02570e+00
264.000      3.87014e+00
265.000      3.69938e+00
266.000      3.50951e+00
267.000      3.30263e+00
268.000      3.08528e+00
269.000      2.86599e+00
270.000      2.65244e+00
271.000      2.44932e+00
272.000      2.25717e+00
273.000      2.07256e+00
274.000      1.88958e+00
275.000      1.70230e+00
276.000      1.50746e+00
277.000      1.30667e+00
278.000      1.10741e+00
279.000      9.22379e-01
280.000      7.67635e-01
281.000      6.59881e-01
282.000      6.13842e-01
283.000      6.40169e-01
284.000      7.44183e-01
285.000      9.25471e-01
286.000      1.17822e+00
287.000      1.49220e+00
288.000      1.85417e+00
289.000      2.24959e+00
290.000      2.66436e+00
291.000      3.08630e+00
292.000      3.50644e+00
293.000      3.91976e+00
294.000      4.32552e+00
295.000      4.72670e+00
296.000      5.12864e+00
297.000      5.53682e+00
298.000      5.95447e+00
299.000      6.38082e+00
300.000      6.81067e+00
301.000      7.23565e+00
302.000      7.64617e+00
303.000      8.03331e+00
304.000      8.38944e+00
305.000      8.70774e+00
306.000      8.98142e+00
307.000      9.20406e+00
308.000      9.37173e+00
309.000      9.48650e+00
310.000      9.55992e+00
311.000      9.61438e+00
312.000      9.68108e+00
313.000      9.79470e+00
314.000      9.98620e+00
315.000      1.02762e+01
316.000      1.06712e+01
317.000      1.11640e+01
318.000      1.17383e+01
319.000      1.23764e+01
320.000      1.30675e+01
321.000      1.38137e+01
322.000      1.46318e+01
323.000      1.55499e+01
324.000      1.65984e+01
325.000      1.77994e+01
326.000      1.91557e+01
327.000      2.06448e+01
328.000      2.22174e+01
329.000      2.38026e+01
330.000      2.53187e+01
331.000      2.66856e+01
332.000      2.78370e+01
333.000      2.87304e+01
334.000      2.93518e+01
335.000      2.97154e+01
336.000      2.98583e+01
337.000      2.98324e+01
338.000      2.96937e+01
339.000      2.94941e+01
340.000      2.92750e+01
341.000      2.90652e+01
342.000      2.88821e+01
343.000      2.87345e+01
344.000      2.86253e+01
345.000      2.85537e+01
346.000      2.85138e+01
347.000      2.84928e+01
348.000      2.84673e+01
349.000      2.84014e+01
350.000      2.82472e+01
351.000      2.79483e+01
352.000      2.74493e+01
353.000      2.67056e+01
354.000      2.56947e+01
355.000      2.44231e+01
356.000      2.29278e+01
357.000      2.12706e+01
358.000      1.95278e+01
359.000      1.77777e+01
360.000      1.60886e+01
361.000      1.45121e+01
362.000      1.30804e+01
363.000      1.18080e+01
364.000      1.06958e+01
365.000      9.73621e+00
366.000      8.91713e+00
367.000      8.22486e+00
368.000      7.64598e+00
369.000      7.16843e+00
370.000      6.78197e+00
371.000      6.47852e+00
372.000      6.25228e+00
373.000      6.09988e+00
374.000      6.02064e+00
375.000      6.01681e+00
376.000      6.09353e+00
377.000      6.25849e+00
378.000      6.52095e+00
379.000      6.89030e+00
380.000      7.37411e+00
381.000      7.97597e+00
382.000      8.69332e+00
383.000      9.51556e+00
384.000      1.04229e+01
385.000      1.13864e+01
386.000      1.23687e+01
387.000      1.33268e+01
388.000      1.42138e+01
389.000      1.49817e+01
390.000      1.55830e+01
391.000      1.59721e+01
392.000      1.61074e+01
393.000      1.59547e+01
394.000      1.54926e+01
395.000      1.47190e+01
396.000      1.36571e+01
397.000      1.23585e+01
398.000      1.09012e+01
399.000      9.38187e+00
400.000      7.90169e+00
401.000      6.55104e+00
402.000      5.39502e+00
403.000      4.46504e+00
404.000      3.75826e+00
405.000      3.24471e+00
406.000      2.87932e+00
407.000      2.61471e+00
408.000      2.41106e+00
409.000      2.24083e+00
410.000      2.08839e+00
411.000      1.94655e+00
412.000      1.81238e+00
413.000      1.68453e+00
414.000      1.56270e+00
415.000      1.44841e+00
416.000      1.34586e+00
417.000      1.26126e+00
418.000      1.20042e+00
419.000      1.16553e+00
420.000      1.15252e+00
421.000      1.15061e+00
422.000      1.14445e+00
423.000      1.11837e+00
424.000      1.06095e+00
425.000      9.68357e-01
426.000      8.45128e-01
427.000      7.02427e-01
428.000      5.54578e-01
429.000      4.15257e-01
430.000      2.94607e-01
431.000      1.97916e-01
432.000      1.25857e-01
433.000      7.57414e-02
434.000      4.31316e-02
435.000      2.32396e-02
436.000      1.18470e-02
437.000      5.71385e-03
438.000      2.60722e-03
439.000      1.12551e-03
440.000      4.59667e-04
441.000      1.77606e-04
442.000      6.49220e-05
443.000      2.24514e-05
444.000      7.34538e-06
445.000      2.27354e-06
446.000      6.65747e-07
447.000      1.84430e-07
448.000      4.83364e-08
449.000      1.19849e-08
450.000      2.81132e-09
451.000      6.23885e-10
452.000      1.30983e-10
453.000      2.60163e-11
454.000      4.88870e-12
455.000      8.69077e-13
456.000      1.46164e-13
457.000      2.32563e-14
458.000      3.50073e-15
459.000      4.98532e-16
460.000      6.71655e-17
461.000      8.56084e-18
462.000      1.03230e-18
463.000      1.17763e-19
464.000      1.27096e-20
465.000      1.29770e-21
466.000      1.25352e-22
467.000      1.14554e-23
468.000      9.90381e-25
469.000      8.10053e-26
470.000      6.26819e-27
471.000      4.58869e-28
472.000      3.17799e-29
473.000      2.08226e-30
474.000      1.29072e-31
475.000      7.56921e-33
476.000      4.19938e-34
477.000      2.20413e-35
478.000      1.09448e-36
479.000      5.14155e-38
480.000      2.28506e-39
481.000      9.60773e-41
482.000      3.82174e-42
483.000      1.43820e-43
484.000      5.12028e-45
485.000      1.72459e-46
486.000      5.49537e-48
487.000      1.65663e-49
488.000      4.72466e-51
489.000      1.27478e-52
490.000      3.25398e-54
491.000      7.85802e-56
492.000      1.79527e-57
493.000      3.88028e-59
494.000      7.93440e-61
495.000      1.53491e-62
496.000      2.80911e-64
497.000      4.86377e-66
498.000      7.96700e-68
499.000      1.23462e-69
500.000      1.81005e-71
