# Gaussian folded, width=10 cm^-1
# [cm^-1] arbitrary
0.000      3.00000e+00
1.000      2.91796e+00
2.000      2.68508e+00
3.000      2.33749e+00
4.000      1.92514e+00
5.000      1.50000e+00
6.000      1.10570e+00
7.000      7.71085e-01
8.000      5.08727e-01
9.000      3.17530e-01
10.000      1.87501e-01
11.000      1.04749e-01
12.000      5.53706e-02
13.000      2.77168e-02
14.000      1.32068e-02
15.000      6.18690e-03
16.000      3.37487e-03
17.000      3.30536e-03
18.000      6.03662e-03
19.000      1.32596e-02
20.000      2.88690e-02
21.000      5.99669e-02
22.000      1.18116e-01
23.000      2.20404e-01
24.000      3.89580e-01
25.000      6.52294e-01
26.000      1.03460e+00
27.000      1.55451e+00
28.000      2.21271e+00
29.000      2.98384e+00
30.000      3.81204e+00
31.000      4.61404e+00
32.000      5.29122e+00
33.000      5.74898e+00
34.000      5.91825e+00
35.000      5.77261e+00
36.000      5.33507e+00
37.000      4.67222e+00
38.000      3.87789e+00
39.000      3.05196e+00
40.000      2.28115e+00
41.000      1.62707e+00
42.000      1.12354e+00
43.000      7.81762e-01
44.000      5.99837e-01
45.000      5.72431e-01
46.000      6.97144e-01
47.000      9.75679e-01
48.000      1.40962e+00
49.000      1.99228e+00
50.000      2.69956e+00
51.000      3.48335e+00
52.000      4.27110e+00
53.000      4.97337e+00
54.000      5.49880e+00
55.000      5.77286e+00
56.000      5.75491e+00
57.000      5.44797e+00
58.000      4.89806e+00
59.000      4.18327e+00
60.000      3.39638e+00
61.000      2.62664e+00
62.000      1.94603e+00
63.000      1.40294e+00
64.000      1.02334e+00
65.000      8.16966e-01
66.000      7.84838e-01
67.000      9.24639e-01
68.000      1.23193e+00
69.000      1.69704e+00
70.000      2.29951e+00
71.000      3.00303e+00
72.000      3.75443e+00
73.000      4.48871e+00
74.000      5.14055e+00
75.000      5.65949e+00
76.000      6.02433e+00
77.000      6.25165e+00
78.000      6.39469e+00
79.000      6.53222e+00
80.000      6.74995e+00
81.000      7.12028e+00
82.000      7.68632e+00
83.000      8.45470e+00
84.000      9.39817e+00
85.000      1.04658e+01
86.000      1.15954e+01
87.000      1.27240e+01
88.000      1.37924e+01
89.000      1.47451e+01
90.000      1.55279e+01
91.000      1.60880e+01
92.000      1.63784e+01
93.000      1.63662e+01
94.000      1.60426e+01
95.000      1.54290e+01
96.000      1.45778e+01
97.000      1.35659e+01
98.000      1.24824e+01
99.000      1.14161e+01
100.000      1.04440e+01
101.000      9.62578e+00
102.000      9.00296e+00
103.000      8.60282e+00
104.000      8.44331e+00
105.000      8.53707e+00
106.000      8.89231e+00
107.000      9.51036e+00
108.000      1.03808e+01
109.000      1.14758e+01
110.000      1.27462e+01
111.000      1.41215e+01
112.000      1.55133e+01
113.000      1.68248e+01
114.000      1.79630e+01
115.000      1.88511e+01
116.000      1.94391e+01
117.000      1.97096e+01
118.000      1.96776e+01
119.000      1.93842e+01
120.000      1.88884e+01
121.000      1.82569e+01
122.000      1.75563e+01
123.000      1.68478e+01
124.000      1.61837e+01
125.000      1.56055e+01
126.000      1.51408e+01
127.000      1.48009e+01
128.000      1.45779e+01
129.000      1.44446e+01
130.000      1.43580e+01
131.000      1.42672e+01
132.000      1.41226e+01
133.000      1.38853e+01
134.000      1.35335e+01
135.000      1.30646e+01
136.000      1.24921e+01
137.000      1.18412e+01
138.000      1.11425e+01
139.000      1.04261e+01
140.000      9.71766e+00
141.000      9.03568e+00
142.000      8.39058e+00
143.000      7.78567e+00
144.000      7.21954e+00
145.000      6.68937e+00
146.000      6.19424e+00
147.000      5.73723e+00
148.000      5.32570e+00
149.000      4.96938e+00
150.000      4.67695e+00
151.000      4.45188e+00
152.000      4.28932e+00
153.000      4.17482e+00
154.000      4.08593e+00
155.000      3.99605e+00
156.000      3.87975e+00
157.000      3.71787e+00
158.000      3.50130e+00
159.000      3.23262e+00
160.000      2.92588e+00
161.000      2.60490e+00
162.000      2.30075e+00
163.000      2.04863e+00
164.000      1.88432e+00
165.000      1.84020e+00
166.000      1.94129e+00
167.000      2.20176e+00
168.000      2.62278e+00
169.000      3.19222e+00
170.000      3.88632e+00
171.000      4.67302e+00
172.000      5.51620e+00
173.000      6.37991e+00
174.000      7.23200e+00
175.000      8.04637e+00
176.000      8.80402e+00
177.000      9.49294e+00
178.000      1.01076e+01
179.000      1.06481e+01
180.000      1.11203e+01
181.000      1.15347e+01
182.000      1.19060e+01
183.000      1.22508e+01
184.000      1.25842e+01
185.000      1.29167e+01
186.000      1.32512e+01
187.000      1.35827e+01
188.000      1.39004e+01
189.000      1.41922e+01
190.000      1.44495e+01
191.000      1.46703e+01
192.000      1.48615e+01
193.000      1.50373e+01
194.000      1.52174e+01
195.000      1.54239e+01
196.000      1.56783e+01
197.000      1.59994e+01
198.000      1.64010e+01
199.000      1.68896e+01
200.000      1.74619e+01
201.000      1.81017e+01
202.000      1.87777e+01
203.000      1.94428e+01
204.000      2.00373e+01
205.000      2.04955e+01
206.000      2.07567e+01
207.000      2.07778e+01
208.000      2.05435e+01
209.000      2.00708e+01
210.000      1.94050e+01
211.000      1.86090e+01
212.000      1.77494e+01
213.000      1.68842e+01
214.000      1.60578e+01
215.000      1.53036e+01
216.000      1.46513e+01
217.000      1.41342e+01
218.000      1.37906e+01
219.000      1.36575e+01
220.000      1.37587e+01
221.000      1.40918e+01
222.000      1.46231e+01
223.000      1.52912e+01
224.000      1.60207e+01
225.000      1.67410e+01
226.000      1.74009e+01
227.000      1.79763e+01
228.000      1.84664e+01
229.000      1.88840e+01
230.000      1.92425e+01
231.000      1.95468e+01
232.000      1.97912e+01
233.000      1.99629e+01
234.000      2.00503e+01
235.000      2.00506e+01
236.000      1.99750e+01
237.000      1.98487e+01
238.000      1.97071e+01
239.000      1.95879e+01
240.000      1.95225e+01
241.000      1.95291e+01
242.000      1.96090e+01
243.000      1.97482e+01
244.000      1.99223e+01
245.000      2.01040e+01
246.000      2.02678e+01
247.000      2.03920e+01
248.000      2.04554e+01
249.000      2.04314e+01
250.000      2.02850e+01
251.000      1.99732e+01
252.000      1.94533e+01
253.000      1.86957e+01
254.000      1.76974e+01
255.000      1.64900e+01
256.000      1.51398e+01
257.000      1.37372e+01
258.000      1.23798e+01
259.000      1.11527e+01
260.000      1.01112e+01
261.000      9.27259e+00
262.000      8.61640e+00
263.000      8.09433e+00
264.000      7.64582e+00
265.000      7.21490e+00
266.000      6.76364e+00
267.000      6.27939e+00
268.000      5.77498e+00
269.000      5.28344e+00
270.000      4.84973e+00
271.000      4.52187e+00
272.000      4.34272e+00
273.000      4.34294e+00
274.000      4.53500e+00
275.000      4.90902e+00
276.000      5.43155e+00
277.000      6.04857e+00
278.000      6.69281e+00
279.000      7.29408e+00
280.000      7.78984e+00
281.000      8.13340e+00
282.000      8.29765e+00
283.000      8.27478e+00
284.000      8.07310e+00
285.000      7.71314e+00
286.000      7.22427e+00
287.000      6.64209e+00
288.000      6.00618e+00
289.000      5.35764e+00
290.000      4.73631e+00
291.000      4.17790e+00
292.000      3.71142e+00
293.000      3.35697e+00
294.000      3.12391e+00
295.000      3.00954e+00
296.000      2.99860e+00
297.000      3.06435e+00
298.000      3.17160e+00
299.000      3.28153e+00
300.000      3.35752e+00
301.000      3.37053e+00
302.000      3.30302e+00
303.000      3.15054e+00
304.000      2.92127e+00
305.000      2.63410e+00
306.000      2.31611e+00
307.000      2.00014e+00
308.000      1.72256e+00
309.000      1.52108e+00
310.000      1.43194e+00
311.000      1.48630e+00
312.000      1.70550e+00
313.000      2.09582e+00
314.000      2.64383e+00
315.000      3.31398e+00
316.000      4.05032e+00
317.000      4.78326e+00
318.000      5.44119e+00
319.000      5.96474e+00
320.000      6.31984e+00
321.000      6.50575e+00
322.000      6.55497e+00
323.000      6.52487e+00
324.000      6.48359e+00
325.000      6.49478e+00
326.000      6.60610e+00
327.000      6.84466e+00
328.000      7.21985e+00
329.000      7.73085e+00
330.000      8.37481e+00
331.000      9.15148e+00
332.000      1.00620e+01
333.000      1.11017e+01
334.000      1.22508e+01
335.000      1.34654e+01
336.000      1.46754e+01
337.000      1.57891e+01
338.000      1.67068e+01
339.000      1.73383e+01
340.000      1.76203e+01
341.000      1.75294e+01
342.000      1.70858e+01
343.000      1.63486e+01
344.000      1.54012e+01
345.000      1.43337e+01
346.000      1.32245e+01
347.000      1.21281e+01
348.000      1.10717e+01
349.000      1.00611e+01
350.000      9.09287e+00
351.000      8.16851e+00
352.000      7.30366e+00
353.000      6.52945e+00
354.000      5.88499e+00
355.000      5.40467e+00
356.000      5.10524e+00
357.000      4.97802e+00
358.000      4.98876e+00
359.000      5.08490e+00
360.000      5.20711e+00
361.000      5.30120e+00
362.000      5.32718e+00
363.000      5.26403e+00
364.000      5.11008e+00
365.000      4.88039e+00
366.000      4.60225e+00
367.000      4.30986e+00
368.000      4.03890e+00
369.000      3.82115e+00
370.000      3.67997e+00
371.000      3.62690e+00
372.000      3.66007e+00
373.000      3.76497e+00
374.000      3.91747e+00
375.000      4.08897e+00
376.000      4.25256e+00
377.000      4.38893e+00
378.000      4.49038e+00
379.000      4.56167e+00
380.000      4.61697e+00
381.000      4.67356e+00
382.000      4.74396e+00
383.000      4.82874e+00
384.000      4.91273e+00
385.000      4.96621e+00
386.000      4.95119e+00
387.000      4.83138e+00
388.000      4.58267e+00
389.000      4.20108e+00
390.000      3.70526e+00
391.000      3.13306e+00
392.000      2.53306e+00
393.000      1.95418e+00
394.000      1.43629e+00
395.000      1.00451e+00
396.000      6.67868e-01
397.000      4.21813e-01
398.000      2.52918e-01
399.000      1.43899e-01
400.000      7.76568e-02
401.000      3.97375e-02
402.000      1.92753e-02
403.000      8.86097e-03
404.000      3.85972e-03
405.000      1.59278e-03
406.000      6.22609e-04
407.000      2.30508e-04
408.000      8.08205e-05
409.000      2.68338e-05
410.000      8.43598e-06
411.000      2.51102e-06
412.000      7.07622e-07
413.000      1.88784e-07
414.000      4.76782e-08
415.000      1.13985e-08
416.000      2.57950e-09
417.000      5.52540e-10
418.000      1.12027e-10
419.000      2.14979e-11
420.000      3.90458e-12
421.000      6.71197e-13
422.000      1.09197e-13
423.000      1.68132e-14
424.000      2.44995e-15
425.000      3.37853e-16
426.000      4.40914e-17
427.000      5.44538e-18
428.000      6.36423e-19
429.000      7.03884e-20
430.000      7.36697e-21
431.000      7.29632e-22
432.000      6.83820e-23
433.000      6.06455e-24
434.000      5.08944e-25
435.000      4.04158e-26
436.000      3.03697e-27
437.000      2.15940e-28
438.000      1.45287e-29
439.000      9.24949e-31
440.000      5.57190e-32
441.000      3.17600e-33
442.000      1.71296e-34
443.000      8.74180e-36
444.000      4.22122e-37
445.000      1.92867e-38
446.000      8.33794e-40
447.000      3.41065e-41
448.000      1.32005e-42
449.000      4.83415e-44
450.000      1.67502e-45
451.000      5.49152e-47
452.000      1.70347e-48
453.000      4.99969e-50
454.000      1.38841e-51
455.000      3.64803e-53
456.000      9.06906e-55
457.000      2.13318e-56
458.000      4.74739e-58
459.000      9.99636e-60
460.000      1.99153e-61
461.000      3.75396e-63
462.000      6.69498e-65
463.000      1.12970e-66
464.000      1.80357e-68
465.000      2.72431e-70
466.000      3.89343e-72
467.000      5.26454e-74
468.000      6.73502e-76
469.000      8.15206e-78
470.000      9.33566e-80
471.000      1.01151e-81
472.000      1.03692e-83
473.000      1.00570e-85
474.000      9.22859e-88
475.000      8.01215e-90
476.000      6.58124e-92
477.000      5.11459e-94
478.000      3.76061e-96
479.000      2.61606e-98
480.000     1.72179e-100
481.000     1.07215e-102
482.000     6.31644e-105
483.000     3.52071e-107
484.000     1.85664e-109
485.000     9.26331e-112
486.000     4.37264e-114
487.000     1.95281e-116
488.000     8.25116e-119
489.000     3.29844e-121
490.000     1.24750e-123
491.000     4.46382e-126
492.000     1.51116e-128
493.000     4.84008e-131
494.000     1.46666e-133
495.000     4.20476e-136
496.000     1.14048e-138
497.000     2.92666e-141
498.000     7.10540e-144
499.000     1.63207e-146
500.000     3.54669e-149
