# Gaussian folded, width=10 cm^-1
# [cm^-1] arbitrary
0.000      3.00000e+00
1.000      2.91796e+00
2.000      2.68508e+00
3.000      2.33749e+00
4.000      1.92514e+00
5.000      1.50000e+00
6.000      1.10570e+00
7.000      7.71085e-01
8.000      5.08727e-01
9.000      3.17529e-01
10.000      1.87500e-01
11.000      1.04746e-01
12.000      5.53591e-02
13.000      2.76800e-02
14.000      1.30948e-02
15.000      5.86504e-03
16.000      2.49950e-03
17.000      1.05263e-03
18.000      5.51988e-04
19.000      6.29068e-04
20.000      1.36327e-03
21.000      3.34179e-03
22.000      7.96213e-03
23.000      1.80284e-02
24.000      3.86825e-02
25.000      7.86248e-02
26.000      1.51390e-01
27.000      2.76150e-01
28.000      4.77230e-01
29.000      7.81393e-01
30.000      1.21226e+00
31.000      1.78207e+00
32.000      2.48249e+00
33.000      3.27720e+00
34.000      4.10012e+00
35.000      4.86171e+00
36.000      5.46391e+00
37.000      5.82050e+00
38.000      5.87731e+00
39.000      5.62569e+00
40.000      5.10469e+00
41.000      4.39110e+00
42.000      3.58098e+00
43.000      2.76867e+00
44.000      2.02960e+00
45.000      1.41097e+00
46.000      9.30993e-01
47.000      5.84902e-01
48.000      3.54217e-01
49.000      2.16204e-01
50.000      1.51440e-01
51.000      1.48745e-01
52.000      2.07545e-01
53.000      3.37930e-01
54.000      5.58456e-01
55.000      8.91447e-01
56.000      1.35570e+00
57.000      1.95733e+00
58.000      2.68055e+00
59.000      3.48149e+00
60.000      4.28832e+00
61.000      5.00959e+00
62.000      5.55041e+00
63.000      5.83268e+00
64.000      5.81354e+00
65.000      5.49610e+00
66.000      4.92866e+00
67.000      4.19294e+00
68.000      3.38528e+00
69.000      2.59701e+00
70.000      1.89983e+00
71.000      1.33929e+00
72.000      9.36552e-01
73.000      6.95731e-01
74.000      6.13002e-01
75.000      6.83837e-01
76.000      9.06001e-01
77.000      1.27765e+00
78.000      1.79151e+00
79.000      2.42751e+00
80.000      3.14691e+00
81.000      3.89098e+00
82.000      4.58604e+00
83.000      5.15489e+00
84.000      5.53228e+00
85.000      5.68059e+00
86.000      5.60113e+00
87.000      5.33767e+00
88.000      4.97077e+00
89.000      4.60402e+00
90.000      4.34562e+00
91.000      4.28935e+00
92.000      4.49939e+00
93.000      5.00201e+00
94.000      5.78526e+00
95.000      6.80591e+00
96.000      8.00066e+00
97.000      9.29800e+00
98.000      1.06271e+01
99.000      1.19218e+01
100.000      1.31210e+01
101.000      1.41660e+01
102.000      1.49998e+01
103.000      1.55691e+01
104.000      1.58292e+01
105.000      1.57514e+01
106.000      1.53295e+01
107.000      1.45839e+01
108.000      1.35623e+01
109.000      1.23364e+01
110.000      1.09950e+01
111.000      9.63543e+00
112.000      8.35299e+00
113.000      7.23055e+00
114.000      6.33066e+00
115.000      5.69157e+00
116.000      5.32856e+00
117.000      5.24014e+00
118.000      5.41676e+00
119.000      5.84863e+00
120.000      6.52880e+00
121.000      7.45015e+00
122.000      8.59723e+00
123.000      9.93662e+00
124.000      1.14108e+01
125.000      1.29388e+01
126.000      1.44250e+01
127.000      1.57729e+01
128.000      1.69001e+01
129.000      1.77504e+01
130.000      1.82981e+01
131.000      1.85461e+01
132.000      1.85187e+01
133.000      1.82522e+01
134.000      1.77865e+01
135.000      1.71605e+01
136.000      1.64111e+01
137.000      1.55749e+01
138.000      1.46903e+01
139.000      1.37981e+01
140.000      1.29393e+01
141.000      1.21509e+01
142.000      1.14619e+01
143.000      1.08920e+01
144.000      1.04520e+01
145.000      1.01473e+01
146.000      9.97987e+00
147.000      9.94821e+00
148.000      1.00446e+01
149.000      1.02508e+01
150.000      1.05341e+01
151.000      1.08483e+01
152.000      1.11373e+01
153.000      1.13433e+01
154.000      1.14173e+01
155.000      1.13274e+01
156.000      1.10649e+01
157.000      1.06451e+01
158.000      1.01038e+01
159.000      9.48966e+00
160.000      8.85418e+00
161.000      8.24250e+00
162.000      7.68594e+00
163.000      7.19866e+00
164.000      6.77872e+00
165.000      6.41264e+00
166.000      6.08192e+00
167.000      5.76917e+00
168.000      5.46237e+00
169.000      5.15641e+00
170.000      4.85218e+00
171.000      4.55431e+00
172.000      4.26869e+00
173.000      4.00080e+00
174.000      3.75535e+00
175.000      3.53696e+00
176.000      3.35138e+00
177.000      3.20629e+00
178.000      3.11103e+00
179.000      3.07474e+00
180.000      3.10339e+00
181.000      3.19649e+00
182.000      3.34487e+00
183.000      3.53089e+00
184.000      3.73140e+00
185.000      3.92303e+00
186.000      4.08823e+00
187.000      4.21990e+00
188.000      4.32296e+00
189.000      4.41192e+00
190.000      4.50521e+00
191.000      4.61806e+00
192.000      4.75658e+00
193.000      4.91519e+00
194.000      5.07866e+00
195.000      5.22782e+00
196.000      5.34728e+00
197.000      5.43192e+00
198.000      5.49029e+00
199.000      5.54343e+00
200.000      5.61997e+00
201.000      5.74893e+00
202.000      5.95239e+00
203.000      6.23975e+00
204.000      6.60502e+00
205.000      7.02752e+00
206.000      7.47577e+00
207.000      7.91368e+00
208.000      8.30739e+00
209.000      8.63096e+00
210.000      8.86969e+00
211.000      9.02037e+00
212.000      9.08913e+00
213.000      9.08821e+00
214.000      9.03271e+00
215.000      8.93835e+00
216.000      8.82033e+00
217.000      8.69279e+00
218.000      8.56858e+00
219.000      8.45889e+00
220.000      8.37273e+00
221.000      8.31637e+00
222.000      8.29283e+00
223.000      8.30163e+00
224.000      8.33893e+00
225.000      8.39799e+00
226.000      8.47016e+00
227.000      8.54605e+00
228.000      8.61682e+00
229.000      8.67544e+00
230.000      8.71775e+00
231.000      8.74322e+00
232.000      8.75522e+00
233.000      8.76043e+00
234.000      8.76718e+00
235.000      8.78266e+00
236.000      8.80956e+00
237.000      8.84302e+00
238.000      8.86921e+00
239.000      8.86623e+00
240.000      8.80784e+00
241.000      8.66911e+00
242.000      8.43287e+00
243.000      8.09505e+00
244.000      7.66760e+00
245.000      7.17789e+00
246.000      6.66454e+00
247.000      6.17048e+00
248.000      5.73476e+00
249.000      5.38490e+00
250.000      5.13160e+00
251.000      4.96701e+00
252.000      4.86686e+00
253.000      4.79582e+00
254.000      4.71502e+00
255.000      4.58986e+00
256.000      4.39685e+00
257.000      4.12794e+00
258.000      3.79187e+00
259.000      3.41217e+00
260.000      3.02231e+00
261.000      2.65912e+00
262.000      2.35572e+00
263.000      2.13576e+00
264.000      2.01006e+00
265.000      1.97603e+00
266.000      2.01950e+00
267.000      2.11782e+00
268.000      2.24317e+00
269.000      2.36556e+00
270.000      2.45567e+00
271.000      2.48791e+00
272.000      2.44392e+00
273.000      2.31589e+00
274.000      2.10860e+00
275.000      1.83904e+00
276.000      1.53333e+00
277.000      1.22175e+00
278.000      9.33428e-01
279.000      6.92582e-01
280.000      5.17263e-01
281.000      4.20696e-01
282.000      4.14132e-01
283.000      5.09544e-01
284.000      7.20533e-01
285.000      1.06041e+00
286.000      1.53747e+00
287.000      2.14878e+00
288.000      2.87458e+00
289.000      3.67599e+00
290.000      4.49775e+00
291.000      5.27637e+00
292.000      5.95180e+00
293.000      6.47933e+00
294.000      6.83823e+00
295.000      7.03455e+00
296.000      7.09772e+00
297.000      7.07273e+00
298.000      7.01053e+00
299.000      6.95945e+00
300.000      6.95919e+00
301.000      7.03771e+00
302.000      7.21032e+00
303.000      7.48004e+00
304.000      7.83843e+00
305.000      8.26679e+00
306.000      8.73794e+00
307.000      9.21918e+00
308.000      9.67670e+00
309.000      1.00810e+01
310.000      1.04122e+01
311.000      1.06638e+01
312.000      1.08434e+01
313.000      1.09704e+01
314.000      1.10711e+01
315.000      1.11731e+01
316.000      1.13016e+01
317.000      1.14784e+01
318.000      1.17227e+01
319.000      1.20541e+01
320.000      1.24940e+01
321.000      1.30661e+01
322.000      1.37934e+01
323.000      1.46936e+01
324.000      1.57752e+01
325.000      1.70340e+01
326.000      1.84529e+01
327.000      2.00028e+01
328.000      2.16449e+01
329.000      2.33325e+01
330.000      2.50120e+01
331.000      2.66233e+01
332.000      2.81026e+01
333.000      2.93860e+01
334.000      3.04172e+01
335.000      3.11561e+01
336.000      3.15870e+01
337.000      3.17235e+01
338.000      3.16084e+01
339.000      3.13081e+01
340.000      3.09014e+01
341.000      3.04664e+01
342.000      3.00675e+01
343.000      2.97468e+01
344.000      2.95202e+01
345.000      2.93796e+01
346.000      2.92984e+01
347.000      2.92385e+01
348.000      2.91560e+01
349.000      2.90050e+01
350.000      2.87389e+01
351.000      2.83128e+01
352.000      2.76866e+01
353.000      2.68306e+01
354.000      2.57309e+01
355.000      2.43956e+01
356.000      2.28561e+01
357.000      2.11654e+01
358.000      1.93921e+01
359.000      1.76119e+01
360.000      1.58977e+01
361.000      1.43117e+01
362.000      1.28983e+01
363.000      1.16807e+01
364.000      1.06609e+01
365.000      9.82185e+00
366.000      9.13334e+00
367.000      8.55961e+00
368.000      8.06729e+00
369.000      7.63194e+00
370.000      7.24125e+00
371.000      6.89423e+00
372.000      6.59690e+00
373.000      6.35664e+00
374.000      6.17768e+00
375.000      6.06002e+00
376.000      6.00258e+00
377.000      6.00897e+00
378.000      6.09306e+00
379.000      6.28073e+00
380.000      6.60604e+00
381.000      7.10187e+00
382.000      7.78808e+00
383.000      8.66136e+00
384.000      9.69049e+00
385.000      1.08187e+01
386.000      1.19726e+01
387.000      1.30740e+01
388.000      1.40516e+01
389.000      1.48492e+01
390.000      1.54283e+01
391.000      1.57667e+01
392.000      1.58541e+01
393.000      1.56874e+01
394.000      1.52686e+01
395.000      1.46051e+01
396.000      1.37130e+01
397.000      1.26214e+01
398.000      1.13743e+01
399.000      1.00303e+01
400.000      8.65690e+00
401.000      7.32289e+00
402.000      6.08924e+00
403.000      5.00148e+00
404.000      4.08535e+00
405.000      3.34598e+00
406.000      2.77054e+00
407.000      2.33315e+00
408.000      2.00102e+00
409.000      1.74089e+00
410.000      1.52472e+00
411.000      1.33381e+00
412.000      1.16050e+00
413.000      1.00725e+00
414.000      8.83166e-01
415.000      7.99090e-01
416.000      7.62440e-01
417.000      7.73263e-01
418.000      8.22523e-01
419.000      8.93057e-01
420.000      9.62955e-01
421.000      1.01041e+00
422.000      1.01867e+00
423.000      9.79651e-01
424.000      8.95159e-01
425.000      7.75570e-01
426.000      6.36449e-01
427.000      4.94406e-01
428.000      3.63459e-01
429.000      2.52822e-01
430.000      1.66390e-01
431.000      1.03604e-01
432.000      6.10310e-02
433.000      3.40133e-02
434.000      1.79336e-02
435.000      8.94547e-03
436.000      4.22142e-03
437.000      1.88465e-03
438.000      7.96017e-04
439.000      3.18076e-04
440.000      1.20242e-04
441.000      4.30032e-05
442.000      1.45500e-05
443.000      4.65737e-06
444.000      1.41038e-06
445.000      4.04065e-07
446.000      1.09517e-07
447.000      2.80823e-08
448.000      6.81240e-09
449.000      1.56345e-09
450.000      3.39459e-10
451.000      6.97279e-11
452.000      1.35501e-11
453.000      2.49114e-12
454.000      4.33283e-13
455.000      7.12954e-14
456.000      1.10986e-14
457.000      1.63454e-15
458.000      2.27739e-16
459.000      3.00192e-17
460.000      3.74349e-18
461.000      4.41644e-19
462.000      4.92931e-20
463.000      5.20496e-21
464.000      5.19955e-22
465.000      4.91396e-23
466.000      4.39355e-24
467.000      3.71635e-25
468.000      2.97397e-26
469.000      2.25150e-27
470.000      1.61260e-28
471.000      1.09269e-29
472.000      7.00468e-31
473.000      4.24810e-32
474.000      2.43736e-33
475.000      1.32301e-34
476.000      6.79394e-36
477.000      3.30065e-37
478.000      1.51703e-38
479.000      6.59640e-40
480.000      2.71355e-41
481.000      1.05605e-42
482.000      3.88822e-44
483.000      1.35436e-45
484.000      4.46307e-47
485.000      1.39140e-48
486.000      4.10382e-50
487.000      1.14509e-51
488.000      3.02282e-53
489.000      7.54920e-55
490.000      1.78364e-56
491.000      3.98686e-58
492.000      8.43087e-60
493.000      1.68668e-61
494.000      3.19233e-63
495.000      5.71613e-65
496.000      9.68310e-67
497.000      1.55183e-68
498.000      2.35283e-70
499.000      3.37486e-72
500.000      4.57970e-74
