# Gaussian folded, width=10 cm^-1
# [cm^-1] arbitrary
0.000      3.00000e+00
1.000      2.91796e+00
2.000      2.68508e+00
3.000      2.33749e+00
4.000      1.92514e+00
5.000      1.50000e+00
6.000      1.10570e+00
7.000      7.71085e-01
8.000      5.08727e-01
9.000      3.17529e-01
10.000      1.87500e-01
11.000      1.04746e-01
12.000      5.53592e-02
13.000      2.76802e-02
14.000      1.30955e-02
15.000      5.86724e-03
16.000      2.50611e-03
17.000      1.07141e-03
18.000      6.02195e-04
19.000      7.55377e-04
20.000      1.66210e-03
21.000      4.00603e-03
22.000      9.34766e-03
23.000      2.07366e-02
24.000      4.36336e-02
25.000      8.70699e-02
26.000      1.64784e-01
27.000      2.95809e-01
28.000      5.03742e-01
29.000      8.13872e-01
30.000      1.24767e+00
31.000      1.81504e+00
32.000      2.50583e+00
33.000      3.28346e+00
34.000      4.08368e+00
35.000      4.82100e+00
36.000      5.40259e+00
37.000      5.74718e+00
38.000      5.80359e+00
39.000      5.56315e+00
40.000      5.06192e+00
41.000      4.37179e+00
42.000      3.58368e+00
43.000      2.78807e+00
44.000      2.05863e+00
45.000      1.44296e+00
46.000      9.61164e-01
47.000      6.11068e-01
48.000      3.76777e-01
49.000      2.37801e-01
50.000      1.76543e-01
51.000      1.83201e-01
52.000      2.57940e-01
53.000      4.10454e-01
54.000      6.57059e-01
55.000      1.01540e+00
56.000      1.49723e+00
57.000      2.10032e+00
58.000      2.80161e+00
59.000      3.55402e+00
60.000      4.28903e+00
61.000      4.92585e+00
62.000      5.38571e+00
63.000      5.60776e+00
64.000      5.56231e+00
65.000      5.25727e+00
66.000      4.73610e+00
67.000      4.06800e+00
68.000      3.33366e+00
69.000      2.61061e+00
70.000      1.96232e+00
71.000      1.43290e+00
72.000      1.04766e+00
73.000      8.17811e-01
74.000      7.46403e-01
75.000      8.33074e-01
76.000      1.07557e+00
77.000      1.46766e+00
78.000      1.99441e+00
79.000      2.62707e+00
80.000      3.32011e+00
81.000      4.01289e+00
82.000      4.63663e+00
83.000      5.12610e+00
84.000      5.43322e+00
85.000      5.53926e+00
86.000      5.46198e+00
87.000      5.25574e+00
88.000      5.00376e+00
89.000      4.80407e+00
90.000      4.75177e+00
91.000      4.92123e+00
92.000      5.35203e+00
93.000      6.04179e+00
94.000      6.94756e+00
95.000      7.99556e+00
96.000      9.09667e+00
97.000      1.01638e+01
98.000      1.11263e+01
99.000      1.19384e+01
100.000      1.25799e+01
101.000      1.30506e+01
102.000      1.33609e+01
103.000      1.35231e+01
104.000      1.35449e+01
105.000      1.34279e+01
106.000      1.31701e+01
107.000      1.27714e+01
108.000      1.22399e+01
109.000      1.15964e+01
110.000      1.08756e+01
111.000      1.01234e+01
112.000      9.39024e+00
113.000      8.72376e+00
114.000      8.16209e+00
115.000      7.73112e+00
116.000      7.44632e+00
117.000      7.31810e+00
118.000      7.35776e+00
119.000      7.58061e+00
120.000      8.00361e+00
121.000      8.63786e+00
122.000      9.47822e+00
123.000      1.04947e+01
124.000      1.16297e+01
125.000      1.28030e+01
126.000      1.39238e+01
127.000      1.49066e+01
128.000      1.56855e+01
129.000      1.62242e+01
130.000      1.65179e+01
131.000      1.65892e+01
132.000      1.64782e+01
133.000      1.62308e+01
134.000      1.58886e+01
135.000      1.54817e+01
136.000      1.50275e+01
137.000      1.45334e+01
138.000      1.40042e+01
139.000      1.34477e+01
140.000      1.28798e+01
141.000      1.23230e+01
142.000      1.18026e+01
143.000      1.13394e+01
144.000      1.09435e+01
145.000      1.06125e+01
146.000      1.03325e+01
147.000      1.00834e+01
148.000      9.84455e+00
149.000      9.59904e+00
150.000      9.33558e+00
151.000      9.04834e+00
152.000      8.73563e+00
153.000      8.39889e+00
154.000      8.04245e+00
155.000      7.67380e+00
156.000      7.30387e+00
157.000      6.94658e+00
158.000      6.61747e+00
159.000      6.33169e+00
160.000      6.10163e+00
161.000      5.93485e+00
162.000      5.83261e+00
163.000      5.78936e+00
164.000      5.79340e+00
165.000      5.82876e+00
166.000      5.87762e+00
167.000      5.92292e+00
168.000      5.95025e+00
169.000      5.94889e+00
170.000      5.91219e+00
171.000      5.83782e+00
172.000      5.72848e+00
173.000      5.59266e+00
174.000      5.44497e+00
175.000      5.30488e+00
176.000      5.19348e+00
177.000      5.12858e+00
178.000      5.11977e+00
179.000      5.16519e+00
180.000      5.25149e+00
181.000      5.35720e+00
182.000      5.45840e+00
183.000      5.53484e+00
184.000      5.57463e+00
185.000      5.57636e+00
186.000      5.54868e+00
187.000      5.50781e+00
188.000      5.47415e+00
189.000      5.46847e+00
190.000      5.50830e+00
191.000      5.60486e+00
192.000      5.76068e+00
193.000      5.96872e+00
194.000      6.21336e+00
195.000      6.47324e+00
196.000      6.72559e+00
197.000      6.95062e+00
198.000      7.13504e+00
199.000      7.27377e+00
200.000      7.36986e+00
201.000      7.43296e+00
202.000      7.47694e+00
203.000      7.51689e+00
204.000      7.56600e+00
205.000      7.63240e+00
206.000      7.71702e+00
207.000      7.81323e+00
208.000      7.90866e+00
209.000      7.98912e+00
210.000      8.04320e+00
211.000      8.06589e+00
212.000      8.05993e+00
213.000      8.03470e+00
214.000      8.00334e+00
215.000      7.97967e+00
216.000      7.97616e+00
217.000      8.00319e+00
218.000      8.06907e+00
219.000      8.17968e+00
220.000      8.33709e+00
221.000      8.53757e+00
222.000      8.77013e+00
223.000      9.01703e+00
224.000      9.25685e+00
225.000      9.46938e+00
226.000      9.64035e+00
227.000      9.76392e+00
228.000      9.84159e+00
229.000      9.87796e+00
230.000      9.87553e+00
231.000      9.83145e+00
232.000      9.73845e+00
233.000      9.58992e+00
234.000      9.38714e+00
235.000      9.14471e+00
236.000      8.89103e+00
237.000      8.66232e+00
238.000      8.49209e+00
239.000      8.39984e+00
240.000      8.38359e+00
241.000      8.41936e+00
242.000      8.46796e+00
243.000      8.48660e+00
244.000      8.44128e+00
245.000      8.31559e+00
246.000      8.11321e+00
247.000      7.85376e+00
248.000      7.56379e+00
249.000      7.26666e+00
250.000      6.97480e+00
251.000      6.68724e+00
252.000      6.39277e+00
253.000      6.07743e+00
254.000      5.73305e+00
255.000      5.36339e+00
256.000      4.98538e+00
257.000      4.62469e+00
258.000      4.30729e+00
259.000      4.04993e+00
260.000      3.85335e+00
261.000      3.70075e+00
262.000      3.56242e+00
263.000      3.40488e+00
264.000      3.20160e+00
265.000      2.94147e+00
266.000      2.63222e+00
267.000      2.29800e+00
268.000      1.97188e+00
269.000      1.68617e+00
270.000      1.46349e+00
271.000      1.31130e+00
272.000      1.22113e+00
273.000      1.17233e+00
274.000      1.13876e+00
275.000      1.09624e+00
276.000      1.02857e+00
277.000      9.30607e-01
278.000      8.08141e-01
279.000      6.75139e-01
280.000      5.49902e-01
281.000      4.51498e-01
282.000      3.97455e-01
283.000      4.02844e-01
284.000      4.80248e-01
285.000      6.39745e-01
286.000      8.88230e-01
287.000      1.22787e+00
288.000      1.65410e+00
289.000      2.15410e+00
290.000      2.70653e+00
291.000      3.28346e+00
292.000      3.85429e+00
293.000      4.39095e+00
294.000      4.87304e+00
295.000      5.29143e+00
296.000      5.64906e+00
297.000      5.95902e+00
298.000      6.24056e+00
299.000      6.51444e+00
300.000      6.79882e+00
301.000      7.10629e+00
302.000      7.44198e+00
303.000      7.80256e+00
304.000      8.17613e+00
305.000      8.54368e+00
306.000      8.88254e+00
307.000      9.17173e+00
308.000      9.39810e+00
309.000      9.56129e+00
310.000      9.67572e+00
311.000      9.76864e+00
312.000      9.87480e+00
313.000      1.00293e+01
314.000      1.02609e+01
315.000      1.05869e+01
316.000      1.10115e+01
317.000      1.15269e+01
318.000      1.21169e+01
319.000      1.27624e+01
320.000      1.34465e+01
321.000      1.41598e+01
322.000      1.49034e+01
323.000      1.56887e+01
324.000      1.65347e+01
325.000      1.74622e+01
326.000      1.84865e+01
327.000      1.96097e+01
328.000      2.08167e+01
329.000      2.20735e+01
330.000      2.33312e+01
331.000      2.45337e+01
332.000      2.56264e+01
333.000      2.65657e+01
334.000      2.73253e+01
335.000      2.78992e+01
336.000      2.83016e+01
337.000      2.85625e+01
338.000      2.87204e+01
339.000      2.88151e+01
340.000      2.88802e+01
341.000      2.89388e+01
342.000      2.90029e+01
343.000      2.90771e+01
344.000      2.91627e+01
345.000      2.92616e+01
346.000      2.93765e+01
347.000      2.95067e+01
348.000      2.96409e+01
349.000      2.97493e+01
350.000      2.97805e+01
351.000      2.96636e+01
352.000      2.93194e+01
353.000      2.86764e+01
354.000      2.76885e+01
355.000      2.63490e+01
356.000      2.46958e+01
357.000      2.28065e+01
358.000      2.07844e+01
359.000      1.87405e+01
360.000      1.67757e+01
361.000      1.49678e+01
362.000      1.33659e+01
363.000      1.19905e+01
364.000      1.08388e+01
365.000      9.89245e+00
366.000      9.12434e+00
367.000      8.50489e+00
368.000      8.00592e+00
369.000      7.60256e+00
370.000      7.27358e+00
371.000      7.00070e+00
372.000      6.76786e+00
373.000      6.56113e+00
374.000      6.36979e+00
375.000      6.18857e+00
376.000      6.02068e+00
377.000      5.88057e+00
378.000      5.79530e+00
379.000      5.80312e+00
380.000      5.94876e+00
381.000      6.27543e+00
382.000      6.81525e+00
383.000      7.58028e+00
384.000      8.55684e+00
385.000      9.70446e+00
386.000      1.09597e+01
387.000      1.22429e+01
388.000      1.34662e+01
389.000      1.45409e+01
390.000      1.53832e+01
391.000      1.59203e+01
392.000      1.60967e+01
393.000      1.58816e+01
394.000      1.52765e+01
395.000      1.43200e+01
396.000      1.30870e+01
397.000      1.16810e+01
398.000      1.02189e+01
399.000      8.81301e+00
400.000      7.55305e+00
401.000      6.49483e+00
402.000      5.65667e+00
403.000      5.02439e+00
404.000      4.56177e+00
405.000      4.22273e+00
406.000      3.96165e+00
407.000      3.73980e+00
408.000      3.52798e+00
409.000      3.30637e+00
410.000      3.06334e+00
411.000      2.79440e+00
412.000      2.50177e+00
413.000      2.19408e+00
414.000      1.88580e+00
415.000      1.59550e+00
416.000      1.34291e+00
417.000      1.14510e+00
418.000      1.01256e+00
419.000      9.46248e-01
420.000      9.36547e-01
421.000      9.64636e-01
422.000      1.00617e+00
423.000      1.03641e+00
424.000      1.03552e+00
425.000      9.92530e-01
426.000      9.06825e-01
427.000      7.87012e-01
428.000      6.47586e-01
429.000      5.04699e-01
430.000      3.72351e-01
431.000      2.59977e-01
432.000      1.71755e-01
433.000      1.07360e-01
434.000      6.34917e-02
435.000      3.55238e-02
436.000      1.88038e-02
437.000      9.41660e-03
438.000      4.46130e-03
439.000      1.99962e-03
440.000      8.47912e-04
441.000      3.40152e-04
442.000      1.29096e-04
443.000      4.63521e-05
444.000      1.57451e-05
445.000      5.05984e-06
446.000      1.53832e-06
447.000      4.42461e-07
448.000      1.20398e-07
449.000      3.09944e-08
450.000      7.54855e-09
451.000      1.73925e-09
452.000      3.79120e-10
453.000      7.81826e-11
454.000      1.52532e-11
455.000      2.81533e-12
456.000      4.91605e-13
457.000      8.12119e-14
458.000      1.26923e-14
459.000      1.87663e-15
460.000      2.62504e-16
461.000      3.47384e-17
462.000      4.34913e-18
463.000      5.15124e-19
464.000      5.77216e-20
465.000      6.11903e-21
466.000      6.13684e-22
467.000      5.82270e-23
468.000      5.22663e-24
469.000      4.43851e-25
470.000      3.56590e-26
471.000      2.71031e-27
472.000      1.94889e-28
473.000      1.32578e-29
474.000      8.53248e-31
475.000      5.19512e-32
476.000      2.99250e-33
477.000      1.63076e-34
478.000      8.40743e-36
479.000      4.10066e-37
480.000      1.89218e-38
481.000      8.26016e-40
482.000      3.41140e-41
483.000      1.33289e-42
484.000      4.92689e-44
485.000      1.72294e-45
486.000      5.70011e-47
487.000      1.78408e-48
488.000      5.28280e-50
489.000      1.47990e-51
490.000      3.92207e-53
491.000      9.83372e-55
492.000      2.33258e-56
493.000      5.23449e-58
494.000      1.11130e-59
495.000      2.23204e-61
496.000      4.24123e-63
497.000      7.62430e-65
498.000      1.29666e-66
499.000      2.08626e-68
500.000      3.17562e-70
