# Gaussian folded, width=10 cm^-1
# [cm^-1] arbitrary
0.000      3.00000e+00
1.000      2.91796e+00
2.000      2.68508e+00
3.000      2.33749e+00
4.000      1.92514e+00
5.000      1.50000e+00
6.000      1.10570e+00
7.000      7.71085e-01
8.000      5.08727e-01
9.000      3.17529e-01
10.000      1.87500e-01
11.000      1.04746e-01
12.000      5.53592e-02
13.000      2.76802e-02
14.000      1.30958e-02
15.000      5.86815e-03
16.000      2.50893e-03
17.000      1.07965e-03
18.000      6.24917e-04
19.000      8.14335e-04
20.000      1.80594e-03
21.000      4.33566e-03
22.000      1.00563e-02
23.000      2.21634e-02
24.000      4.63182e-02
25.000      9.17768e-02
26.000      1.72443e-01
27.000      3.07306e-01
28.000      5.19519e-01
29.000      8.33361e-01
30.000      1.26871e+00
31.000      1.83354e+00
32.000      2.51604e+00
33.000      3.27899e+00
34.000      4.05935e+00
35.000      4.77479e+00
36.000      5.33724e+00
37.000      5.67040e+00
38.000      5.72671e+00
39.000      5.49838e+00
40.000      5.01917e+00
41.000      4.35621e+00
42.000      3.59469e+00
43.000      2.82019e+00
44.000      2.10359e+00
45.000      1.49212e+00
46.000      1.00761e+00
47.000      6.50632e-01
48.000      4.08191e-01
49.000      2.62134e-01
50.000      1.96371e-01
51.000      2.01780e-01
52.000      2.78479e-01
53.000      4.35444e-01
54.000      6.87597e-01
55.000      1.05055e+00
56.000      1.53358e+00
57.000      2.13214e+00
58.000      2.82175e+00
59.000      3.55563e+00
60.000      4.26769e+00
61.000      4.88146e+00
62.000      5.32319e+00
63.000      5.53635e+00
64.000      5.49334e+00
65.000      5.20125e+00
66.000      4.70018e+00
67.000      4.05465e+00
68.000      3.34087e+00
69.000      2.63348e+00
70.000      1.99503e+00
71.000      1.47040e+00
72.000      1.08638e+00
73.000      8.55182e-01
74.000      7.79464e-01
75.000      8.56686e-01
76.000      1.08106e+00
77.000      1.44266e+00
78.000      1.92456e+00
79.000      2.49960e+00
80.000      3.12863e+00
81.000      3.76192e+00
82.000      4.34402e+00
83.000      4.82177e+00
84.000      5.15371e+00
85.000      5.31919e+00
86.000      5.32472e+00
87.000      5.20604e+00
88.000      5.02474e+00
89.000      4.85949e+00
90.000      4.79297e+00
91.000      4.89713e+00
92.000      5.22000e+00
93.000      5.77749e+00
94.000      6.55225e+00
95.000      7.49984e+00
96.000      8.55972e+00
97.000      9.66752e+00
98.000      1.07645e+01
99.000      1.18015e+01
100.000      1.27383e+01
101.000      1.35394e+01
102.000      1.41700e+01
103.000      1.45953e+01
104.000      1.47841e+01
105.000      1.47142e+01
106.000      1.43793e+01
107.000      1.37934e+01
108.000      1.29914e+01
109.000      1.20259e+01
110.000      1.09609e+01
111.000      9.86520e+00
112.000      8.80545e+00
113.000      7.84185e+00
114.000      7.02560e+00
115.000      6.39854e+00
116.000      5.99422e+00
117.000      5.83920e+00
118.000      5.95335e+00
119.000      6.34797e+00
120.000      7.02171e+00
121.000      7.95538e+00
122.000      9.10783e+00
123.000      1.04152e+01
124.000      1.17951e+01
125.000      1.31559e+01
126.000      1.44085e+01
127.000      1.54785e+01
128.000      1.63155e+01
129.000      1.68960e+01
130.000      1.72220e+01
131.000      1.73140e+01
132.000      1.72025e+01
133.000      1.69209e+01
134.000      1.65010e+01
135.000      1.59719e+01
136.000      1.53622e+01
137.000      1.47013e+01
138.000      1.40208e+01
139.000      1.33531e+01
140.000      1.27287e+01
141.000      1.21730e+01
142.000      1.17042e+01
143.000      1.13325e+01
144.000      1.10609e+01
145.000      1.08867e+01
146.000      1.08030e+01
147.000      1.07989e+01
148.000      1.08588e+01
149.000      1.09614e+01
150.000      1.10778e+01
151.000      1.11727e+01
152.000      1.12066e+01
153.000      1.11411e+01
154.000      1.09453e+01
155.000      1.06017e+01
156.000      1.01101e+01
157.000      9.48937e+00
158.000      8.77531e+00
159.000      8.01662e+00
160.000      7.26846e+00
161.000      6.58515e+00
162.000      6.01254e+00
163.000      5.58152e+00
164.000      5.30345e+00
165.000      5.16856e+00
166.000      5.14778e+00
167.000      5.19783e+00
168.000      5.26901e+00
169.000      5.31422e+00
170.000      5.29760e+00
171.000      5.20085e+00
172.000      5.02562e+00
173.000      4.79129e+00
174.000      4.52885e+00
175.000      4.27247e+00
176.000      4.05143e+00
177.000      3.88445e+00
178.000      3.77762e+00
179.000      3.72592e+00
180.000      3.71695e+00
181.000      3.73539e+00
182.000      3.76668e+00
183.000      3.79936e+00
184.000      3.82623e+00
185.000      3.84477e+00
186.000      3.85743e+00
187.000      3.87165e+00
188.000      3.89935e+00
189.000      3.95541e+00
190.000      4.05510e+00
191.000      4.21109e+00
192.000      4.43070e+00
193.000      4.71437e+00
194.000      5.05539e+00
195.000      5.44076e+00
196.000      5.85277e+00
197.000      6.27088e+00
198.000      6.67407e+00
199.000      7.04388e+00
200.000      7.36796e+00
201.000      7.64328e+00
202.000      7.87757e+00
203.000      8.08758e+00
204.000      8.29365e+00
205.000      8.51203e+00
206.000      8.74726e+00
207.000      8.98801e+00
208.000      9.20826e+00
209.000      9.37408e+00
210.000      9.45399e+00
211.000      9.42943e+00
212.000      9.30190e+00
213.000      9.09458e+00
214.000      8.84804e+00
215.000      8.61165e+00
216.000      8.43309e+00
217.000      8.34887e+00
218.000      8.37782e+00
219.000      8.51889e+00
220.000      8.75326e+00
221.000      9.04984e+00
222.000      9.37273e+00
223.000      9.68866e+00
224.000      9.97245e+00
225.000      1.02095e+01
226.000      1.03946e+01
227.000      1.05284e+01
228.000      1.06131e+01
229.000      1.06478e+01
230.000      1.06273e+01
231.000      1.05424e+01
232.000      1.03820e+01
233.000      1.01367e+01
234.000      9.80300e+00
235.000      9.38611e+00
236.000      8.90237e+00
237.000      8.37929e+00
238.000      7.85337e+00
239.000      7.36539e+00
240.000      6.95380e+00
241.000      6.64754e+00
242.000      6.46024e+00
243.000      6.38739e+00
244.000      6.40758e+00
245.000      6.48743e+00
246.000      6.58866e+00
247.000      6.67516e+00
248.000      6.71784e+00
249.000      6.69653e+00
250.000      6.59926e+00
251.000      6.42050e+00
252.000      6.16010e+00
253.000      5.82354e+00
254.000      5.42324e+00
255.000      4.97925e+00
256.000      4.51837e+00
257.000      4.07091e+00
258.000      3.66606e+00
259.000      3.32712e+00
260.000      3.06801e+00
261.000      2.89183e+00
262.000      2.79126e+00
263.000      2.75039e+00
264.000      2.74722e+00
265.000      2.75639e+00
266.000      2.75213e+00
267.000      2.71134e+00
268.000      2.61666e+00
269.000      2.45905e+00
270.000      2.23942e+00
271.000      1.96847e+00
272.000      1.66474e+00
273.000      1.35101e+00
274.000      1.05006e+00
275.000      7.80872e-01
276.000      5.56235e-01
277.000      3.82324e-01
278.000      2.60014e-01
279.000      1.87407e-01
280.000      1.62673e-01
281.000      1.86407e-01
282.000      2.62859e-01
283.000      3.99699e-01
284.000      6.06279e-01
285.000      8.90723e-01
286.000      1.25651e+00
287.000      1.69948e+00
288.000      2.20627e+00
289.000      2.75488e+00
290.000      3.31736e+00
291.000      3.86422e+00
292.000      4.36923e+00
293.000      4.81356e+00
294.000      5.18804e+00
295.000      5.49331e+00
296.000      5.73813e+00
297.000      5.93657e+00
298.000      6.10501e+00
299.000      6.25980e+00
300.000      6.41574e+00
301.000      6.58534e+00
302.000      6.77829e+00
303.000      7.00069e+00
304.000      7.25382e+00
305.000      7.53303e+00
306.000      7.82767e+00
307.000      8.12299e+00
308.000      8.40425e+00
309.000      8.66216e+00
310.000      8.89772e+00
311.000      9.12391e+00
312.000      9.36327e+00
313.000      9.64146e+00
314.000      9.97944e+00
315.000      1.03875e+01
316.000      1.08637e+01
317.000      1.13975e+01
318.000      1.19769e+01
319.000      1.25952e+01
320.000      1.32559e+01
321.000      1.39723e+01
322.000      1.47644e+01
323.000      1.56531e+01
324.000      1.66549e+01
325.000      1.77777e+01
326.000      1.90183e+01
327.000      2.03604e+01
328.000      2.17734e+01
329.000      2.32112e+01
330.000      2.46146e+01
331.000      2.59163e+01
332.000      2.70508e+01
333.000      2.79661e+01
334.000      2.86352e+01
335.000      2.90635e+01
336.000      2.92879e+01
337.000      2.93693e+01
338.000      2.93779e+01
339.000      2.93778e+01
340.000      2.94139e+01
341.000      2.95054e+01
342.000      2.96463e+01
343.000      2.98118e+01
344.000      2.99669e+01
345.000      3.00746e+01
346.000      3.01015e+01
347.000      3.00189e+01
348.000      2.98043e+01
349.000      2.94397e+01
350.000      2.89134e+01
351.000      2.82204e+01
352.000      2.73655e+01
353.000      2.63639e+01
354.000      2.52415e+01
355.000      2.40318e+01
356.000      2.27711e+01
357.000      2.14927e+01
358.000      2.02214e+01
359.000      1.89707e+01
360.000      1.77437e+01
361.000      1.65377e+01
362.000      1.53510e+01
363.000      1.41888e+01
364.000      1.30668e+01
365.000      1.20098e+01
366.000      1.10463e+01
367.000      1.02011e+01
368.000      9.48837e+00
369.000      8.90835e+00
370.000      8.44837e+00
371.000      8.08740e+00
372.000      7.80226e+00
373.000      7.57319e+00
374.000      7.38708e+00
375.000      7.23862e+00
376.000      7.12976e+00
377.000      7.06885e+00
378.000      7.06958e+00
379.000      7.14983e+00
380.000      7.32942e+00
381.000      7.62687e+00
382.000      8.05527e+00
383.000      8.61826e+00
384.000      9.30710e+00
385.000      1.00991e+01
386.000      1.09577e+01
387.000      1.18338e+01
388.000      1.26685e+01
389.000      1.33974e+01
390.000      1.39571e+01
391.000      1.42925e+01
392.000      1.43643e+01
393.000      1.41548e+01
394.000      1.36701e+01
395.000      1.29385e+01
396.000      1.20055e+01
397.000      1.09277e+01
398.000      9.76581e+00
399.000      8.57898e+00
400.000      7.42084e+00
401.000      6.33660e+00
402.000      5.36153e+00
403.000      4.52024e+00
404.000      3.82658e+00
405.000      3.28393e+00
406.000      2.88554e+00
407.000      2.61497e+00
408.000      2.44701e+00
409.000      2.34965e+00
410.000      2.28765e+00
411.000      2.22742e+00
412.000      2.14256e+00
413.000      2.01849e+00
414.000      1.85474e+00
415.000      1.66405e+00
416.000      1.46825e+00
417.000      1.29195e+00
418.000      1.15578e+00
419.000      1.07084e+00
420.000      1.03595e+00
421.000      1.03820e+00
422.000      1.05669e+00
423.000      1.06815e+00
424.000      1.05298e+00
425.000      9.99758e-01
426.000      9.07228e-01
427.000      7.83314e-01
428.000      6.41872e-01
429.000      4.98471e-01
430.000      3.66580e-01
431.000      2.55181e-01
432.000      1.68102e-01
433.000      1.04782e-01
434.000      6.17953e-02
435.000      3.44798e-02
436.000      1.82014e-02
437.000      9.09008e-03
438.000      4.29490e-03
439.000      1.91980e-03
440.000      8.11859e-04
441.000      3.24804e-04
442.000      1.22937e-04
443.000      4.40209e-05
444.000      1.49126e-05
445.000      4.77932e-06
446.000      1.44909e-06
447.000      4.15666e-07
448.000      1.12800e-07
449.000      2.89596e-08
450.000      7.03386e-09
451.000      1.61626e-09
452.000      3.51357e-10
453.000      7.22606e-11
454.000      1.40596e-11
455.000      2.58798e-12
456.000      4.50680e-13
457.000      7.42492e-14
458.000      1.15727e-14
459.000      1.70645e-15
460.000      2.38051e-16
461.000      3.14169e-17
462.000      3.92261e-18
463.000      4.63346e-19
464.000      5.17788e-20
465.000      5.47415e-21
466.000      5.47519e-22
467.000      5.18083e-23
468.000      4.63785e-24
469.000      3.92782e-25
470.000      3.14706e-26
471.000      2.38548e-27
472.000      1.71066e-28
473.000      1.16056e-29
474.000      7.44889e-31
475.000      4.52306e-32
476.000      2.59831e-33
477.000      1.41210e-34
478.000      7.26039e-36
479.000      3.53160e-37
480.000      1.62517e-38
481.000      7.07533e-40
482.000      2.91414e-41
483.000      1.13551e-42
484.000      4.18592e-44
485.000      1.45985e-45
486.000      4.81662e-47
487.000      1.50347e-48
488.000      4.43980e-50
489.000      1.24037e-51
490.000      3.27835e-53
491.000      8.19743e-55
492.000      1.93918e-56
493.000      4.33986e-58
494.000      9.18863e-60
495.000      1.84053e-61
496.000      3.48782e-63
497.000      6.25290e-65
498.000      1.06054e-66
499.000      1.70173e-68
500.000      2.58328e-70
