# Gaussian folded, width=10 cm^-1
# [cm^-1] arbitrary
0.000      3.00000e+00
1.000      2.91796e+00
2.000      2.68508e+00
3.000      2.33749e+00
4.000      1.92514e+00
5.000      1.50000e+00
6.000      1.10570e+00
7.000      7.71085e-01
8.000      5.08727e-01
9.000      3.17529e-01
10.000      1.87500e-01
11.000      1.04746e-01
12.000      5.53592e-02
13.000      2.76801e-02
14.000      1.30952e-02
15.000      5.86628e-03
16.000      2.50321e-03
17.000      1.06315e-03
18.000      5.80075e-04
19.000      6.99705e-04
20.000      1.53055e-03
21.000      3.71458e-03
22.000      8.74316e-03
23.000      1.95653e-02
24.000      4.15188e-02
25.000      8.35260e-02
26.000      1.59301e-01
27.000      2.88039e-01
28.000      4.93793e-01
29.000      8.02637e-01
30.000      1.23707e+00
31.000      1.80797e+00
32.000      2.50571e+00
33.000      3.29331e+00
34.000      4.10505e+00
35.000      4.85297e+00
36.000      5.44150e+00
37.000      5.78723e+00
38.000      5.83823e+00
39.000      5.58684e+00
40.000      5.07158e+00
41.000      4.36742e+00
42.000      3.56801e+00
43.000      2.76545e+00
44.000      2.03367e+00
45.000      1.41935e+00
46.000      9.41102e-01
47.000      5.95116e-01
48.000      3.64126e-01
49.000      2.26643e-01
50.000      1.64417e-01
51.000      1.67304e-01
52.000      2.35518e-01
53.000      3.79425e-01
54.000      6.16946e-01
55.000      9.68455e-01
56.000      1.44934e+00
57.000      2.06115e+00
58.000      2.78344e+00
59.000      3.56903e+00
60.000      4.34564e+00
61.000      5.02507e+00
62.000      5.51913e+00
63.000      5.75818e+00
64.000      5.70729e+00
65.000      5.37460e+00
66.000      4.80931e+00
67.000      4.09011e+00
68.000      3.30780e+00
69.000      2.54785e+00
70.000      1.87756e+00
71.000      1.34066e+00
72.000      9.59063e-01
73.000      7.39353e-01
74.000      6.80574e-01
75.000      7.79938e-01
76.000      1.03449e+00
77.000      1.43837e+00
78.000      1.97709e+00
79.000      2.62144e+00
80.000      3.32420e+00
81.000      4.02203e+00
82.000      4.64349e+00
83.000      5.12167e+00
84.000      5.40855e+00
85.000      5.48688e+00
86.000      5.37649e+00
87.000      5.13314e+00
88.000      4.84029e+00
89.000      4.59551e+00
90.000      4.49435e+00
91.000      4.61426e+00
92.000      5.00170e+00
93.000      5.66466e+00
94.000      6.57227e+00
95.000      7.66190e+00
96.000      8.85188e+00
97.000      1.00565e+01
98.000      1.11989e+01
99.000      1.22192e+01
100.000      1.30754e+01
101.000      1.37406e+01
102.000      1.41975e+01
103.000      1.44350e+01
104.000      1.44479e+01
105.000      1.42388e+01
106.000      1.38198e+01
107.000      1.32145e+01
108.000      1.24560e+01
109.000      1.15851e+01
110.000      1.06475e+01
111.000      9.69200e+00
112.000      8.76880e+00
113.000      7.92773e+00
114.000      7.21585e+00
115.000      6.67483e+00
116.000      6.33904e+00
117.000      6.23496e+00
118.000      6.38166e+00
119.000      6.79080e+00
120.000      7.46472e+00
121.000      8.39209e+00
122.000      9.54212e+00
123.000      1.08601e+01
124.000      1.22672e+01
125.000      1.36662e+01
126.000      1.49532e+01
127.000      1.60321e+01
128.000      1.68290e+01
129.000      1.73033e+01
130.000      1.74512e+01
131.000      1.73039e+01
132.000      1.69193e+01
133.000      1.63696e+01
134.000      1.57291e+01
135.000      1.50628e+01
136.000      1.44193e+01
137.000      1.38277e+01
138.000      1.32998e+01
139.000      1.28349e+01
140.000      1.24257e+01
141.000      1.20647e+01
142.000      1.17473e+01
143.000      1.14732e+01
144.000      1.12442e+01
145.000      1.10604e+01
146.000      1.09160e+01
147.000      1.07979e+01
148.000      1.06854e+01
149.000      1.05543e+01
150.000      1.03821e+01
151.000      1.01533e+01
152.000      9.86264e+00
153.000      9.51536e+00
154.000      9.12464e+00
155.000      8.70719e+00
156.000      8.27877e+00
157.000      7.85113e+00
158.000      7.43117e+00
159.000      7.02239e+00
160.000      6.62822e+00
161.000      6.25571e+00
162.000      5.91822e+00
163.000      5.63530e+00
164.000      5.42918e+00
165.000      5.31816e+00
166.000      5.30902e+00
167.000      5.39141e+00
168.000      5.53680e+00
169.000      5.70322e+00
170.000      5.84488e+00
171.000      5.92360e+00
172.000      5.91826e+00
173.000      5.82908e+00
174.000      5.67531e+00
175.000      5.48744e+00
176.000      5.29672e+00
177.000      5.12577e+00
178.000      4.98298e+00
179.000      4.86224e+00
180.000      4.74716e+00
181.000      4.61780e+00
182.000      4.45769e+00
183.000      4.25903e+00
184.000      4.02537e+00
185.000      3.77184e+00
186.000      3.52332e+00
187.000      3.31134e+00
188.000      3.17023e+00
189.000      3.13286e+00
190.000      3.22643e+00
191.000      3.46892e+00
192.000      3.86636e+00
193.000      4.41147e+00
194.000      5.08313e+00
195.000      5.84674e+00
196.000      6.65536e+00
197.000      7.45233e+00
198.000      8.17611e+00
199.000      8.76805e+00
200.000      9.18209e+00
201.000      9.39463e+00
202.000      9.41118e+00
203.000      9.26714e+00
204.000      9.02152e+00
205.000      8.74463e+00
206.000      8.50317e+00
207.000      8.34671e+00
208.000      8.29950e+00
209.000      8.35911e+00
210.000      8.50189e+00
211.000      8.69267e+00
212.000      8.89580e+00
213.000      9.08420e+00
214.000      9.24425e+00
215.000      9.37549e+00
216.000      9.48589e+00
217.000      9.58480e+00
218.000      9.67620e+00
219.000      9.75522e+00
220.000      9.80894e+00
221.000      9.82117e+00
222.000      9.77886e+00
223.000      9.67725e+00
224.000      9.52170e+00
225.000      9.32565e+00
226.000      9.10619e+00
227.000      8.87961e+00
228.000      8.65903e+00
229.000      8.45473e+00
230.000      8.27620e+00
231.000      8.13400e+00
232.000      8.03948e+00
233.000      8.00170e+00
234.000      8.02265e+00
235.000      8.09274e+00
236.000      8.18922e+00
237.000      8.27893e+00
238.000      8.32502e+00
239.000      8.29583e+00
240.000      8.17303e+00
241.000      7.95634e+00
242.000      7.66360e+00
243.000      7.32640e+00
244.000      6.98289e+00
245.000      6.66976e+00
246.000      6.41536e+00
247.000      6.23498e+00
248.000      6.12881e+00
249.000      6.08267e+00
250.000      6.07147e+00
251.000      6.06478e+00
252.000      6.03345e+00
253.000      5.95548e+00
254.000      5.81934e+00
255.000      5.62377e+00
256.000      5.37449e+00
257.000      5.07993e+00
258.000      4.74817e+00
259.000      4.38668e+00
260.000      4.00467e+00
261.000      3.61628e+00
262.000      3.24221e+00
263.000      2.90806e+00
264.000      2.63963e+00
265.000      2.45652e+00
266.000      2.36646e+00
267.000      2.36233e+00
268.000      2.42270e+00
269.000      2.51556e+00
270.000      2.60401e+00
271.000      2.65275e+00
272.000      2.63398e+00
273.000      2.53193e+00
274.000      2.34512e+00
275.000      2.08597e+00
276.000      1.77789e+00
277.000      1.45035e+00
278.000      1.13335e+00
279.000      8.52662e-01
280.000      6.26975e-01
281.000      4.67325e-01
282.000      3.78369e-01
283.000      3.60576e-01
284.000      4.12311e-01
285.000      5.31200e-01
286.000      7.14652e-01
287.000      9.59847e-01
288.000      1.26355e+00
289.000      1.62200e+00
290.000      2.03068e+00
291.000      2.48390e+00
292.000      2.97405e+00
293.000      3.49083e+00
294.000      4.02097e+00
295.000      4.54897e+00
296.000      5.05856e+00
297.000      5.53477e+00
298.000      5.96571e+00
299.000      6.34391e+00
300.000      6.66728e+00
301.000      6.93987e+00
302.000      7.17221e+00
303.000      7.38084e+00
304.000      7.58616e+00
305.000      7.80862e+00
306.000      8.06415e+00
307.000      8.36047e+00
308.000      8.69593e+00
309.000      9.06130e+00
310.000      9.44375e+00
311.000      9.83111e+00
312.000      1.02147e+01
313.000      1.05902e+01
314.000      1.09564e+01
315.000      1.13150e+01
316.000      1.16699e+01
317.000      1.20286e+01
318.000      1.24037e+01
319.000      1.28134e+01
320.000      1.32806e+01
321.000      1.38303e+01
322.000      1.44865e+01
323.000      1.52692e+01
324.000      1.61921e+01
325.000      1.72602e+01
326.000      1.84672e+01
327.000      1.97933e+01
328.000      2.12028e+01
329.000      2.26449e+01
330.000      2.40575e+01
331.000      2.53753e+01
332.000      2.65399e+01
333.000      2.75104e+01
334.000      2.82703e+01
335.000      2.88285e+01
336.000      2.92149e+01
337.000      2.94710e+01
338.000      2.96388e+01
339.000      2.97507e+01
340.000      2.98245e+01
341.000      2.98629e+01
342.000      2.98590e+01
343.000      2.98043e+01
344.000      2.96962e+01
345.000      2.95430e+01
346.000      2.93631e+01
347.000      2.91795e+01
348.000      2.90104e+01
349.000      2.88587e+01
350.000      2.87052e+01
351.000      2.85064e+01
352.000      2.81995e+01
353.000      2.77137e+01
354.000      2.69854e+01
355.000      2.59734e+01
356.000      2.46698e+01
357.000      2.31045e+01
358.000      2.13405e+01
359.000      1.94627e+01
360.000      1.75628e+01
361.000      1.57256e+01
362.000      1.40197e+01
363.000      1.24941e+01
364.000      1.11800e+01
365.000      1.00940e+01
366.000      9.24078e+00
367.000      8.61254e+00
368.000      8.18669e+00
369.000      7.92368e+00
370.000      7.76841e+00
371.000      7.65679e+00
372.000      7.52716e+00
373.000      7.33373e+00
374.000      7.05797e+00
375.000      6.71413e+00
376.000      6.34686e+00
377.000      6.02152e+00
378.000      5.81000e+00
379.000      5.77616e+00
380.000      5.96440e+00
381.000      6.39384e+00
382.000      7.05808e+00
383.000      7.92948e+00
384.000      8.96539e+00
385.000      1.01139e+01
386.000      1.13177e+01
387.000      1.25150e+01
388.000      1.36386e+01
389.000      1.46162e+01
390.000      1.53718e+01
391.000      1.58335e+01
392.000      1.59442e+01
393.000      1.56743e+01
394.000      1.50312e+01
395.000      1.40628e+01
396.000      1.28508e+01
397.000      1.14974e+01
398.000      1.01075e+01
399.000      8.77223e+00
400.000      7.55783e+00
401.000      6.50209e+00
402.000      5.61704e+00
403.000      4.89568e+00
404.000      4.31956e+00
405.000      3.86471e+00
406.000      3.50527e+00
407.000      3.21518e+00
408.000      2.96904e+00
409.000      2.74344e+00
410.000      2.51899e+00
411.000      2.28285e+00
412.000      2.03091e+00
413.000      1.76852e+00
414.000      1.50931e+00
415.000      1.27203e+00
416.000      1.07607e+00
417.000      9.36648e-01
418.000      8.60836e-01
419.000      8.45303e-01
420.000      8.76421e-01
421.000      9.32734e-01
422.000      9.89329e-01
423.000      1.02309e+00
424.000      1.01750e+00
425.000      9.65711e-01
426.000      8.71047e-01
427.000      7.45026e-01
428.000      6.03593e-01
429.000      4.62921e-01
430.000      3.35991e-01
431.000      2.30748e-01
432.000      1.49935e-01
433.000      9.21735e-02
434.000      5.36089e-02
435.000      2.94978e-02
436.000      1.53555e-02
437.000      7.56235e-03
438.000      3.52345e-03
439.000      1.55309e-03
440.000      6.47655e-04
441.000      2.55510e-04
442.000      9.53653e-05
443.000      3.36737e-05
444.000      1.12488e-05
445.000      3.55503e-06
446.000      1.06291e-06
447.000      3.00653e-07
448.000      8.04551e-08
449.000      2.03685e-08
450.000      4.87845e-09
451.000      1.10541e-09
452.000      2.36963e-10
453.000      4.80570e-11
454.000      9.22042e-12
455.000      1.67364e-12
456.000      2.87402e-13
457.000      4.66914e-14
458.000      7.17630e-15
459.000      1.04347e-15
460.000      1.43543e-16
461.000      1.86809e-17
462.000      2.30002e-18
463.000      2.67907e-19
464.000      2.95225e-20
465.000      3.07780e-21
466.000      3.03560e-22
467.000      2.83248e-23
468.000      2.50039e-24
469.000      2.08816e-25
470.000      1.64983e-26
471.000      1.23320e-27
472.000      8.72053e-29
473.000      5.83406e-30
474.000      3.69246e-31
475.000      2.21095e-32
476.000      1.25245e-33
477.000      6.71210e-35
478.000      3.40310e-36
479.000      1.63233e-37
480.000      7.40728e-39
481.000      3.18000e-40
482.000      1.29156e-41
483.000      4.96269e-43
484.000      1.80401e-44
485.000      6.20409e-46
486.000      2.01853e-47
487.000      6.21311e-49
488.000      1.80926e-50
489.000      4.98437e-52
490.000      1.29909e-53
491.000      3.20319e-55
492.000      7.47213e-57
493.000      1.64901e-58
494.000      3.44288e-60
495.000      6.80044e-62
496.000      1.27078e-63
497.000      2.24657e-65
498.000      3.75740e-67
499.000      5.94530e-69
500.000      8.89972e-71
