4.500000000000000000e+01
4.376940000000000452e+01
4.027619999999999578e+01
3.506234999999999502e+01
2.887709999999999511e+01
2.250000000000000000e+01
1.658550000000000324e+01
1.156627499999999920e+01
7.630905000000002936e+00
4.762950000000000017e+00
2.812515000000000320e+00
1.571243999999999641e+00
8.305794000000000787e-01
4.158103000000000771e-01
1.982614000000000043e-01
9.321453000000001765e-02
5.162171000000000121e-02
5.185876999999999848e-02
9.542294000000001164e-02
2.086514999999999898e-01
4.512760999999999578e-01
9.312483999999997542e-01
1.822931000000000301e+00
3.382064000000000625e+00
5.946480000000000210e+00
9.908730000000000260e+00
1.564864000000000033e+01
2.342370999999999981e+01
3.323360999999999876e+01
4.469516999999999030e+01
5.698022999999999882e+01
6.886287000000000091e+01
7.889685000000000059e+01
8.569632999999998901e+01
8.824836000000001945e+01
8.616013000000000943e+01
7.975884999999998115e+01
7.000946999999999321e+01
5.828056000000000836e+01
4.603854000000000468e+01
3.456822999999999269e+01
2.479561999999999244e+01
1.724361000000000033e+01
1.210218700000000069e+01
9.363086000000000908e+00
8.958060999999998941e+00
1.085084099999999907e+01
1.505449400000000004e+01
2.157132999999999612e+01
3.027753999999999834e+01
4.079379999999999740e+01
5.239533000000000129e+01
6.400937000000000410e+01
7.432739000000000829e+01
8.202103999999999928e+01
8.601123000000001184e+01
8.571108999999999867e+01
8.116638999999999271e+01
7.304573999999999501e+01
6.248498999999999626e+01
5.083780999999999750e+01
3.941310999999999609e+01
2.927375999999999934e+01
2.114209999999999923e+01
1.541434599999999833e+01
1.224915000000000198e+01
1.167864200000000174e+01
1.368971900000000019e+01
1.824415000000000475e+01
2.523226000000000013e+01
3.438389000000000806e+01
4.518151999999999191e+01
5.682778000000000418e+01
6.830768999999999380e+01
7.855570000000000164e+01
8.669705000000000439e+01
9.229507999999999868e+01
9.552104999999997403e+01
9.717574999999999363e+01
9.853928000000001930e+01
1.010803599999999989e+02
1.061096999999999895e+02
1.144796199999999970e+02
1.264154800000000165e+02
1.415140600000000006e+02
1.588841000000000179e+02
1.773608000000000118e+02
1.957111999999999625e+02
2.127753000000000156e+02
2.275269999999999868e+02
2.390819999999999368e+02
2.467015000000000384e+02
2.498316000000000088e+02
2.481799000000000035e+02
2.418125999999999749e+02
2.312160000000000082e+02
2.172937000000000580e+02
2.012709000000000401e+02
1.845245000000000175e+02
1.683903999999999996e+02
1.539963200000000256e+02
1.421719400000000064e+02
1.334497400000000198e+02
1.281395500000000141e+02
1.264301600000000008e+02
1.284672899999999913e+02
1.343700699999999983e+02
1.441774299999999869e+02
1.577462899999999877e+02
1.746422000000000025e+02
1.940670000000000073e+02
2.148614000000000033e+02
2.355932999999999993e+02
2.547259999999999991e+02
2.708310000000000173e+02
2.827995999999999981e+02
2.900036999999999807e+02
2.923638999999999442e+02
2.903191000000000486e+02
2.847007000000000403e+02
2.765612999999999602e+02
2.669934000000000083e+02
2.569825000000000159e+02
2.473137999999999863e+02
2.385321999999999889e+02
2.309441000000000201e+02
2.246427000000000191e+02
2.195397999999999570e+02
2.154036999999999864e+02
2.118947000000000287e+02
2.086083000000000141e+02
2.051272000000000162e+02
2.010728000000000009e+02
1.961585000000000036e+02
1.902285999999999717e+02
1.832758000000000038e+02
1.754331999999999709e+02
1.669425999999999988e+02
1.581031200000000183e+02
1.492181100000000242e+02
1.405442700000000116e+02
1.322630699999999706e+02
1.244715799999999888e+02
1.171952999999999747e+02
1.104134399999999943e+02
1.040876300000000043e+02
9.818458999999998582e+01
9.268719000000000108e+01
8.759287999999999386e+01
8.290189999999999770e+01
7.860146999999999196e+01
7.465099000000000729e+01
7.097487999999999886e+01
6.746517000000001474e+01
6.399551999999999907e+01
6.044238000000000000e+01
5.670972000000000435e+01
5.275093999999999994e+01
4.858498000000000161e+01
4.430416999999999916e+01
4.007575000000000642e+01
3.613751000000000602e+01
3.278820000000000334e+01
3.037154999999999916e+01
2.924985999999999819e+01
2.976657000000000153e+01
3.219860999999999507e+01
3.670567000000000490e+01
4.328743000000000052e+01
5.176202999999999577e+01
6.177466999999998620e+01
7.283869000000001392e+01
8.440347000000001287e+01
9.593464000000000169e+01
1.069912899999999780e+02
1.172840099999999950e+02
1.267024100000000146e+02
1.353077700000000050e+02
1.432922899999999800e+02
1.509139299999999935e+02
1.584246099999999728e+02
1.660037000000000376e+02
1.737197999999999638e+02
1.815221999999999980e+02
1.892611999999999739e+02
1.967338000000000591e+02
2.037282999999999902e+02
2.100656999999999925e+02
2.156275999999999726e+02
2.203700000000000330e+02
2.243253999999999451e+02
2.276021000000000072e+02
2.303762999999999863e+02
2.328778000000000077e+02
2.353760999999999797e+02
2.381511999999999887e+02
2.414737999999999829e+02
2.455790999999999826e+02
2.506460999999999899e+02
2.567787000000000148e+02
2.639761999999999489e+02
2.721021000000000072e+02
2.808460000000000036e+02
2.897006000000000085e+02
2.979726999999999748e+02
3.048393000000000370e+02
3.094566000000000372e+02
3.111037999999999215e+02
3.093262000000000285e+02
3.040388999999998987e+02
2.955553999999999633e+02
2.845381999999999607e+02
2.718829999999999814e+02
2.585773000000000366e+02
2.455801000000000442e+02
2.337403999999999940e+02
2.237624999999999886e+02
2.161923999999999921e+02
2.113987000000000194e+02
2.095395999999999788e+02
2.105211999999999648e+02
2.139812999999999761e+02
2.193307000000000357e+02
2.258609000000000151e+02
2.328933000000000106e+02
2.399302000000000135e+02
2.467435999999999865e+02
2.533810000000000002e+02
2.600766999999999030e+02
2.671105000000000018e+02
2.746567000000000007e+02
2.826793000000000120e+02
2.909000999999999522e+02
2.988430999999999926e+02
3.059408999999999992e+02
3.116640999999999622e+02
3.156419000000000210e+02
3.177379999999999995e+02
3.180713000000000648e+02
3.169762000000000626e+02
3.149250000000000114e+02
3.124374000000000819e+02
3.100025999999999726e+02
3.080325000000000273e+02
3.068365000000000009e+02
3.066100999999999885e+02
3.074064999999999941e+02
3.090887999999999920e+02
3.112687000000000808e+02
3.132633999999999901e+02
3.141113999999999464e+02
3.126760999999999626e+02
3.078341999999999530e+02
2.987189000000000192e+02
2.849420000000000073e+02
2.667375999999999863e+02
2.449687000000000126e+02
2.209931999999999732e+02
1.964235999999999365e+02
1.728462000000000103e+02
1.515619000000000085e+02
1.334197300000000155e+02
1.187544700000000120e+02
1.074307499999999749e+02
9.896545000000001835e+01
9.268664000000001124e+01
8.789444999999999197e+01
8.399348000000000525e+01
8.058155000000002133e+01
7.748915999999999826e+01
7.477253999999999223e+01
7.266755999999999460e+01
7.151376000000000488e+01
7.165972000000000719e+01
7.336299999999999955e+01
7.670114999999999839e+01
8.151006999999998470e+01
8.736597999999999331e+01
9.361882999999998844e+01
9.947649999999998727e+01
1.041270200000000017e+02
1.068755199999999803e+02
1.072663899999999870e+02
1.051629700000000014e+02
1.007644999999999982e+02
9.455786000000001934e+01
8.721636000000000877e+01
7.947352999999999668e+01
7.200352999999999781e+01
6.533476999999999180e+01
5.981002999999999759e+01
5.559060999999999808e+01
5.269011000000001133e+01
5.101826000000000505e+01
5.041841999999999757e+01
5.069001000000000090e+01
5.159593000000000984e+01
5.286262000000000683e+01
5.418264999999998821e+01
5.522921999999999798e+01
5.568689999999999429e+01
5.529696000000000566e+01
5.390739999999999554e+01
5.151475999999999544e+01
4.828218000000001098e+01
4.452550999999999704e+01
4.066699000000000552e+01
3.716674000000000433e+01
3.444836000000000098e+01
3.283614500000000191e+01
3.251588100000000736e+01
3.352338100000000054e+01
3.575655900000000287e+01
3.900383200000000272e+01
4.298192000000000235e+01
4.737780999999999665e+01
5.189276999999999163e+01
5.628540499999999724e+01
6.040834000000000259e+01
6.423178999999998950e+01
6.784685000000000343e+01
7.144658999999998628e+01
7.528924999999999557e+01
7.965409999999998547e+01
8.480281999999999698e+01
9.095579999999998222e+01
9.828565000000000396e+01
1.069220699999999908e+02
1.169564000000000163e+02
1.284345000000000425e+02
1.413323499999999910e+02
1.555174800000000062e+02
1.707078199999999697e+02
1.864458999999999946e+02
2.021002000000000294e+02
2.169037000000000148e+02
2.300249999999999773e+02
2.406595000000000084e+02
2.481280000000000427e+02
2.519585999999999899e+02
2.519430999999999585e+02
2.481562999999999874e+02
2.409329999999999927e+02
2.308127000000000066e+02
2.184534000000000162e+02
2.045406999999999869e+02
1.897023000000000081e+02
1.744586000000000183e+02
1.592132200000000068e+02
1.442870699999999999e+02
1.299780000000000086e+02
1.166212300000000113e+02
1.046171699999999873e+02
9.441031000000000972e+01
8.641693999999999676e+01
8.092301999999999396e+01
7.798702000000001533e+01
7.738498000000001298e+01
7.862060999999999922e+01
8.100333000000000538e+01
8.377284000000000219e+01
8.623592000000000724e+01
8.787832999999999117e+01
8.842536000000001195e+01
8.784185999999999694e+01
8.628086999999999307e+01
8.400267000000000905e+01
8.128969999999999629e+01
7.837960000000001060e+01
7.542806000000001632e+01
7.250303000000002385e+01
6.960365000000000180e+01
6.669219999999999970e+01
6.373011999999999233e+01
6.070978999999999814e+01
5.767871000000000947e+01
5.475320999999999572e+01
5.211851000000000056e+01
5.001202999999999577e+01
4.868762999999999863e+01
4.836207999999999885e+01
4.915223000000000297e+01
5.101689999999999259e+01
5.372113999999999834e+01
5.683917000000000286e+01
5.980355000000000132e+01
6.199627999999999872e+01
6.286350000000000193e+01
6.202549999999999386e+01
5.935284000000000759e+01
5.498725999999999203e+01
4.930296999999999485e+01
4.282083999999999691e+01
3.610154000000000707e+01
2.964598999999999762e+01
2.382581400000000116e+01
1.885372000000000270e+01
1.479127500000000239e+01
1.158315299999999937e+01
9.102655000000000385e+00
7.195928900000001072e+00
5.715728000000000364e+00
4.541526700000000361e+00
3.586526339999999369e+00
2.795213249999999761e+00
2.135664499999999855e+00
1.590480893000000062e+00
1.149037662000000015e+00
8.021528254999999996e-01
5.393806077999999671e-01
3.483934201800000241e-01
2.156588915200000067e-01
1.276753463419999790e-01
7.216610336300000039e-02
3.888485033610000058e-02
1.994711725820000336e-02
9.730864691260001156e-03
4.510053931196000496e-03
1.984407735002999967e-03
8.283531271619999940e-04
3.278693870258400341e-04
1.229982353493570043e-04
4.371670713648300176e-05
1.471722860344080017e-05
4.691735608264970441e-06
1.416076351263065944e-06
4.045911440219726890e-07
1.094138622862456841e-07
2.800367589353803006e-08
6.782789507975006432e-09
1.554615501554561229e-09
3.371648885825853536e-10
6.919048266287399485e-11
1.343447411881604072e-11
2.468062092674099833e-12
4.289856008618346610e-13
7.054642596314971919e-14
1.097599332472483002e-14
1.615667484070082030e-15
2.250028421950654116e-16
2.964525398847881727e-17
3.695279345531682332e-18
4.357761238652918887e-19
4.861871840646583147e-20
5.131748909707569637e-21
5.124462895826616812e-22
4.841192511860052151e-23
4.326881523203638852e-24
3.658627386650817894e-25
2.926711677327133661e-26
2.214931695502902628e-27
1.585842449061201784e-28
1.074178384918789103e-29
6.883545344656100798e-31
4.173170415929441570e-32
2.393522277621417056e-33
1.298753998787301572e-34
6.667057443093552548e-36
3.237872301927189040e-37
1.487658192264076244e-38
6.466408472235672999e-40
2.659139362585466772e-41
1.034512912891358890e-42
3.807598574472830513e-44
1.325812388054182028e-45
4.367476292671377285e-47
1.361121568838073888e-48
4.013113700613137306e-50
1.119390825887024044e-51
2.953951743888040119e-53
7.374623483912062874e-55
1.741780658517509374e-56
3.891941177647712907e-58
8.227281992563017901e-60
1.645370318976802429e-61
3.113070483118802653e-63
5.572260692302602622e-65
9.436080938609002885e-67
1.511710120398310202e-68
2.291210146117510198e-70
3.285320167776050142e-72
4.456650182264690510e-74
5.719490187335499769e-76
6.944210182172699750e-78
7.976390167605640113e-80
8.667770145893890260e-82
8.910990120152071088e-84
8.666870093619670346e-86
7.974730069015200267e-88
6.942050048135420398e-90
5.717110031763320649e-92
4.454340019830266882e-94
3.283280011713111005e-96
2.289550006545690076e-98
1.510460003460824158e-100
9.427270017311806065e-103
5.566480008193063442e-105
3.109520003668495091e-107
1.643320001554066243e-109
8.216190006228559325e-112
3.886290002361804016e-114
