# Gaussian folded, width=10 cm^-1
# [cm^-1] arbitrary
0.000      3.00000e+00
1.000      2.91796e+00
2.000      2.68508e+00
3.000      2.33749e+00
4.000      1.92514e+00
5.000      1.50000e+00
6.000      1.10570e+00
7.000      7.71085e-01
8.000      5.08727e-01
9.000      3.17531e-01
10.000      1.87505e-01
11.000      1.04763e-01
12.000      5.54155e-02
13.000      2.78488e-02
14.000      1.35740e-02
15.000      7.15211e-03
16.000      5.77112e-03
17.000      8.92212e-03
18.000      1.84621e-02
19.000      3.91895e-02
20.000      7.98840e-02
21.000      1.54523e-01
22.000      2.83073e-01
23.000      4.90946e-01
24.000      8.06071e-01
25.000      1.25289e+00
26.000      1.84354e+00
27.000      2.56796e+00
28.000      3.38626e+00
29.000      4.22715e+00
30.000      4.99537e+00
31.000      5.58831e+00
32.000      5.91815e+00
33.000      5.93315e+00
34.000      5.63110e+00
35.000      5.05999e+00
36.000      4.30605e+00
37.000      3.47337e+00
38.000      2.66223e+00
39.000      1.95280e+00
40.000      1.39819e+00
41.000      1.02639e+00
42.000      8.48113e-01
43.000      8.65502e-01
44.000      1.07751e+00
45.000      1.47954e+00
46.000      2.05766e+00
47.000      2.78000e+00
48.000      3.58995e+00
49.000      4.40538e+00
50.000      5.12697e+00
51.000      5.65482e+00
52.000      5.90956e+00
53.000      5.85110e+00
54.000      5.48861e+00
55.000      4.87827e+00
56.000      4.10933e+00
57.000      3.28360e+00
58.000      2.49518e+00
59.000      1.81627e+00
60.000      1.29207e+00
61.000      9.44020e-01
62.000      7.77948e-01
63.000      7.92660e-01
64.000      9.85330e-01
65.000      1.35178e+00
66.000      1.88207e+00
67.000      2.55390e+00
68.000      3.32741e+00
69.000      4.14509e+00
70.000      4.93900e+00
71.000      5.64482e+00
72.000      6.21909e+00
73.000      6.65412e+00
74.000      6.98445e+00
75.000      7.28137e+00
76.000      7.63598e+00
77.000      8.13531e+00
78.000      8.83911e+00
79.000      9.76433e+00
80.000      1.08815e+01
81.000      1.21229e+01
82.000      1.33982e+01
83.000      1.46122e+01
84.000      1.56788e+01
85.000      1.65305e+01
86.000      1.71213e+01
87.000      1.74273e+01
88.000      1.74442e+01
89.000      1.71856e+01
90.000      1.66794e+01
91.000      1.59642e+01
92.000      1.50854e+01
93.000      1.40927e+01
94.000      1.30392e+01
95.000      1.19840e+01
96.000      1.09950e+01
97.000      1.01505e+01
98.000      9.53593e+00
99.000      9.23479e+00
100.000      9.31385e+00
101.000      9.80761e+00
102.000      1.07062e+01
103.000      1.19511e+01
104.000      1.34404e+01
105.000      1.50422e+01
106.000      1.66120e+01
107.000      1.80120e+01
108.000      1.91271e+01
109.000      1.98778e+01
110.000      2.02286e+01
111.000      2.01914e+01
112.000      1.98232e+01
113.000      1.92181e+01
114.000      1.84927e+01
115.000      1.77672e+01
116.000      1.71445e+01
117.000      1.66925e+01
118.000      1.64311e+01
119.000      1.63308e+01
120.000      1.63216e+01
121.000      1.63139e+01
122.000      1.62246e+01
123.000      1.60018e+01
124.000      1.56398e+01
125.000      1.51785e+01
126.000      1.46857e+01
127.000      1.42312e+01
128.000      1.38592e+01
129.000      1.35720e+01
130.000      1.33297e+01
131.000      1.30649e+01
132.000      1.27053e+01
133.000      1.21961e+01
134.000      1.15137e+01
135.000      1.06682e+01
136.000      9.69741e+00
137.000      8.65549e+00
138.000      7.60230e+00
139.000      6.59454e+00
140.000      5.67943e+00
141.000      4.89004e+00
142.000      4.24159e+00
143.000      3.72968e+00
144.000      3.33154e+00
145.000      3.01145e+00
146.000      2.72937e+00
147.000      2.45081e+00
148.000      2.15461e+00
149.000      1.83629e+00
150.000      1.50634e+00
151.000      1.18469e+00
152.000      8.93819e-01
153.000      6.53267e-01
154.000      4.76951e-01
155.000      3.73563e-01
156.000      3.48949e-01
157.000      4.08948e-01
158.000      5.61268e-01
159.000      8.15626e-01
160.000      1.18209e+00
161.000      1.66813e+00
162.000      2.27502e+00
163.000      2.99445e+00
164.000      3.80585e+00
165.000      4.67532e+00
166.000      5.55736e+00
167.000      6.40060e+00
168.000      7.15830e+00
169.000      7.80229e+00
170.000      8.33667e+00
171.000      8.80546e+00
172.000      9.28864e+00
173.000      9.88427e+00
174.000      1.06799e+01
175.000      1.17215e+01
176.000      1.29912e+01
177.000      1.44031e+01
178.000      1.58185e+01
179.000      1.70793e+01
180.000      1.80467e+01
181.000      1.86352e+01
182.000      1.88316e+01
183.000      1.86958e+01
184.000      1.83423e+01
185.000      1.79081e+01
186.000      1.75166e+01
187.000      1.72455e+01
188.000      1.71090e+01
189.000      1.70621e+01
190.000      1.70257e+01
191.000      1.69281e+01
192.000      1.67482e+01
193.000      1.65450e+01
194.000      1.64592e+01
195.000      1.66851e+01
196.000      1.74163e+01
197.000      1.87844e+01
198.000      2.08081e+01
199.000      2.33706e+01
200.000      2.62326e+01
201.000      2.90785e+01
202.000      3.15819e+01
203.000      3.34739e+01
204.000      3.45939e+01
205.000      3.49128e+01
206.000      3.45221e+01
207.000      3.35944e+01
208.000      3.23282e+01
209.000      3.08944e+01
210.000      2.93990e+01
211.000      2.78757e+01
212.000      2.63048e+01
213.000      2.46512e+01
214.000      2.29017e+01
215.000      2.10853e+01
216.000      1.92690e+01
217.000      1.75324e+01
218.000      1.59350e+01
219.000      1.44943e+01
220.000      1.31849e+01
221.000      1.19587e+01
222.000      1.07783e+01
223.000      9.64665e+00
224.000      8.62254e+00
225.000      7.81493e+00
226.000      7.35930e+00
227.000      7.38396e+00
228.000      7.97628e+00
229.000      9.15743e+00
230.000      1.08710e+01
231.000      1.29877e+01
232.000      1.53257e+01
233.000      1.76817e+01
234.000      1.98693e+01
235.000      2.17537e+01
236.000      2.32754e+01
237.000      2.44570e+01
238.000      2.53877e+01
239.000      2.61914e+01
240.000      2.69866e+01
241.000      2.78507e+01
242.000      2.88005e+01
243.000      2.97951e+01
244.000      3.07580e+01
245.000      3.16071e+01
246.000      3.22804e+01
247.000      3.27442e+01
248.000      3.29834e+01
249.000      3.29800e+01
250.000      3.26945e+01
251.000      3.20619e+01
252.000      3.10075e+01
253.000      2.94761e+01
254.000      2.74629e+01
255.000      2.50297e+01
256.000      2.23016e+01
257.000      1.94427e+01
258.000      1.66231e+01
259.000      1.39882e+01
260.000      1.16393e+01
261.000      9.63041e+00
262.000      7.97483e+00
263.000      6.65801e+00
264.000      5.64908e+00
265.000      4.90961e+00
266.000      4.39976e+00
267.000      4.08417e+00
268.000      3.93861e+00
269.000      3.95714e+00
270.000      4.15695e+00
271.000      4.57793e+00
272.000      5.27411e+00
273.000      6.29687e+00
274.000      7.67219e+00
275.000      9.37758e+00
276.000      1.13256e+01
277.000      1.33609e+01
278.000      1.52746e+01
279.000      1.68357e+01
280.000      1.78327e+01
281.000      1.81162e+01
282.000      1.76299e+01
283.000      1.64225e+01
284.000      1.46360e+01
285.000      1.24757e+01
286.000      1.01696e+01
287.000      7.92852e+00
288.000      5.91669e+00
289.000      4.23745e+00
290.000      2.93429e+00
291.000      2.00298e+00
292.000      1.40864e+00
293.000      1.10183e+00
294.000      1.02999e+00
295.000      1.14251e+00
296.000      1.39102e+00
297.000      1.72717e+00
298.000      2.10115e+00
299.000      2.46302e+00
300.000      2.76756e+00
301.000      2.98121e+00
302.000      3.08874e+00
303.000      3.09666e+00
304.000      3.03170e+00
305.000      2.93424e+00
306.000      2.84838e+00
307.000      2.81176e+00
308.000      2.84769e+00
309.000      2.96168e+00
310.000      3.14229e+00
311.000      3.36541e+00
312.000      3.60002e+00
313.000      3.81390e+00
314.000      3.97817e+00
315.000      4.07053e+00
316.000      4.07717e+00
317.000      3.99364e+00
318.000      3.82455e+00
319.000      3.58211e+00
320.000      3.28354e+00
321.000      2.94786e+00
322.000      2.59307e+00
323.000      2.23428e+00
324.000      1.88331e+00
325.000      1.54935e+00
326.000      1.23999e+00
327.000      9.61799e-01
328.000      7.20162e-01
329.000      5.18578e-01
330.000      3.57907e-01
331.000      2.36074e-01
332.000      1.48466e-01
333.000      8.88576e-02
334.000      5.05379e-02
335.000      2.72842e-02
336.000      1.39703e-02
337.000      6.77994e-03
338.000      3.11719e-03
339.000      1.35726e-03
340.000      5.59514e-04
341.000      2.18334e-04
342.000      8.06363e-05
343.000      2.81833e-05
344.000      9.32119e-06
345.000      2.91704e-06
346.000      8.63743e-07
347.000      2.41984e-07
348.000      6.41409e-08
349.000      1.60851e-08
350.000      3.81635e-09
351.000      8.56647e-10
352.000      1.81921e-10
353.000      3.65500e-11
354.000      6.94728e-12
355.000      1.24929e-12
356.000      2.12536e-13
357.000      3.42076e-14
358.000      5.20871e-15
359.000      7.50338e-16
360.000      1.02259e-16
361.000      1.31846e-17
362.000      1.60823e-18
363.000      1.85587e-19
364.000      2.02612e-20
365.000      2.09267e-21
366.000      2.04482e-22
367.000      1.89028e-23
368.000      1.65315e-24
369.000      1.36779e-25
370.000      1.07064e-26
371.000      7.92839e-28
372.000      5.55449e-29
373.000      3.68147e-30
374.000      2.30842e-31
375.000      1.36939e-32
376.000      7.68523e-34
377.000      4.08041e-35
378.000      2.04960e-36
379.000      9.73983e-38
380.000      4.37876e-39
381.000      1.86238e-40
382.000      7.49384e-42
383.000      2.85271e-43
384.000      1.02737e-44
385.000      3.50038e-46
386.000      1.12829e-47
387.000      3.44068e-49
388.000      9.92625e-51
389.000      2.70921e-52
390.000      6.99551e-54
391.000      1.70889e-55
392.000      3.94934e-57
393.000      8.63482e-59
394.000      1.78607e-60
395.000      3.49513e-62
396.000      6.47061e-64
397.000      1.13330e-65
398.000      1.87785e-67
399.000      2.94371e-69
400.000      4.36564e-71
401.000      6.12516e-73
402.000      8.13026e-75
403.000      1.02096e-76
404.000      1.21292e-78
405.000      1.36324e-80
406.000      1.44954e-82
407.000      1.45816e-84
408.000      1.38771e-86
409.000      1.24942e-88
410.000      1.06423e-90
411.000      8.57593e-93
412.000      6.53799e-95
413.000      4.71547e-97
414.000      3.21754e-99
415.000     2.07702e-101
416.000     1.26845e-103
417.000     7.32866e-106
418.000     4.00584e-108
419.000     2.07148e-110
420.000     1.01341e-112
421.000     4.69035e-115
422.000     2.05374e-117
423.000     8.50749e-120
424.000     3.33408e-122
425.000     1.23614e-124
426.000     4.33588e-127
427.000     1.43881e-129
428.000     4.51700e-132
429.000     1.34157e-134
430.000     3.76957e-137
431.000     1.00205e-139
432.000     2.52003e-142
433.000     5.99567e-145
434.000     1.34955e-147
435.000     2.87380e-150
436.000     5.78951e-153
437.000     1.10343e-155
438.000     1.98960e-158
439.000     3.39394e-161
440.000     5.47722e-164
441.000     8.36246e-167
442.000     1.20788e-169
443.000     1.65057e-172
444.000     2.13383e-175
445.000     2.60978e-178
446.000     3.01972e-181
447.000     3.30556e-184
448.000     3.42328e-187
449.000     3.35395e-190
450.000     3.10877e-193
451.000     2.72608e-196
452.000     2.26155e-199
453.000     1.77497e-202
454.000     1.31793e-205
455.000     9.25791e-209
456.000     6.15249e-212
457.000     3.86817e-215
458.000     2.30080e-218
459.000     1.29470e-221
460.000     6.89251e-225
461.000     3.47138e-228
462.000     1.65404e-231
463.000     7.45602e-235
464.000     3.17969e-238
465.000     1.28287e-241
466.000     4.89660e-245
467.000     1.76818e-248
468.000     6.04053e-252
469.000     1.95228e-255
470.000     5.96933e-259
471.000     1.72674e-262
472.000     4.72549e-266
473.000     1.22344e-269
474.000     2.99666e-273
475.000     6.94400e-277
476.000     1.52230e-280
477.000     3.15723e-284
478.000     6.19486e-288
479.000     1.14994e-291
480.000     2.01945e-295
481.000     3.35515e-299
482.000     5.27360e-303
483.000     7.84187e-307
484.000     1.10319e-310
485.000     1.46824e-314
486.000     1.84869e-318
487.000     2.22330e-322
488.000      0.00000e+00
489.000      0.00000e+00
490.000      0.00000e+00
491.000      0.00000e+00
492.000      0.00000e+00
493.000      0.00000e+00
494.000      0.00000e+00
495.000      0.00000e+00
496.000      0.00000e+00
497.000      0.00000e+00
498.000      0.00000e+00
499.000      0.00000e+00
500.000      0.00000e+00
