# Gaussian folded, width=10 cm^-1
# [cm^-1] arbitrary
0.000      3.00000e+00
1.000      2.91796e+00
2.000      2.68508e+00
3.000      2.33749e+00
4.000      1.92514e+00
5.000      1.50000e+00
6.000      1.10570e+00
7.000      7.71085e-01
8.000      5.08727e-01
9.000      3.17529e-01
10.000      1.87500e-01
11.000      1.04746e-01
12.000      5.53590e-02
13.000      2.76795e-02
14.000      1.30933e-02
15.000      5.85972e-03
16.000      2.48199e-03
17.000      9.98151e-04
18.000      3.91648e-04
19.000      1.82759e-04
20.000      1.88624e-04
21.000      4.19195e-04
22.000      1.08960e-03
23.000      2.75920e-03
24.000      6.64146e-03
25.000      1.51530e-02
26.000      3.27628e-02
27.000      6.71313e-02
28.000      1.30365e-01
29.000      2.39953e-01
30.000      4.18649e-01
31.000      6.92415e-01
32.000      1.08570e+00
33.000      1.61403e+00
34.000      2.27510e+00
35.000      3.04097e+00
36.000      3.85453e+00
37.000      4.63345e+00
38.000      5.28247e+00
39.000      5.71202e+00
40.000      5.85845e+00
41.000      5.69942e+00
42.000      5.25951e+00
43.000      4.60402e+00
44.000      3.82305e+00
45.000      3.01139e+00
46.000      2.25011e+00
47.000      1.59486e+00
48.000      1.07233e+00
49.000      6.84057e-01
50.000      4.14351e-01
51.000      2.39207e-01
52.000      1.33784e-01
53.000      7.73840e-02
54.000      5.60732e-02
55.000      6.36633e-02
56.000      1.01851e-01
57.000      1.79935e-01
58.000      3.14023e-01
59.000      5.25199e-01
60.000      8.35992e-01
61.000      1.26480e+00
62.000      1.81868e+00
63.000      2.48602e+00
64.000      3.23132e+00
65.000      3.99480e+00
66.000      4.69835e+00
67.000      5.25789e+00
68.000      5.59950e+00
69.000      5.67536e+00
70.000      5.47462e+00
71.000      5.02599e+00
72.000      4.39119e+00
73.000      3.65140e+00
74.000      2.89091e+00
75.000      2.18269e+00
76.000      1.57944e+00
77.000      1.11149e+00
78.000      7.90544e-01
79.000      6.16753e-01
80.000      5.86047e-01
81.000      6.95098e-01
82.000      9.42440e-01
83.000      1.32564e+00
84.000      1.83572e+00
85.000      2.45097e+00
86.000      3.13280e+00
87.000      3.82571e+00
88.000      4.46260e+00
89.000      4.97480e+00
90.000      5.30483e+00
91.000      5.41850e+00
92.000      5.31359e+00
93.000      5.02259e+00
94.000      4.60923e+00
95.000      4.15955e+00
96.000      3.76954e+00
97.000      3.53122e+00
98.000      3.51945e+00
99.000      3.78077e+00
100.000      4.32599e+00
101.000      5.12773e+00
102.000      6.12416e+00
103.000      7.22904e+00
104.000      8.34681e+00
105.000      9.39002e+00
106.000      1.02949e+01
107.000      1.10307e+01
108.000      1.16008e+01
109.000      1.20334e+01
110.000      1.23661e+01
111.000      1.26289e+01
112.000      1.28304e+01
113.000      1.29531e+01
114.000      1.29582e+01
115.000      1.27992e+01
116.000      1.24379e+01
117.000      1.18587e+01
118.000      1.10760e+01
119.000      1.01348e+01
120.000      9.10406e+00
121.000      8.06704e+00
122.000      7.11114e+00
123.000      6.31868e+00
124.000      5.75919e+00
125.000      5.48265e+00
126.000      5.51385e+00
127.000      5.84858e+00
128.000      6.45326e+00
129.000      7.26947e+00
130.000      8.22350e+00
131.000      9.23935e+00
132.000      1.02518e+01
133.000      1.12160e+01
134.000      1.21097e+01
135.000      1.29285e+01
136.000      1.36754e+01
137.000      1.43485e+01
138.000      1.49329e+01
139.000      1.53991e+01
140.000      1.57088e+01
141.000      1.58267e+01
142.000      1.57318e+01
143.000      1.54258e+01
144.000      1.49347e+01
145.000      1.43039e+01
146.000      1.35885e+01
147.000      1.28435e+01
148.000      1.21162e+01
149.000      1.14418e+01
150.000      1.08447e+01
151.000      1.03405e+01
152.000      9.94008e+00
153.000      9.65092e+00
154.000      9.47730e+00
155.000      9.41837e+00
156.000      9.46575e+00
157.000      9.60188e+00
158.000      9.79993e+00
159.000      1.00255e+01
160.000      1.02396e+01
161.000      1.04028e+01
162.000      1.04791e+01
163.000      1.04393e+01
164.000      1.02636e+01
165.000      9.94279e+00
166.000      9.47827e+00
167.000      8.88151e+00
168.000      8.17281e+00
169.000      7.38029e+00
170.000      6.53871e+00
171.000      5.68778e+00
172.000      4.86952e+00
173.000      4.12444e+00
174.000      3.48750e+00
175.000      2.98490e+00
176.000      2.63324e+00
177.000      2.44109e+00
178.000      2.41211e+00
179.000      2.54765e+00
180.000      2.84685e+00
181.000      3.30335e+00
182.000      3.89986e+00
183.000      4.60302e+00
184.000      5.36172e+00
185.000      6.11075e+00
186.000      6.77976e+00
187.000      7.30541e+00
188.000      7.64298e+00
189.000      7.77411e+00
190.000      7.70833e+00
191.000      7.47823e+00
192.000      7.13008e+00
193.000      6.71280e+00
194.000      6.26849e+00
195.000      5.82682e+00
196.000      5.40396e+00
197.000      5.00542e+00
198.000      4.63083e+00
199.000      4.27875e+00
200.000      3.94950e+00
201.000      3.64565e+00
202.000      3.37022e+00
203.000      3.12396e+00
204.000      2.90317e+00
205.000      2.69910e+00
206.000      2.49950e+00
207.000      2.29169e+00
208.000      2.06623e+00
209.000      1.81980e+00
210.000      1.55627e+00
211.000      1.28577e+00
212.000      1.02204e+00
213.000      7.79055e-01
214.000      5.67984e-01
215.000      3.95251e-01
216.000      2.62098e-01
217.000      1.65399e-01
218.000      9.92247e-02
219.000      5.65383e-02
220.000      3.05769e-02
221.000      1.56863e-02
222.000      7.62981e-03
223.000      3.51725e-03
224.000      1.53620e-03
225.000      6.35523e-04
226.000      2.48978e-04
227.000      9.23543e-05
228.000      3.24307e-05
229.000      1.07797e-05
230.000      3.39130e-06
231.000      1.00971e-06
232.000      2.84494e-07
233.000      7.58527e-08
234.000      1.91368e-08
235.000      4.56831e-09
236.000      1.03185e-09
237.000      2.20514e-10
238.000      4.45876e-11
239.000      8.52981e-12
240.000      1.54386e-12
241.000      2.64370e-13
242.000      4.28306e-14
243.000      6.56785e-15
244.000      9.77068e-16
245.000      3.25555e-16
246.000      1.44919e-15
247.000      9.95651e-15
248.000      6.54545e-14
249.000      4.07173e-13
250.000      2.39630e-12
251.000      1.33420e-11
252.000      7.02787e-11
253.000      3.50224e-10
254.000      1.65116e-09
255.000      7.36465e-09
256.000      3.10768e-08
257.000      1.24063e-07
258.000      4.68568e-07
259.000      1.67428e-06
260.000      5.65988e-06
261.000      1.81016e-05
262.000      5.47723e-05
263.000      1.56800e-04
264.000      4.24697e-04
265.000      1.08837e-03
266.000      2.63913e-03
267.000      6.05562e-03
268.000      1.31498e-02
269.000      2.70275e-02
270.000      5.25919e-02
271.000      9.69176e-02
272.000      1.69228e-01
273.000      2.80180e-01
274.000      4.40305e-01
275.000      6.57775e-01
276.000      9.36142e-01
277.000      1.27303e+00
278.000      1.66077e+00
279.000      2.08913e+00
280.000      2.54941e+00
281.000      3.03761e+00
282.000      3.55441e+00
283.000      4.10074e+00
284.000      4.66968e+00
285.000      5.23856e+00
286.000      5.76597e+00
287.000      6.19744e+00
288.000      6.48031e+00
289.000      6.58380e+00
290.000      6.51714e+00
291.000      6.33853e+00
292.000      6.15012e+00
293.000      6.07940e+00
294.000      6.25181e+00
295.000      6.76212e+00
296.000      7.65214e+00
297.000      8.89984e+00
298.000      1.04213e+01
299.000      1.20837e+01
300.000      1.37257e+01
301.000      1.51802e+01
302.000      1.62973e+01
303.000      1.69626e+01
304.000      1.71135e+01
305.000      1.67483e+01
306.000      1.59304e+01
307.000      1.47842e+01
308.000      1.34809e+01
309.000      1.22148e+01
310.000      1.11728e+01
311.000      1.05012e+01
312.000      1.02776e+01
313.000      1.04944e+01
314.000      1.10599e+01
315.000      1.18174e+01
316.000      1.25801e+01
317.000      1.31740e+01
318.000      1.34817e+01
319.000      1.34747e+01
320.000      1.32281e+01
321.000      1.29136e+01
322.000      1.27696e+01
323.000      1.30570e+01
324.000      1.40067e+01
325.000      1.57725e+01
326.000      1.83965e+01
327.000      2.17945e+01
328.000      2.57647e+01
329.000      3.00153e+01
330.000      3.42067e+01
331.000      3.79992e+01
332.000      4.10977e+01
333.000      4.32857e+01
334.000      4.44449e+01
335.000      4.45589e+01
336.000      4.37055e+01
337.000      4.20394e+01
338.000      3.97709e+01
339.000      3.71412e+01
340.000      3.43971e+01
341.000      3.17670e+01
342.000      2.94401e+01
343.000      2.75535e+01
344.000      2.61886e+01
345.000      2.53770e+01
346.000      2.51112e+01
347.000      2.53558e+01
348.000      2.60545e+01
349.000      2.71303e+01
350.000      2.84828e+01
351.000      2.99852e+01
352.000      3.14871e+01
353.000      3.28235e+01
354.000      3.38297e+01
355.000      3.43601e+01
356.000      3.43051e+01
357.000      3.36050e+01
358.000      3.22589e+01
359.000      3.03257e+01
360.000      2.79183e+01
361.000      2.51892e+01
362.000      2.23098e+01
363.000      1.94474e+01
364.000      1.67439e+01
365.000      1.43012e+01
366.000      1.21761e+01
367.000      1.03841e+01
368.000      8.90999e+00
369.000      7.71992e+00
370.000      6.77386e+00
371.000      6.03465e+00
372.000      5.47345e+00
373.000      5.07159e+00
374.000      4.81958e+00
375.000      4.71456e+00
376.000      4.75784e+00
377.000      4.95387e+00
378.000      5.31131e+00
379.000      5.84526e+00
380.000      6.57804e+00
381.000      7.53574e+00
382.000      8.73865e+00
383.000      1.01872e+01
384.000      1.18480e+01
385.000      1.36471e+01
386.000      1.54758e+01
387.000      1.72100e+01
388.000      1.87367e+01
389.000      1.99790e+01
390.000      2.09088e+01
391.000      2.15427e+01
392.000      2.19227e+01
393.000      2.20913e+01
394.000      2.20702e+01
395.000      2.18517e+01
396.000      2.14032e+01
397.000      2.06821e+01
398.000      1.96549e+01
399.000      1.83130e+01
400.000      1.66824e+01
401.000      1.48249e+01
402.000      1.28319e+01
403.000      1.08129e+01
404.000      8.88122e+00
405.000      7.13916e+00
406.000      5.66577e+00
407.000      4.50843e+00
408.000      3.67975e+00
409.000      3.15976e+00
410.000      2.90258e+00
411.000      2.84626e+00
412.000      2.92343e+00
413.000      3.07096e+00
414.000      3.23659e+00
415.000      3.38182e+00
416.000      3.48134e+00
417.000      3.52034e+00
418.000      3.49136e+00
419.000      3.39194e+00
420.000      3.22372e+00
421.000      2.99247e+00
422.000      2.70846e+00
423.000      2.38646e+00
424.000      2.04501e+00
425.000      1.70509e+00
426.000      1.38819e+00
427.000      1.11422e+00
428.000      8.99332e-01
429.000      7.53897e-01
430.000      6.80906e-01
431.000      6.75047e-01
432.000      7.22798e-01
433.000      8.03822e-01
434.000      8.93774e-01
435.000      9.68249e-01
436.000      1.00713e+00
437.000      9.98253e-01
438.000      9.39363e-01
439.000      8.37675e-01
440.000      7.07273e-01
441.000      5.65179e-01
442.000      4.27351e-01
443.000      3.05731e-01
444.000      2.06934e-01
445.000      1.32511e-01
446.000      8.02770e-02
447.000      4.60100e-02
448.000      2.49477e-02
449.000      1.27976e-02
450.000      6.21075e-03
451.000      2.85152e-03
452.000      1.23859e-03
453.000      5.08974e-04
454.000      1.97871e-04
455.000      7.27754e-05
456.000      2.53225e-05
457.000      8.33574e-06
458.000      2.59598e-06
459.000      7.64847e-07
460.000      2.13190e-07
461.000      5.62179e-08
462.000      1.40250e-08
463.000      3.31014e-09
464.000      7.39108e-10
465.000      1.56130e-10
466.000      3.12021e-11
467.000      5.89928e-12
468.000      1.05519e-12
469.000      1.78559e-13
470.000      2.85857e-14
471.000      4.32946e-15
472.000      6.20349e-16
473.000      8.40923e-17
474.000      1.07844e-17
475.000      1.30843e-18
476.000      1.50184e-19
477.000      1.63085e-20
478.000      1.67541e-21
479.000      1.62835e-22
480.000      1.49724e-23
481.000      1.30242e-24
482.000      1.07184e-25
483.000      8.34501e-27
484.000      6.14668e-28
485.000      4.28324e-29
486.000      2.82372e-30
487.000      1.76112e-31
488.000      1.03914e-32
489.000      5.80061e-34
490.000      3.06333e-35
491.000      1.53049e-36
492.000      7.23411e-38
493.000      3.23487e-39
494.000      1.36851e-40
495.000      5.47715e-42
496.000      2.07386e-43
497.000      7.42886e-45
498.000      2.51758e-46
499.000      8.07161e-48
500.000      2.44825e-49
