# Gaussian folded, width=10 cm^-1
# [cm^-1] arbitrary
0.000      3.00000e+00
1.000      2.91796e+00
2.000      2.68508e+00
3.000      2.33749e+00
4.000      1.92514e+00
5.000      1.50000e+00
6.000      1.10570e+00
7.000      7.71085e-01
8.000      5.08727e-01
9.000      3.17530e-01
10.000      1.87500e-01
11.000      1.04746e-01
12.000      5.53608e-02
13.000      2.76857e-02
14.000      1.31136e-02
15.000      5.92293e-03
16.000      2.66829e-03
17.000      1.51799e-03
18.000      1.76482e-03
19.000      3.61654e-03
20.000      8.31654e-03
21.000      1.86285e-02
22.000      3.96948e-02
23.000      8.01935e-02
24.000      1.53540e-01
25.000      2.78609e-01
26.000      4.79182e-01
27.000      7.81239e-01
28.000      1.20751e+00
29.000      1.76958e+00
30.000      2.45905e+00
31.000      3.24063e+00
32.000      4.05042e+00
33.000      4.80200e+00
34.000      5.40053e+00
35.000      5.76204e+00
36.000      5.83278e+00
37.000      5.60223e+00
38.000      5.10570e+00
39.000      4.41550e+00
40.000      3.62380e+00
41.000      2.82279e+00
42.000      2.08806e+00
43.000      1.46929e+00
44.000      9.89172e-01
45.000      6.49166e-01
46.000      4.38743e-01
47.000      3.44998e-01
48.000      3.60023e-01
49.000      4.84573e-01
50.000      7.27456e-01
51.000      1.10080e+00
52.000      1.61209e+00
53.000      2.25471e+00
54.000      2.99969e+00
55.000      3.79186e+00
56.000      4.55286e+00
57.000      5.19215e+00
58.000      5.62394e+00
59.000      5.78588e+00
60.000      5.65377e+00
61.000      5.24751e+00
62.000      4.62641e+00
63.000      3.87534e+00
64.000      3.08653e+00
65.000      2.34265e+00
66.000      1.70563e+00
67.000      1.21343e+00
68.000      8.83613e-01
69.000      7.20872e-01
70.000      7.24666e-01
71.000      8.93870e-01
72.000      1.22672e+00
73.000      1.71629e+00
74.000      2.34338e+00
75.000      3.07029e+00
76.000      3.83869e+00
77.000      4.57436e+00
78.000      5.19910e+00
79.000      5.64756e+00
80.000      5.88449e+00
81.000      5.91707e+00
82.000      5.79794e+00
83.000      5.61725e+00
84.000      5.48523e+00
85.000      5.50972e+00
86.000      5.77450e+00
87.000      6.32375e+00
88.000      7.15612e+00
89.000      8.22868e+00
90.000      9.46839e+00
91.000      1.07868e+01
92.000      1.20938e+01
93.000      1.33069e+01
94.000      1.43561e+01
95.000      1.51846e+01
96.000      1.57488e+01
97.000      1.60176e+01
98.000      1.59747e+01
99.000      1.56207e+01
100.000      1.49768e+01
101.000      1.40860e+01
102.000      1.30130e+01
103.000      1.18391e+01
104.000      1.06546e+01
105.000      9.54731e+00
106.000      8.59180e+00
107.000      7.84146e+00
108.000      7.32641e+00
109.000      7.05773e+00
110.000      7.03593e+00
111.000      7.25945e+00
112.000      7.72871e+00
113.000      8.44357e+00
114.000      9.39504e+00
115.000      1.05552e+01
116.000      1.18705e+01
117.000      1.32622e+01
118.000      1.46349e+01
119.000      1.58903e+01
120.000      1.69431e+01
121.000      1.77320e+01
122.000      1.82267e+01
123.000      1.84269e+01
124.000      1.83575e+01
125.000      1.80617e+01
126.000      1.75933e+01
127.000      1.70111e+01
128.000      1.63739e+01
129.000      1.57362e+01
130.000      1.51443e+01
131.000      1.46324e+01
132.000      1.42185e+01
133.000      1.39034e+01
134.000      1.36705e+01
135.000      1.34901e+01
136.000      1.33257e+01
137.000      1.31420e+01
138.000      1.29115e+01
139.000      1.26193e+01
140.000      1.22633e+01
141.000      1.18527e+01
142.000      1.14035e+01
143.000      1.09345e+01
144.000      1.04647e+01
145.000      1.00116e+01
146.000      9.59020e+00
147.000      9.21200e+00
148.000      8.88362e+00
149.000      8.60481e+00
150.000      8.36730e+00
151.000      8.15512e+00
152.000      7.94693e+00
153.000      7.71990e+00
154.000      7.45415e+00
155.000      7.13642e+00
156.000      6.76207e+00
157.000      6.33546e+00
158.000      5.86892e+00
159.000      5.38102e+00
160.000      4.89440e+00
161.000      4.43300e+00
162.000      4.01863e+00
163.000      3.66701e+00
164.000      3.38431e+00
165.000      3.16570e+00
166.000      2.99705e+00
167.000      2.85998e+00
168.000      2.73896e+00
169.000      2.62764e+00
170.000      2.53212e+00
171.000      2.46949e+00
172.000      2.46238e+00
173.000      2.53176e+00
174.000      2.69091e+00
175.000      2.94277e+00
176.000      3.28125e+00
177.000      3.69498e+00
178.000      4.17154e+00
179.000      4.69999e+00
180.000      5.27098e+00
181.000      5.87510e+00
182.000      6.50095e+00
183.000      7.13451e+00
184.000      7.76036e+00
185.000      8.36428e+00
186.000      8.93590e+00
187.000      9.47010e+00
188.000      9.96631e+00
189.000      1.04263e+01
190.000      1.08514e+01
191.000      1.12405e+01
192.000      1.15896e+01
193.000      1.18931e+01
194.000      1.21460e+01
195.000      1.23457e+01
196.000      1.24939e+01
197.000      1.25969e+01
198.000      1.26661e+01
199.000      1.27174e+01
200.000      1.27702e+01
201.000      1.28451e+01
202.000      1.29600e+01
203.000      1.31255e+01
204.000      1.33401e+01
205.000      1.35881e+01
206.000      1.38404e+01
207.000      1.40599e+01
208.000      1.42098e+01
209.000      1.42623e+01
210.000      1.42062e+01
211.000      1.40503e+01
212.000      1.38222e+01
213.000      1.35632e+01
214.000      1.33188e+01
215.000      1.31297e+01
216.000      1.30224e+01
217.000      1.30042e+01
218.000      1.30634e+01
219.000      1.31747e+01
220.000      1.33095e+01
221.000      1.34473e+01
222.000      1.35835e+01
223.000      1.37310e+01
224.000      1.39145e+01
225.000      1.41593e+01
226.000      1.44784e+01
227.000      1.48645e+01
228.000      1.52886e+01
229.000      1.57061e+01
230.000      1.60678e+01
231.000      1.63313e+01
232.000      1.64687e+01
233.000      1.64681e+01
234.000      1.63316e+01
235.000      1.60687e+01
236.000      1.56918e+01
237.000      1.52142e+01
238.000      1.46503e+01
239.000      1.40197e+01
240.000      1.33506e+01
241.000      1.26807e+01
242.000      1.20550e+01
243.000      1.15202e+01
244.000      1.11152e+01
245.000      1.08629e+01
246.000      1.07634e+01
247.000      1.07929e+01
248.000      1.09075e+01
249.000      1.10519e+01
250.000      1.11699e+01
251.000      1.12136e+01
252.000      1.11504e+01
253.000      1.09646e+01
254.000      1.06567e+01
255.000      1.02405e+01
256.000      9.74020e+00
257.000      9.18778e+00
258.000      8.62019e+00
259.000      8.07623e+00
260.000      7.59199e+00
261.000      7.19544e+00
262.000      6.90113e+00
263.000      6.70652e+00
264.000      6.59142e+00
265.000      6.52101e+00
266.000      6.45201e+00
267.000      6.34084e+00
268.000      6.15154e+00
269.000      5.86184e+00
270.000      5.46604e+00
271.000      4.97441e+00
272.000      4.40992e+00
273.000      3.80356e+00
274.000      3.18945e+00
275.000      2.60080e+00
276.000      2.06696e+00
277.000      1.61161e+00
278.000      1.25156e+00
279.000      9.96276e-01
280.000      8.47699e-01
281.000      8.00673e-01
282.000      8.44003e-01
283.000      9.62331e-01
284.000      1.13881e+00
285.000      1.35827e+00
286.000      1.61023e+00
287.000      1.89075e+00
288.000      2.20246e+00
289.000      2.55218e+00
290.000      2.94658e+00
291.000      3.38691e+00
292.000      3.86425e+00
293.000      4.35693e+00
294.000      4.83114e+00
295.000      5.24505e+00
296.000      5.55609e+00
297.000      5.72970e+00
298.000      5.74757e+00
299.000      5.61297e+00
300.000      5.35157e+00
301.000      5.00695e+00
302.000      4.63213e+00
303.000      4.27916e+00
304.000      3.99005e+00
305.000      3.79141e+00
306.000      3.69400e+00
307.000      3.69632e+00
308.000      3.79011e+00
309.000      3.96481e+00
310.000      4.20945e+00
311.000      4.51186e+00
312.000      4.85713e+00
313.000      5.22734e+00
314.000      5.60442e+00
315.000      5.97549e+00
316.000      6.33896e+00
317.000      6.70837e+00
318.000      7.11203e+00
319.000      7.58775e+00
320.000      8.17396e+00
321.000      8.89981e+00
322.000      9.77711e+00
323.000      1.07964e+01
324.000      1.19281e+01
325.000      1.31284e+01
326.000      1.43473e+01
327.000      1.55377e+01
328.000      1.66619e+01
329.000      1.76946e+01
330.000      1.86235e+01
331.000      1.94470e+01
332.000      2.01707e+01
333.000      2.08048e+01
334.000      2.13622e+01
335.000      2.18567e+01
336.000      2.23014e+01
337.000      2.27075e+01
338.000      2.30822e+01
339.000      2.34273e+01
340.000      2.37383e+01
341.000      2.40049e+01
342.000      2.42115e+01
343.000      2.43383e+01
344.000      2.43629e+01
345.000      2.42614e+01
346.000      2.40115e+01
347.000      2.35951e+01
348.000      2.30028e+01
349.000      2.22371e+01
350.000      2.13158e+01
351.000      2.02713e+01
352.000      1.91492e+01
353.000      1.80022e+01
354.000      1.68832e+01
355.000      1.58370e+01
356.000      1.48925e+01
357.000      1.40592e+01
358.000      1.33267e+01
359.000      1.26700e+01
360.000      1.20581e+01
361.000      1.14635e+01
362.000      1.08702e+01
363.000      1.02773e+01
364.000      9.69717e+00
365.000      9.14848e+00
366.000      8.64756e+00
367.000      8.20034e+00
368.000      7.79856e+00
369.000      7.42151e+00
370.000      7.04273e+00
371.000      6.63947e+00
372.000      6.20140e+00
373.000      5.73572e+00
374.000      5.26725e+00
375.000      4.83394e+00
376.000      4.47974e+00
377.000      4.24711e+00
378.000      4.17111e+00
379.000      4.27572e+00
380.000      4.57172e+00
381.000      5.05531e+00
382.000      5.70659e+00
383.000      6.48818e+00
384.000      7.34492e+00
385.000      8.20604e+00
386.000      8.99090e+00
387.000      9.61812e+00
388.000      1.00170e+01
389.000      1.01385e+01
390.000      9.96393e+00
391.000      9.50741e+00
392.000      8.81334e+00
393.000      7.94776e+00
394.000      6.98642e+00
395.000      6.00255e+00
396.000      5.05696e+00
397.000      4.19270e+00
398.000      3.43462e+00
399.000      2.79275e+00
400.000      2.26750e+00
401.000      1.85433e+00
402.000      1.54634e+00
403.000      1.33432e+00
404.000      1.20539e+00
405.000      1.14159e+00
406.000      1.11995e+00
407.000      1.11482e+00
408.000      1.10193e+00
409.000      1.06288e+00
410.000      9.88433e-01
411.000      8.79424e-01
412.000      7.45101e-01
413.000      5.99520e-01
414.000      4.57369e-01
415.000      3.30522e-01
416.000      2.26138e-01
417.000      1.46437e-01
418.000      8.97327e-02
419.000      5.20274e-02
420.000      2.85409e-02
421.000      1.48130e-02
422.000      7.27354e-03
423.000      3.37889e-03
424.000      1.48499e-03
425.000      6.17441e-04
426.000      2.42876e-04
427.000      9.03842e-05
428.000      3.18213e-05
429.000      1.05989e-05
430.000      3.33983e-06
431.000      9.95642e-07
432.000      2.80802e-07
433.000      7.49230e-08
434.000      1.89124e-08
435.000      4.51645e-09
436.000      1.02039e-09
437.000      2.18097e-10
438.000      4.41014e-11
439.000      8.43669e-12
440.000      1.52690e-12
441.000      2.61436e-13
442.000      4.23486e-14
443.000      6.48977e-15
444.000      9.40887e-16
445.000      1.29052e-16
446.000      1.67458e-17
447.000      2.05574e-18
448.000      2.38752e-19
449.000      2.62327e-20
450.000      2.72682e-21
451.000      2.68156e-22
452.000      2.49481e-23
453.000      2.19586e-24
454.000      1.82847e-25
455.000      1.44042e-26
456.000      1.07352e-27
457.000      7.56914e-29
458.000      5.04895e-30
459.000      3.18620e-31
460.000      1.90223e-32
461.000      1.07441e-33
462.000      5.74111e-35
463.000      2.90227e-36
464.000      1.38803e-37
465.000      6.28025e-39
466.000      2.68827e-40
467.000      1.08864e-41
468.000      4.17077e-43
469.000      1.51169e-44
470.000      5.18358e-46
471.000      1.68156e-47
472.000      5.16077e-49
473.000      1.49842e-50
474.000      4.11594e-52
475.000      1.06960e-53
476.000      2.62963e-55
477.000      6.11623e-57
478.000      1.34583e-58
479.000      2.80166e-60
480.000      5.51768e-62
481.000      1.02805e-63
482.000      1.81215e-65
483.000      3.02195e-67
484.000      4.76760e-69
485.000      7.11590e-71
486.000      1.00479e-72
487.000      1.34228e-74
488.000      1.69639e-76
489.000      2.02827e-78
490.000      2.29426e-80
491.000      2.45515e-82
492.000      2.48560e-84
493.000      2.38069e-86
494.000      2.15720e-88
495.000      1.84925e-90
496.000      1.49975e-92
497.000      1.15070e-94
498.000      8.35256e-97
499.000      5.73583e-99
500.000     3.72640e-101
