# Gaussian folded, width=10 cm^-1
# [cm^-1] arbitrary
0.000      3.00000e+00
1.000      2.91796e+00
2.000      2.68508e+00
3.000      2.33749e+00
4.000      1.92514e+00
5.000      1.50000e+00
6.000      1.10570e+00
7.000      7.71085e-01
8.000      5.08727e-01
9.000      3.17530e-01
10.000      1.87501e-01
11.000      1.04750e-01
12.000      5.53721e-02
13.000      2.77212e-02
14.000      1.32189e-02
15.000      6.21854e-03
16.000      3.45276e-03
17.000      3.48551e-03
18.000      6.42761e-03
19.000      1.40547e-02
20.000      3.03811e-02
21.000      6.26494e-02
22.000      1.22539e-01
23.000      2.27148e-01
24.000      3.99016e-01
25.000      6.64261e-01
26.000      1.04805e+00
27.000      1.56729e+00
28.000      2.22161e+00
29.000      2.98516e+00
30.000      3.80254e+00
31.000      4.59211e+00
32.000      5.25784e+00
33.000      5.70795e+00
34.000      5.87561e+00
35.000      5.73514e+00
36.000      5.30858e+00
37.000      4.66007e+00
38.000      3.88040e+00
39.000      3.06676e+00
40.000      2.30436e+00
41.000      1.65471e+00
42.000      1.15275e+00
43.000      8.11476e-01
44.000      6.30760e-01
45.000      6.06414e-01
46.000      7.36107e-01
47.000      1.02034e+00
48.000      1.45834e+00
49.000      2.04047e+00
50.000      2.73993e+00
51.000      3.50731e+00
52.000      4.27102e+00
53.000      4.94514e+00
54.000      5.44373e+00
55.000      5.69808e+00
56.000      5.67190e+00
57.000      5.36972e+00
58.000      4.83573e+00
59.000      4.14355e+00
60.000      3.38047e+00
61.000      2.63092e+00
62.000      1.96390e+00
63.000      1.42701e+00
64.000      1.04724e+00
65.000      8.36369e-01
66.000      7.97653e-01
67.000      9.30740e-01
68.000      1.23269e+00
69.000      1.69495e+00
70.000      2.29777e+00
71.000      3.00521e+00
72.000      3.76378e+00
73.000      4.50735e+00
74.000      5.16835e+00
75.000      5.69319e+00
76.000      6.05725e+00
77.000      6.27452e+00
78.000      6.39787e+00
79.000      6.50913e+00
80.000      6.70120e+00
81.000      7.05713e+00
82.000      7.63205e+00
83.000      8.44240e+00
84.000      9.46455e+00
85.000      1.06415e+01
86.000      1.18949e+01
87.000      1.31372e+01
88.000      1.42827e+01
89.000      1.52548e+01
90.000      1.59904e+01
91.000      1.64433e+01
92.000      1.65873e+01
93.000      1.64189e+01
94.000      1.59588e+01
95.000      1.52501e+01
96.000      1.43538e+01
97.000      1.33404e+01
98.000      1.22810e+01
99.000      1.12401e+01
100.000      1.02717e+01
101.000      9.41988e+00
102.000      8.72261e+00
103.000      8.21666e+00
104.000      7.94040e+00
105.000      7.93298e+00
106.000      8.22909e+00
107.000      8.85009e+00
108.000      9.79396e+00
109.000      1.10269e+01
110.000      1.24798e+01
111.000      1.40519e+01
112.000      1.56219e+01
113.000      1.70653e+01
114.000      1.82733e+01
115.000      1.91695e+01
116.000      1.97193e+01
117.000      1.99304e+01
118.000      1.98451e+01
119.000      1.95265e+01
120.000      1.90447e+01
121.000      1.84640e+01
122.000      1.78358e+01
123.000      1.71968e+01
124.000      1.65718e+01
125.000      1.59780e+01
126.000      1.54300e+01
127.000      1.49409e+01
128.000      1.45216e+01
129.000      1.41765e+01
130.000      1.38994e+01
131.000      1.36711e+01
132.000      1.34613e+01
133.000      1.32342e+01
134.000      1.29558e+01
135.000      1.26016e+01
136.000      1.21614e+01
137.000      1.16398e+01
138.000      1.10533e+01
139.000      1.04257e+01
140.000      9.78285e+00
141.000      9.14880e+00
142.000      8.54433e+00
143.000      7.98612e+00
144.000      7.48629e+00
145.000      7.05153e+00
146.000      6.68195e+00
147.000      6.37040e+00
148.000      6.10338e+00
149.000      5.86365e+00
150.000      5.63400e+00
151.000      5.40070e+00
152.000      5.15511e+00
153.000      4.89309e+00
154.000      4.61267e+00
155.000      4.31163e+00
156.000      3.98672e+00
157.000      3.63508e+00
158.000      3.25761e+00
159.000      2.86267e+00
160.000      2.46841e+00
161.000      2.10260e+00
162.000      1.79959e+00
163.000      1.59537e+00
164.000      1.52179e+00
165.000      1.60121e+00
166.000      1.84283e+00
167.000      2.24113e+00
168.000      2.77680e+00
169.000      3.42008e+00
170.000      4.13577e+00
171.000      4.88879e+00
172.000      5.64898e+00
173.000      6.39402e+00
174.000      7.10998e+00
175.000      7.78996e+00
176.000      8.43167e+00
177.000      9.03503e+00
178.000      9.60060e+00
179.000      1.01289e+01
180.000      1.06209e+01
181.000      1.10781e+01
182.000      1.15041e+01
183.000      1.19043e+01
184.000      1.22865e+01
185.000      1.26606e+01
186.000      1.30375e+01
187.000      1.34277e+01
188.000      1.38402e+01
189.000      1.42800e+01
190.000      1.47464e+01
191.000      1.52322e+01
192.000      1.57242e+01
193.000      1.62052e+01
194.000      1.66583e+01
195.000      1.70714e+01
196.000      1.74417e+01
197.000      1.77778e+01
198.000      1.80982e+01
199.000      1.84265e+01
200.000      1.87837e+01
201.000      1.91799e+01
202.000      1.96073e+01
203.000      2.00385e+01
204.000      2.04303e+01
205.000      2.07327e+01
206.000      2.09009e+01
207.000      2.09056e+01
208.000      2.07397e+01
209.000      2.04174e+01
210.000      1.99673e+01
211.000      1.94229e+01
212.000      1.88129e+01
213.000      1.81565e+01
214.000      1.74646e+01
215.000      1.67462e+01
216.000      1.60163e+01
217.000      1.53013e+01
218.000      1.46395e+01
219.000      1.40737e+01
220.000      1.36413e+01
221.000      1.33625e+01
222.000      1.32347e+01
223.000      1.32342e+01
224.000      1.33250e+01
225.000      1.34736e+01
226.000      1.36621e+01
227.000      1.38961e+01
228.000      1.42032e+01
229.000      1.46220e+01
230.000      1.51857e+01
231.000      1.59059e+01
232.000      1.67616e+01
233.000      1.76992e+01
234.000      1.86415e+01
235.000      1.95048e+01
236.000      2.02172e+01
237.000      2.07330e+01
238.000      2.10393e+01
239.000      2.11536e+01
240.000      2.11149e+01
241.000      2.09726e+01
242.000      2.07771e+01
243.000      2.05744e+01
244.000      2.04034e+01
245.000      2.02942e+01
246.000      2.02639e+01
247.000      2.03108e+01
248.000      2.04077e+01
249.000      2.04993e+01
250.000      2.05071e+01
251.000      2.03418e+01
252.000      1.99226e+01
253.000      1.91954e+01
254.000      1.81481e+01
255.000      1.68145e+01
256.000      1.52702e+01
257.000      1.36180e+01
258.000      1.19706e+01
259.000      1.04324e+01
260.000      9.08510e+00
261.000      7.97966e+00
262.000      7.13364e+00
263.000      6.53417e+00
264.000      6.14421e+00
265.000      5.91078e+00
266.000      5.77416e+00
267.000      5.67752e+00
268.000      5.57655e+00
269.000      5.44799e+00
270.000      5.29533e+00
271.000      5.14947e+00
272.000      5.06263e+00
273.000      5.09562e+00
274.000      5.30069e+00
275.000      5.70436e+00
276.000      6.29504e+00
277.000      7.01940e+00
278.000      7.78908e+00
279.000      8.49621e+00
280.000      9.03381e+00
281.000      9.31598e+00
282.000      9.29327e+00
283.000      8.96024e+00
284.000      8.35442e+00
285.000      7.54804e+00
286.000      6.63484e+00
287.000      5.71484e+00
288.000      4.87956e+00
289.000      4.19954e+00
290.000      3.71587e+00
291.000      3.43667e+00
292.000      3.33918e+00
293.000      3.37719e+00
294.000      3.49249e+00
295.000      3.62766e+00
296.000      3.73728e+00
297.000      3.79485e+00
298.000      3.79366e+00
299.000      3.74228e+00
300.000      3.65638e+00
301.000      3.55020e+00
302.000      3.43046e+00
303.000      3.29466e+00
304.000      3.13410e+00
305.000      2.94009e+00
306.000      2.71088e+00
307.000      2.45662e+00
308.000      2.20042e+00
309.000      1.97510e+00
310.000      1.81667e+00
311.000      1.75678e+00
312.000      1.81628e+00
313.000      2.00154e+00
314.000      2.30428e+00
315.000      2.70427e+00
316.000      3.17384e+00
317.000      3.68289e+00
318.000      4.20324e+00
319.000      4.71182e+00
320.000      5.19261e+00
321.000      5.63733e+00
322.000      6.04527e+00
323.000      6.42265e+00
324.000      6.78158e+00
325.000      7.13901e+00
326.000      7.51558e+00
327.000      7.93428e+00
328.000      8.41846e+00
329.000      8.98897e+00
330.000      9.66022e+00
331.000      1.04356e+01
332.000      1.13036e+01
333.000      1.22353e+01
334.000      1.31855e+01
335.000      1.40972e+01
336.000      1.49095e+01
337.000      1.55674e+01
338.000      1.60298e+01
339.000      1.62750e+01
340.000      1.63001e+01
341.000      1.61158e+01
342.000      1.57391e+01
343.000      1.51865e+01
344.000      1.44717e+01
345.000      1.36073e+01
346.000      1.26101e+01
347.000      1.15080e+01
348.000      1.03435e+01
349.000      9.17466e+00
350.000      8.06990e+00
351.000      7.10013e+00
352.000      6.32861e+00
353.000      5.80116e+00
354.000      5.53846e+00
355.000      5.53183e+00
356.000      5.74345e+00
357.000      6.11106e+00
358.000      6.55661e+00
359.000      6.99759e+00
360.000      7.35909e+00
361.000      7.58439e+00
362.000      7.64213e+00
363.000      7.52869e+00
364.000      7.26548e+00
365.000      6.89207e+00
366.000      6.45685e+00
367.000      6.00736e+00
368.000      5.58228e+00
369.000      5.20637e+00
370.000      4.88899e+00
371.000      4.62616e+00
372.000      4.40518e+00
373.000      4.21065e+00
374.000      4.03025e+00
375.000      3.85874e+00
376.000      3.69918e+00
377.000      3.56128e+00
378.000      3.45767e+00
379.000      3.39952e+00
380.000      3.39284e+00
381.000      3.43632e+00
382.000      3.52064e+00
383.000      3.62905e+00
384.000      3.73861e+00
385.000      3.82223e+00
386.000      3.85174e+00
387.000      3.80204e+00
388.000      3.65590e+00
389.000      3.40821e+00
390.000      3.06822e+00
391.000      2.65866e+00
392.000      2.21166e+00
393.000      1.76256e+00
394.000      1.34344e+00
395.000      9.78069e-01
396.000      6.79401e-01
397.000      4.49886e-01
398.000      2.83773e-01
399.000      1.70391e-01
400.000      9.73369e-02
401.000      5.28726e-02
402.000      2.72958e-02
403.000      1.33869e-02
404.000      6.23444e-03
405.000      2.75604e-03
406.000      1.15608e-03
407.000      4.60004e-04
408.000      1.73571e-04
409.000      6.20892e-05
410.000      2.10509e-05
411.000      6.76312e-06
412.000      2.05853e-06
413.000      5.93502e-07
414.000      1.62061e-07
415.000      4.19045e-08
416.000      1.02593e-08
417.000      2.37797e-09
418.000      5.21772e-10
419.000      1.08369e-10
420.000      2.13036e-11
421.000      3.96364e-12
422.000      6.97917e-13
423.000      1.16295e-13
424.000      1.83380e-14
425.000      2.73627e-15
426.000      3.86338e-16
427.000      5.16138e-17
428.000      6.52448e-18
429.000      7.80365e-19
430.000      8.83110e-20
431.000      9.45561e-21
432.000      9.57893e-22
433.000      9.18105e-23
434.000      8.32552e-24
435.000      7.14283e-25
436.000      5.79784e-26
437.000      4.45243e-27
438.000      3.23489e-28
439.000      2.22357e-29
440.000      1.44601e-30
441.000      8.89650e-32
442.000      5.17836e-33
443.000      2.85161e-34
444.000      1.48563e-35
445.000      7.32241e-37
446.000      3.41444e-38
447.000      1.50628e-39
448.000      6.28659e-41
449.000      2.48224e-42
450.000      9.27239e-44
451.000      3.27688e-45
452.000      1.09559e-46
453.000      3.46541e-48
454.000      1.03700e-49
455.000      2.93578e-51
456.000      7.86298e-53
457.000      1.99236e-54
458.000      4.77605e-56
459.000      1.08314e-57
460.000      2.32393e-59
461.000      4.71712e-61
462.000      9.05836e-63
463.000      1.64566e-64
464.000      2.82845e-66
465.000      4.59911e-68
466.000      7.07486e-70
467.000      1.02963e-71
468.000      1.41762e-73
469.000      1.84653e-75
470.000      2.27547e-77
471.000      2.65280e-79
472.000      2.92586e-81
473.000      3.05297e-83
474.000      3.01375e-85
475.000      2.81456e-87
476.000      2.48675e-89
477.000      2.07860e-91
478.000      1.64372e-93
479.000      1.22971e-95
480.000      8.70347e-98
481.000     5.82776e-100
482.000     3.69172e-102
483.000     2.21245e-104
484.000     1.25440e-106
485.000     6.72844e-109
486.000     3.41438e-111
487.000     1.63918e-113
488.000     7.44491e-116
489.000     3.19896e-118
490.000     1.30040e-120
491.000     5.00106e-123
492.000     1.81956e-125
493.000     6.26305e-128
494.000     2.03950e-130
495.000     6.28318e-133
496.000     1.83127e-135
497.000     5.04945e-138
498.000     1.31720e-140
499.000     3.25071e-143
500.000     7.58966e-146
