# Gaussian folded, width=10 cm^-1
# [cm^-1] arbitrary
0.000      3.00000e+00
1.000      2.91796e+00
2.000      2.68508e+00
3.000      2.33749e+00
4.000      1.92514e+00
5.000      1.50000e+00
6.000      1.10570e+00
7.000      7.71085e-01
8.000      5.08727e-01
9.000      3.17529e-01
10.000      1.87500e-01
11.000      1.04746e-01
12.000      5.53590e-02
13.000      2.76795e-02
14.000      1.30933e-02
15.000      5.85980e-03
16.000      2.48225e-03
17.000      9.99017e-04
18.000      3.94336e-04
19.000      1.90625e-04
20.000      2.10314e-04
21.000      4.75525e-04
22.000      1.22727e-03
23.000      3.07550e-03
24.000      7.32382e-03
25.000      1.65331e-02
26.000      3.53739e-02
27.000      7.17404e-02
28.000      1.37927e-01
29.000      2.51417e-01
30.000      4.34574e-01
31.000      7.12398e-01
32.000      1.10774e+00
33.000      1.63413e+00
34.000      2.28738e+00
35.000      3.03859e+00
36.000      3.83150e+00
37.000      4.58675e+00
38.000      5.21388e+00
39.000      5.62877e+00
40.000      5.77215e+00
41.000      5.62343e+00
42.000      5.20558e+00
43.000      4.57927e+00
44.000      3.82850e+00
45.000      3.04231e+00
46.000      2.29798e+00
47.000      1.64995e+00
48.000      1.12615e+00
49.000      7.30764e-01
50.000      4.51142e-01
51.000      2.65807e-01
52.000      1.51524e-01
53.000      8.82668e-02
54.000      6.20857e-02
55.000      6.64185e-02
56.000      1.02519e-01
57.000      1.79380e-01
58.000      3.13045e-01
59.000      5.24799e-01
60.000      8.37557e-01
61.000      1.27010e+00
62.000      1.82962e+00
63.000      2.50404e+00
64.000      3.25673e+00
65.000      4.02613e+00
66.000      4.73218e+00
67.000      5.28932e+00
68.000      5.62324e+00
69.000      5.68718e+00
70.000      5.47258e+00
71.000      5.01107e+00
72.000      4.36705e+00
73.000      3.62352e+00
74.000      2.86553e+00
75.000      2.16615e+00
76.000      1.57809e+00
77.000      1.13215e+00
78.000      8.41054e-01
79.000      7.05848e-01
80.000      7.21893e-01
81.000      8.82107e-01
82.000      1.17664e+00
83.000      1.58979e+00
84.000      2.09602e+00
85.000      2.65772e+00
86.000      3.22644e+00
87.000      3.74838e+00
88.000      4.17294e+00
89.000      4.46198e+00
90.000      4.59701e+00
91.000      4.58205e+00
92.000      4.44194e+00
93.000      4.21719e+00
94.000      3.95751e+00
95.000      3.71605e+00
96.000      3.54537e+00
97.000      3.49467e+00
98.000      3.60695e+00
99.000      3.91500e+00
100.000      4.43580e+00
101.000      5.16488e+00
102.000      6.07293e+00
103.000      7.10724e+00
104.000      8.19912e+00
105.000      9.27628e+00
106.000      1.02768e+01
107.000      1.11601e+01
108.000      1.19109e+01
109.000      1.25350e+01
110.000      1.30470e+01
111.000      1.34565e+01
112.000      1.37570e+01
113.000      1.39219e+01
114.000      1.39105e+01
115.000      1.36799e+01
116.000      1.32003e+01
117.000      1.24672e+01
118.000      1.15076e+01
119.000      1.03794e+01
120.000      9.16388e+00
121.000      7.95524e+00
122.000      6.84927e+00
123.000      5.93318e+00
124.000      5.27784e+00
125.000      4.93267e+00
126.000      4.92256e+00
127.000      5.24649e+00
128.000      5.87778e+00
129.000      6.76640e+00
130.000      7.84433e+00
131.000      9.03376e+00
132.000      1.02572e+01
133.000      1.14471e+01
134.000      1.25509e+01
135.000      1.35320e+01
136.000      1.43638e+01
137.000      1.50231e+01
138.000      1.54852e+01
139.000      1.57244e+01
140.000      1.57208e+01
141.000      1.54699e+01
142.000      1.49912e+01
143.000      1.43306e+01
144.000      1.35568e+01
145.000      1.27506e+01
146.000      1.19916e+01
147.000      1.13464e+01
148.000      1.08584e+01
149.000      1.05442e+01
150.000      1.03937e+01
151.000      1.03750e+01
152.000      1.04430e+01
153.000      1.05495e+01
154.000      1.06532e+01
155.000      1.07281e+01
156.000      1.07664e+01
157.000      1.07773e+01
158.000      1.07795e+01
159.000      1.07922e+01
160.000      1.08255e+01
161.000      1.08743e+01
162.000      1.09165e+01
163.000      1.09160e+01
164.000      1.08296e+01
165.000      1.06154e+01
166.000      1.02408e+01
167.000      9.68972e+00
168.000      8.96629e+00
169.000      8.09598e+00
170.000      7.12298e+00
171.000      6.10462e+00
172.000      5.10387e+00
173.000      4.18152e+00
174.000      3.38952e+00
175.000      2.76639e+00
176.000      2.33522e+00
177.000      2.10382e+00
178.000      2.06647e+00
179.000      2.20664e+00
180.000      2.50016e+00
181.000      2.91821e+00
182.000      3.42974e+00
183.000      4.00323e+00
184.000      4.60765e+00
185.000      5.21286e+00
186.000      5.78986e+00
187.000      6.31103e+00
188.000      6.75037e+00
189.000      7.08390e+00
190.000      7.29024e+00
191.000      7.35169e+00
192.000      7.25639e+00
193.000      7.00134e+00
194.000      6.59598e+00
195.000      6.06485e+00
196.000      5.44762e+00
197.000      4.79544e+00
198.000      4.16351e+00
199.000      3.60141e+00
200.000      3.14391e+00
201.000      2.80516e+00
202.000      2.57794e+00
203.000      2.43833e+00
204.000      2.35385e+00
205.000      2.29261e+00
206.000      2.23032e+00
207.000      2.15360e+00
208.000      2.05908e+00
209.000      1.94951e+00
210.000      1.82909e+00
211.000      1.69996e+00
212.000      1.56114e+00
213.000      1.40996e+00
214.000      1.24471e+00
215.000      1.06705e+00
216.000      8.82907e-01
217.000      7.01496e-01
218.000      5.33020e-01
219.000      3.86127e-01
220.000      2.66075e-01
221.000      1.74124e-01
222.000      1.08092e-01
223.000      6.36001e-02
224.000      3.54492e-02
225.000      1.87097e-02
226.000      9.34805e-03
227.000      4.42064e-03
228.000      1.97834e-03
229.000      8.37773e-04
230.000      3.35688e-04
231.000      1.27265e-04
232.000      4.56491e-05
233.000      1.54916e-05
234.000      4.97384e-06
235.000      1.51083e-06
236.000      4.34177e-07
237.000      1.18043e-07
238.000      3.03624e-08
239.000      7.38840e-09
240.000      1.70092e-09
241.000      3.70458e-10
242.000      7.63327e-11
243.000      1.48799e-11
244.000      2.74419e-12
245.000      4.79007e-13
246.000      8.06901e-14
247.000      2.38455e-14
248.000      7.71537e-14
249.000      4.66899e-13
250.000      2.73481e-12
251.000      1.51627e-11
252.000      7.95341e-11
253.000      3.94685e-10
254.000      1.85297e-09
255.000      8.23013e-09
256.000      3.45834e-08
257.000      1.37483e-07
258.000      5.17080e-07
259.000      1.83989e-06
260.000      6.19372e-06
261.000      1.97263e-05
262.000      5.94395e-05
263.000      1.69453e-04
264.000      4.57068e-04
265.000      1.16650e-03
266.000      2.81697e-03
267.000      6.43741e-03
268.000      1.39226e-02
269.000      2.85022e-02
270.000      5.52455e-02
271.000      1.01421e-01
272.000      1.76439e-01
273.000      2.91091e-01
274.000      4.55929e-01
275.000      6.79013e-01
276.000      9.63648e-01
277.000      1.30716e+00
278.000      1.70154e+00
279.000      2.13631e+00
280.000      2.60239e+00
281.000      3.09521e+00
282.000      3.61448e+00
283.000      4.15973e+00
284.000      4.72252e+00
285.000      5.27910e+00
286.000      5.78796e+00
287.000      6.19601e+00
288.000      6.45337e+00
289.000      6.53281e+00
290.000      6.44706e+00
291.000      6.25677e+00
292.000      6.06504e+00
293.000      5.99874e+00
294.000      6.18148e+00
295.000      6.70555e+00
296.000      7.61024e+00
297.000      8.87139e+00
298.000      1.04038e+01
299.000      1.20745e+01
300.000      1.37229e+01
301.000      1.51834e+01
302.000      1.63069e+01
303.000      1.69793e+01
304.000      1.71367e+01
305.000      1.67754e+01
306.000      1.59574e+01
307.000      1.48070e+01
308.000      1.34976e+01
309.000      1.22273e+01
310.000      1.11869e+01
311.000      1.05247e+01
312.000      1.03172e+01
313.000      1.05533e+01
314.000      1.11363e+01
315.000      1.19047e+01
316.000      1.26696e+01
317.000      1.32580e+01
318.000      1.35559e+01
319.000      1.35384e+01
320.000      1.32826e+01
321.000      1.29581e+01
322.000      1.27983e+01
323.000      1.30571e+01
324.000      1.39600e+01
325.000      1.56600e+01
326.000      1.82040e+01
327.000      2.15181e+01
328.000      2.54118e+01
329.000      2.96030e+01
330.000      3.37575e+01
331.000      3.75371e+01
332.000      4.06480e+01
333.000      4.28783e+01
334.000      4.41195e+01
335.000      4.43691e+01
336.000      4.37155e+01
337.000      4.23141e+01
338.000      4.03582e+01
339.000      3.80535e+01
340.000      3.55975e+01
341.000      3.31659e+01
342.000      3.09054e+01
343.000      2.89336e+01
344.000      2.73421e+01
345.000      2.62012e+01
346.000      2.55617e+01
347.000      2.54501e+01
348.000      2.58578e+01
349.000      2.67282e+01
350.000      2.79484e+01
351.000      2.93524e+01
352.000      3.07390e+01
353.000      3.19015e+01
354.000      3.26616e+01
355.000      3.28966e+01
356.000      3.25538e+01
357.000      3.16482e+01
358.000      3.02475e+01
359.000      2.84511e+01
360.000      2.63709e+01
361.000      2.41170e+01
362.000      2.17906e+01
363.000      1.94815e+01
364.000      1.72668e+01
365.000      1.52089e+01
366.000      1.33528e+01
367.000      1.17223e+01
368.000      1.03195e+01
369.000      9.12732e+00
370.000      8.11626e+00
371.000      7.25370e+00
372.000      6.51316e+00
373.000      5.88109e+00
374.000      5.35964e+00
375.000      4.96539e+00
376.000      4.72552e+00
377.000      4.67338e+00
378.000      4.84458e+00
379.000      5.27385e+00
380.000      5.99134e+00
381.000      7.01665e+00
382.000      8.35008e+00
383.000      9.96273e+00
384.000      1.17894e+01
385.000      1.37293e+01
386.000      1.56571e+01
387.000      1.74440e+01
388.000      1.89829e+01
389.000      2.02090e+01
390.000      2.11077e+01
391.000      2.17070e+01
392.000      2.20576e+01
393.000      2.22069e+01
394.000      2.21798e+01
395.000      2.19693e+01
396.000      2.15426e+01
397.000      2.08563e+01
398.000      1.98760e+01
399.000      1.85929e+01
400.000      1.70328e+01
401.000      1.52561e+01
402.000      1.33492e+01
403.000      1.14125e+01
404.000      9.54547e+00
405.000      7.83431e+00
406.000      6.34334e+00
407.000      5.11056e+00
408.000      4.14738e+00
409.000      3.44166e+00
410.000      2.96265e+00
411.000      2.66722e+00
412.000      2.50654e+00
413.000      2.43271e+00
414.000      2.40464e+00
415.000      2.39201e+00
416.000      2.37691e+00
417.000      2.35253e+00
418.000      2.31965e+00
419.000      2.28205e+00
420.000      2.24219e+00
421.000      2.19867e+00
422.000      2.14577e+00
423.000      2.07510e+00
424.000      1.97865e+00
425.000      1.85208e+00
426.000      1.69727e+00
427.000      1.52337e+00
428.000      1.34579e+00
429.000      1.18338e+00
430.000      1.05412e+00
431.000      9.70669e-01
432.000      9.36726e-01
433.000      9.45546e-01
434.000      9.81081e-01
435.000      1.02165e+00
436.000      1.04519e+00
437.000      1.03451e+00
438.000      9.81166e-01
439.000      8.86656e-01
440.000      7.61002e-01
441.000      6.19247e-01
442.000      4.77273e-01
443.000      3.48229e-01
444.000      2.40454e-01
445.000      1.57108e-01
446.000      9.71241e-02
447.000      5.68065e-02
448.000      3.14340e-02
449.000      1.64561e-02
450.000      8.15034e-03
451.000      3.81895e-03
452.000      1.69290e-03
453.000      7.09964e-04
454.000      2.81683e-04
455.000      1.05731e-04
456.000      3.75457e-05
457.000      1.26135e-05
458.000      4.00895e-06
459.000      1.20543e-06
460.000      3.42904e-07
461.000      9.22824e-08
462.000      2.34954e-08
463.000      5.65934e-09
464.000      1.28963e-09
465.000      2.78024e-10
466.000      5.67046e-11
467.000      1.09413e-11
468.000      1.99729e-12
469.000      3.44928e-13
470.000      5.63552e-14
471.000      8.71078e-15
472.000      1.27379e-15
473.000      1.76220e-16
474.000      2.30639e-17
475.000      2.85578e-18
476.000      3.34531e-19
477.000      3.70736e-20
478.000      3.88697e-21
479.000      3.85545e-22
480.000      3.61790e-23
481.000      3.21185e-24
482.000      2.69757e-25
483.000      2.14342e-26
484.000      1.61123e-27
485.000      1.14585e-28
486.000      7.70929e-30
487.000      4.90704e-31
488.000      2.95489e-32
489.000      1.68338e-33
490.000      9.07275e-35
491.000      4.62609e-36
492.000      2.23155e-37
493.000      1.01840e-38
494.000      4.39688e-40
495.000      1.79593e-41
496.000      6.93989e-43
497.000      2.53708e-44
498.000      8.77469e-46
499.000      2.87110e-47
500.000      8.88753e-49
