# Gaussian folded, width=10 cm^-1
# [cm^-1] arbitrary
0.000      3.00000e+00
1.000      2.91796e+00
2.000      2.68508e+00
3.000      2.33749e+00
4.000      1.92514e+00
5.000      1.50000e+00
6.000      1.10570e+00
7.000      7.71085e-01
8.000      5.08727e-01
9.000      3.17529e-01
10.000      1.87500e-01
11.000      1.04746e-01
12.000      5.53592e-02
13.000      2.76801e-02
14.000      1.30955e-02
15.000      5.86719e-03
16.000      2.50615e-03
17.000      1.07208e-03
18.000      6.05630e-04
19.000      7.68398e-04
20.000      1.70398e-03
21.000      4.12547e-03
22.000      9.65581e-03
23.000      2.14629e-02
24.000      4.52056e-02
25.000      9.02013e-02
26.000      1.70524e-01
27.000      3.05468e-01
28.000      5.18588e-01
29.000      8.34515e-01
30.000      1.27318e+00
31.000      1.84201e+00
32.000      2.52789e+00
33.000      3.29168e+00
34.000      4.06837e+00
35.000      4.77452e+00
36.000      5.32267e+00
37.000      5.63921e+00
38.000      5.68077e+00
39.000      5.44404e+00
40.000      4.96579e+00
41.000      4.31359e+00
42.000      3.57022e+00
43.000      2.81689e+00
44.000      2.11970e+00
45.000      1.52227e+00
46.000      1.04475e+00
47.000      6.88092e-01
48.000      4.40975e-01
49.000      2.87330e-01
50.000      2.12755e-01
51.000      2.09022e-01
52.000      2.76370e-01
53.000      4.23471e-01
54.000      6.65034e-01
55.000      1.01705e+00
56.000      1.49012e+00
57.000      2.08189e+00
58.000      2.77046e+00
59.000      3.51115e+00
60.000      4.23850e+00
61.000      4.87447e+00
62.000      5.34164e+00
63.000      5.57850e+00
64.000      5.55266e+00
65.000      5.26809e+00
66.000      4.76431e+00
67.000      4.10783e+00
68.000      3.37850e+00
69.000      2.65502e+00
70.000      2.00324e+00
71.000      1.47005e+00
72.000      1.08290e+00
73.000      8.53771e-01
74.000      7.84641e-01
75.000      8.72092e-01
76.000      1.10913e+00
77.000      1.48396e+00
78.000      1.97674e+00
79.000      2.55639e+00
80.000      3.17950e+00
81.000      3.79298e+00
82.000      4.34042e+00
83.000      4.77120e+00
84.000      5.05010e+00
85.000      5.16503e+00
86.000      5.13097e+00
87.000      4.98943e+00
88.000      4.80313e+00
89.000      4.64703e+00
90.000      4.59686e+00
91.000      4.71707e+00
92.000      5.05031e+00
93.000      5.61092e+00
94.000      6.38416e+00
95.000      7.33139e+00
96.000      8.39963e+00
97.000      9.53205e+00
98.000      1.06755e+01
99.000      1.17830e+01
100.000      1.28110e+01
101.000      1.37153e+01
102.000      1.44474e+01
103.000      1.49568e+01
104.000      1.51971e+01
105.000      1.51354e+01
106.000      1.47612e+01
107.000      1.40916e+01
108.000      1.31723e+01
109.000      1.20722e+01
110.000      1.08766e+01
111.000      9.67611e+00
112.000      8.55724e+00
113.000      7.59301e+00
114.000      6.83703e+00
115.000      6.32131e+00
116.000      6.05840e+00
117.000      6.04685e+00
118.000      6.27785e+00
119.000      6.74048e+00
120.000      7.42342e+00
121.000      8.31259e+00
122.000      9.38600e+00
123.000      1.06085e+01
124.000      1.19291e+01
125.000      1.32816e+01
126.000      1.45903e+01
127.000      1.57769e+01
128.000      1.67688e+01
129.000      1.75063e+01
130.000      1.79488e+01
131.000      1.80796e+01
132.000      1.79084e+01
133.000      1.74710e+01
134.000      1.68249e+01
135.000      1.60416e+01
136.000      1.51954e+01
137.000      1.43526e+01
138.000      1.35627e+01
139.000      1.28540e+01
140.000      1.22349e+01
141.000      1.16982e+01
142.000      1.12286e+01
143.000      1.08101e+01
144.000      1.04322e+01
145.000      1.00934e+01
146.000      9.80296e+00
147.000      9.57808e+00
148.000      9.43980e+00
149.000      9.40620e+00
150.000      9.48533e+00
151.000      9.66942e+00
152.000      9.93212e+00
153.000      1.02299e+01
154.000      1.05081e+01
155.000      1.07093e+01
156.000      1.07848e+01
157.000      1.07026e+01
158.000      1.04545e+01
159.000      1.00561e+01
160.000      9.54333e+00
161.000      8.96337e+00
162.000      8.36470e+00
163.000      7.78719e+00
164.000      7.25559e+00
165.000      6.77754e+00
166.000      6.34598e+00
167.000      5.94455e+00
168.000      5.55392e+00
169.000      5.15720e+00
170.000      4.74343e+00
171.000      4.30916e+00
172.000      3.85868e+00
173.000      3.40362e+00
174.000      2.96220e+00
175.000      2.55792e+00
176.000      2.21726e+00
177.000      1.96619e+00
178.000      1.82582e+00
179.000      1.80816e+00
180.000      1.91318e+00
181.000      2.12818e+00
182.000      2.42982e+00
183.000      2.78820e+00
184.000      3.17197e+00
185.000      3.55322e+00
186.000      3.91102e+00
187.000      4.23323e+00
188.000      4.51666e+00
189.000      4.76585e+00
190.000      4.99091e+00
191.000      5.20462e+00
192.000      5.41933e+00
193.000      5.64393e+00
194.000      5.88174e+00
195.000      6.12964e+00
196.000      6.37878e+00
197.000      6.61651e+00
198.000      6.82919e+00
199.000      7.00497e+00
200.000      7.13636e+00
201.000      7.22194e+00
202.000      7.26727e+00
203.000      7.28470e+00
204.000      7.29225e+00
205.000      7.31153e+00
206.000      7.36516e+00
207.000      7.47369e+00
208.000      7.65243e+00
209.000      7.90832e+00
210.000      8.23733e+00
211.000      8.62314e+00
212.000      9.03782e+00
213.000      9.44533e+00
214.000      9.80762e+00
215.000      1.00921e+01
216.000      1.02785e+01
217.000      1.03633e+01
218.000      1.03598e+01
219.000      1.02937e+01
220.000      1.01962e+01
221.000      1.00961e+01
222.000      1.00136e+01
223.000      9.95727e+00
224.000      9.92499e+00
225.000      9.90696e+00
226.000      9.89015e+00
227.000      9.86220e+00
228.000      9.81390e+00
229.000      9.74001e+00
230.000      9.63886e+00
231.000      9.51138e+00
232.000      9.36021e+00
233.000      9.18907e+00
234.000      9.00254e+00
235.000      8.80582e+00
236.000      8.60449e+00
237.000      8.40416e+00
238.000      8.21036e+00
239.000      8.02868e+00
240.000      7.86537e+00
241.000      7.72770e+00
242.000      7.62366e+00
243.000      7.56040e+00
244.000      7.54138e+00
245.000      7.56322e+00
246.000      7.61329e+00
247.000      7.66968e+00
248.000      7.70397e+00
249.000      7.68660e+00
250.000      7.59330e+00
251.000      7.41046e+00
252.000      7.13775e+00
253.000      6.78696e+00
254.000      6.37757e+00
255.000      5.93077e+00
256.000      5.46393e+00
257.000      4.98749e+00
258.000      4.50507e+00
259.000      4.01633e+00
260.000      3.52127e+00
261.000      3.02414e+00
262.000      2.53547e+00
263.000      2.07176e+00
264.000      1.65296e+00
265.000      1.29874e+00
266.000      1.02466e+00
267.000      8.39124e-01
268.000      7.41534e-01
269.000      7.21892e-01
270.000      7.61769e-01
271.000      8.36603e-01
272.000      9.19187e-01
273.000      9.83933e-01
274.000      1.01115e+00
275.000      9.90314e-01
276.000      9.21474e-01
277.000      8.14336e-01
278.000      6.85493e-01
279.000      5.54762e-01
280.000      4.41883e-01
281.000      3.64433e-01
282.000      3.37193e-01
283.000      3.72440e-01
284.000      4.80314e-01
285.000      6.68484e-01
286.000      9.40912e-01
287.000      1.29614e+00
288.000      1.72606e+00
289.000      2.21600e+00
290.000      2.74656e+00
291.000      3.29660e+00
292.000      3.84624e+00
293.000      4.37886e+00
294.000      4.88135e+00
295.000      5.34324e+00
296.000      5.75578e+00
297.000      6.11212e+00
298.000      6.40904e+00
299.000      6.64945e+00
300.000      6.84446e+00
301.000      7.01338e+00
302.000      7.18107e+00
303.000      7.37320e+00
304.000      7.61049e+00
305.000      7.90412e+00
306.000      8.25348e+00
307.000      8.64731e+00
308.000      9.06756e+00
309.000      9.49498e+00
310.000      9.91434e+00
311.000      1.03179e+01
312.000      1.07061e+01
313.000      1.10856e+01
314.000      1.14658e+01
315.000      1.18551e+01
316.000      1.22592e+01
317.000      1.26804e+01
318.000      1.31191e+01
319.000      1.35772e+01
320.000      1.40603e+01
321.000      1.45798e+01
322.000      1.51529e+01
323.000      1.58004e+01
324.000      1.65424e+01
325.000      1.73942e+01
326.000      1.83617e+01
327.000      1.94390e+01
328.000      2.06079e+01
329.000      2.18386e+01
330.000      2.30926e+01
331.000      2.43250e+01
332.000      2.54889e+01
333.000      2.65397e+01
334.000      2.74407e+01
335.000      2.81695e+01
336.000      2.87225e+01
337.000      2.91164e+01
338.000      2.93860e+01
339.000      2.95768e+01
340.000      2.97349e+01
341.000      2.98969e+01
342.000      3.00817e+01
343.000      3.02872e+01
344.000      3.04921e+01
345.000      3.06613e+01
346.000      3.07537e+01
347.000      3.07285e+01
348.000      3.05504e+01
349.000      3.01917e+01
350.000      2.96338e+01
351.000      2.88679e+01
352.000      2.78962e+01
353.000      2.67325e+01
354.000      2.54033e+01
355.000      2.39456e+01
356.000      2.24039e+01
357.000      2.08262e+01
358.000      1.92594e+01
359.000      1.77452e+01
360.000      1.63181e+01
361.000      1.50034e+01
362.000      1.38165e+01
363.000      1.27628e+01
364.000      1.18382e+01
365.000      1.10303e+01
366.000      1.03216e+01
367.000      9.69261e+00
368.000      9.12607e+00
369.000      8.60973e+00
370.000      8.13792e+00
371.000      7.71127e+00
372.000      7.33491e+00
373.000      7.01608e+00
374.000      6.76204e+00
375.000      6.57900e+00
376.000      6.47223e+00
377.000      6.44721e+00
378.000      6.51131e+00
379.000      6.67504e+00
380.000      6.95236e+00
381.000      7.35915e+00
382.000      7.90978e+00
383.000      8.61207e+00
384.000      9.46150e+00
385.000      1.04364e+01
386.000      1.14953e+01
387.000      1.25781e+01
388.000      1.36101e+01
389.000      1.45101e+01
390.000      1.51995e+01
391.000      1.56117e+01
392.000      1.57007e+01
393.000      1.54475e+01
394.000      1.48634e+01
395.000      1.39897e+01
396.000      1.28923e+01
397.000      1.16526e+01
398.000      1.03557e+01
399.000      9.07707e+00
400.000      7.87331e+00
401.000      6.77714e+00
402.000      5.79905e+00
403.000      4.93398e+00
404.000      4.17047e+00
405.000      3.49888e+00
406.000      2.91585e+00
407.000      2.42406e+00
408.000      2.02805e+00
409.000      1.72848e+00
410.000      1.51766e+00
411.000      1.37823e+00
412.000      1.28576e+00
413.000      1.21420e+00
414.000      1.14216e+00
415.000      1.05791e+00
416.000      9.61318e-01
417.000      8.62375e-01
418.000      7.76943e-01
419.000      7.21107e-01
420.000      7.05810e-01
421.000      7.33141e-01
422.000      7.95119e-01
423.000      8.75160e-01
424.000      9.51805e-01
425.000      1.00374e+00
426.000      1.01475e+00
427.000      9.77262e-01
428.000      8.93563e-01
429.000      7.74362e-01
430.000      6.35450e-01
431.000      4.93558e-01
432.000      3.62758e-01
433.000      2.52269e-01
434.000      1.65980e-01
435.000      1.03319e-01
436.000      6.08450e-02
437.000      3.38995e-02
438.000      1.78682e-02
439.000      8.91017e-03
440.000      4.20349e-03
441.000      1.87608e-03
442.000      7.92156e-04
443.000      3.16437e-04
444.000      1.19586e-04
445.000      4.27557e-05
446.000      1.44619e-05
447.000      4.62777e-06
448.000      1.40099e-06
449.000      4.01254e-07
450.000      1.08722e-07
451.000      2.78700e-08
452.000      6.75885e-09
453.000      1.55069e-09
454.000      3.36586e-10
455.000      6.91169e-11
456.000      1.34273e-11
457.000      2.46782e-12
458.000      4.29096e-13
459.000      7.05851e-14
460.000      1.09847e-14
461.000      1.61727e-15
462.000      2.25266e-16
463.000      2.96841e-17
464.000      3.70059e-18
465.000      4.36450e-19
466.000      4.86986e-20
467.000      5.14062e-21
468.000      5.13373e-22
469.000      4.85029e-23
470.000      4.33531e-24
471.000      3.66598e-25
472.000      2.93276e-26
473.000      2.21964e-27
474.000      1.58930e-28
475.000      1.07658e-29
476.000      6.89926e-31
477.000      4.18291e-32
478.000      2.39923e-33
479.000      1.30191e-34
480.000      6.68359e-36
481.000      3.24605e-37
482.000      1.49149e-38
483.000      6.48336e-40
484.000      2.66624e-41
485.000      1.03733e-42
486.000      3.81811e-44
487.000      1.32954e-45
488.000      4.37995e-47
489.000      1.36507e-48
490.000      4.02495e-50
491.000      1.12275e-51
492.000      2.96293e-53
493.000      7.39739e-55
494.000      1.74724e-56
495.000      3.90432e-58
496.000      8.25382e-60
497.000      1.65076e-61
498.000      3.12340e-63
499.000      5.59101e-65
500.000      9.46827e-67
