# Gaussian folded, width=10 cm^-1
# [cm^-1] arbitrary
0.000      3.00000e+00
1.000      2.91796e+00
2.000      2.68508e+00
3.000      2.33749e+00
4.000      1.92514e+00
5.000      1.50000e+00
6.000      1.10570e+00
7.000      7.71085e-01
8.000      5.08727e-01
9.000      3.17530e-01
10.000      1.87501e-01
11.000      1.04751e-01
12.000      5.53755e-02
13.000      2.77309e-02
14.000      1.32454e-02
15.000      6.28641e-03
16.000      3.61636e-03
17.000      3.85631e-03
18.000      7.21687e-03
19.000      1.56301e-02
20.000      3.33244e-02
21.000      6.77835e-02
22.000      1.30871e-01
23.000      2.39668e-01
24.000      4.16302e-01
25.000      6.85925e-01
26.000      1.07216e+00
27.000      1.59002e+00
28.000      2.23743e+00
29.000      2.98779e+00
30.000      3.78658e+00
31.000      4.55496e+00
32.000      5.20123e+00
33.000      5.63831e+00
34.000      5.80298e+00
35.000      5.67085e+00
36.000      5.26234e+00
37.000      4.63764e+00
38.000      3.88253e+00
39.000      3.08974e+00
40.000      2.34178e+00
41.000      1.69974e+00
42.000      1.20004e+00
43.000      8.58219e-01
44.000      6.76716e-01
45.000      6.53095e-01
46.000      7.85480e-01
47.000      1.07349e+00
48.000      1.51447e+00
49.000      2.09654e+00
50.000      2.79101e+00
51.000      3.54767e+00
52.000      4.29554e+00
53.000      4.95063e+00
54.000      5.42980e+00
55.000      5.66719e+00
56.000      5.62873e+00
57.000      5.32007e+00
58.000      4.78535e+00
59.000      4.09733e+00
60.000      3.34202e+00
61.000      2.60270e+00
62.000      1.94761e+00
63.000      1.42415e+00
64.000      1.05950e+00
65.000      8.65610e-01
66.000      8.45522e-01
67.000      9.97812e-01
68.000      1.31748e+00
69.000      1.79315e+00
70.000      2.40224e+00
71.000      3.10686e+00
72.000      3.85351e+00
73.000      4.57841e+00
74.000      5.21871e+00
75.000      5.72718e+00
76.000      6.08617e+00
77.000      6.31604e+00
78.000      6.47410e+00
79.000      6.64329e+00
80.000      6.91285e+00
81.000      7.35641e+00
82.000      8.01411e+00
83.000      8.88396e+00
84.000      9.92455e+00
85.000      1.10671e+01
86.000      1.22317e+01
87.000      1.33422e+01
88.000      1.43350e+01
89.000      1.51612e+01
90.000      1.57838e+01
91.000      1.61737e+01
92.000      1.63083e+01
93.000      1.61743e+01
94.000      1.57728e+01
95.000      1.51262e+01
96.000      1.42817e+01
97.000      1.33089e+01
98.000      1.22928e+01
99.000      1.13209e+01
100.000      1.04719e+01
101.000      9.80628e+00
102.000      9.36359e+00
103.000      9.16476e+00
104.000      9.21700e+00
105.000      9.51816e+00
106.000      1.00578e+01
107.000      1.08148e+01
108.000      1.17537e+01
109.000      1.28218e+01
110.000      1.39507e+01
111.000      1.50617e+01
112.000      1.60752e+01
113.000      1.69215e+01
114.000      1.75500e+01
115.000      1.79359e+01
116.000      1.80815e+01
117.000      1.80137e+01
118.000      1.77776e+01
119.000      1.74273e+01
120.000      1.70164e+01
121.000      1.65889e+01
122.000      1.61720e+01
123.000      1.57740e+01
124.000      1.53862e+01
125.000      1.49892e+01
126.000      1.45620e+01
127.000      1.40911e+01
128.000      1.35772e+01
129.000      1.30358e+01
130.000      1.24940e+01
131.000      1.19829e+01
132.000      1.15279e+01
133.000      1.11424e+01
134.000      1.08246e+01
135.000      1.05587e+01
136.000      1.03209e+01
137.000      1.00866e+01
138.000      9.83578e+00
139.000      9.55679e+00
140.000      9.24592e+00
141.000      8.90494e+00
142.000      8.53769e+00
143.000      8.14764e+00
144.000      7.73711e+00
145.000      7.30812e+00
146.000      6.86413e+00
147.000      6.41158e+00
148.000      5.96043e+00
149.000      5.52323e+00
150.000      5.11303e+00
151.000      4.74061e+00
152.000      4.41204e+00
153.000      4.12744e+00
154.000      3.88163e+00
155.000      3.66660e+00
156.000      3.47494e+00
157.000      3.30304e+00
158.000      3.15254e+00
159.000      3.02938e+00
160.000      2.94106e+00
161.000      2.89332e+00
162.000      2.88842e+00
163.000      2.92595e+00
164.000      3.00592e+00
165.000      3.13238e+00
166.000      3.31502e+00
167.000      3.56726e+00
168.000      3.90087e+00
169.000      4.31932e+00
170.000      4.81312e+00
171.000      5.35944e+00
172.000      5.92698e+00
173.000      6.48422e+00
174.000      7.00808e+00
175.000      7.48985e+00
176.000      7.93648e+00
177.000      8.36704e+00
178.000      8.80613e+00
179.000      9.27638e+00
180.000      9.79231e+00
181.000      1.03571e+01
182.000      1.09628e+01
183.000      1.15931e+01
184.000      1.22278e+01
185.000      1.28472e+01
186.000      1.34341e+01
187.000      1.39746e+01
188.000      1.44564e+01
189.000      1.48668e+01
190.000      1.51932e+01
191.000      1.54253e+01
192.000      1.55603e+01
193.000      1.56078e+01
194.000      1.55938e+01
195.000      1.55597e+01
196.000      1.55574e+01
197.000      1.56406e+01
198.000      1.58549e+01
199.000      1.62294e+01
200.000      1.67714e+01
201.000      1.74648e+01
202.000      1.82708e+01
203.000      1.91307e+01
204.000      1.99710e+01
205.000      2.07097e+01
206.000      2.12658e+01
207.000      2.15716e+01
208.000      2.15843e+01
209.000      2.12960e+01
210.000      2.07371e+01
211.000      1.99726e+01
212.000      1.90900e+01
213.000      1.81839e+01
214.000      1.73402e+01
215.000      1.66246e+01
216.000      1.60767e+01
217.000      1.57111e+01
218.000      1.55216e+01
219.000      1.54865e+01
220.000      1.55743e+01
221.000      1.57480e+01
222.000      1.59691e+01
223.000      1.62030e+01
224.000      1.64247e+01
225.000      1.66231e+01
226.000      1.68042e+01
227.000      1.69892e+01
228.000      1.72086e+01
229.000      1.74936e+01
230.000      1.78664e+01
231.000      1.83319e+01
232.000      1.88743e+01
233.000      1.94583e+01
234.000      2.00355e+01
235.000      2.05542e+01
236.000      2.09707e+01
237.000      2.12593e+01
238.000      2.14176e+01
239.000      2.14662e+01
240.000      2.14432e+01
241.000      2.13944e+01
242.000      2.13634e+01
243.000      2.13843e+01
244.000      2.14777e+01
245.000      2.16508e+01
246.000      2.18987e+01
247.000      2.22045e+01
248.000      2.25377e+01
249.000      2.28524e+01
250.000      2.30858e+01
251.000      2.31627e+01
252.000      2.30053e+01
253.000      2.25478e+01
254.000      2.17522e+01
255.000      2.06211e+01
256.000      1.92019e+01
257.000      1.75813e+01
258.000      1.58708e+01
259.000      1.41869e+01
260.000      1.26318e+01
261.000      1.12777e+01
262.000      1.01598e+01
263.000      9.27599e+00
264.000      8.59498e+00
265.000      8.06727e+00
266.000      7.63816e+00
267.000      7.25914e+00
268.000      6.89583e+00
269.000      6.53165e+00
270.000      6.16685e+00
271.000      5.81408e+00
272.000      5.49169e+00
273.000      5.21682e+00
274.000      4.99954e+00
275.000      4.83941e+00
276.000      4.72471e+00
277.000      4.63416e+00
278.000      4.54072e+00
279.000      4.41655e+00
280.000      4.23855e+00
281.000      3.99340e+00
282.000      3.68115e+00
283.000      3.31639e+00
284.000      2.92614e+00
285.000      2.54489e+00
286.000      2.20771e+00
287.000      1.94333e+00
288.000      1.76930e+00
289.000      1.69033e+00
290.000      1.70001e+00
291.000      1.78462e+00
292.000      1.92737e+00
293.000      2.11127e+00
294.000      2.32034e+00
295.000      2.53929e+00
296.000      2.75298e+00
297.000      2.94636e+00
298.000      3.10523e+00
299.000      3.21720e+00
300.000      3.27243e+00
301.000      3.26402e+00
302.000      3.18860e+00
303.000      3.04765e+00
304.000      2.84956e+00
305.000      2.61147e+00
306.000      2.35952e+00
307.000      2.12626e+00
308.000      1.94530e+00
309.000      1.84451e+00
310.000      1.83973e+00
311.000      1.93118e+00
312.000      2.10348e+00
313.000      2.32948e+00
314.000      2.57659e+00
315.000      2.81419e+00
316.000      3.02029e+00
317.000      3.18601e+00
318.000      3.31708e+00
319.000      3.43199e+00
320.000      3.55755e+00
321.000      3.72297e+00
322.000      3.95428e+00
323.000      4.27029e+00
324.000      4.68111e+00
325.000      5.18861e+00
326.000      5.78804e+00
327.000      6.46964e+00
328.000      7.21943e+00
329.000      8.01954e+00
330.000      8.84872e+00
331.000      9.68348e+00
332.000      1.05002e+01
333.000      1.12774e+01
334.000      1.19971e+01
335.000      1.26455e+01
336.000      1.32119e+01
337.000      1.36878e+01
338.000      1.40668e+01
339.000      1.43443e+01
340.000      1.45181e+01
341.000      1.45891e+01
342.000      1.45599e+01
343.000      1.44342e+01
344.000      1.42147e+01
345.000      1.39023e+01
346.000      1.34969e+01
347.000      1.29986e+01
348.000      1.24100e+01
349.000      1.17392e+01
350.000      1.10015e+01
351.000      1.02201e+01
352.000      9.42495e+00
353.000      8.64991e+00
354.000      7.92858e+00
355.000      7.28934e+00
356.000      6.75090e+00
357.000      6.31940e+00
358.000      5.98802e+00
359.000      5.73945e+00
360.000      5.55086e+00
361.000      5.40038e+00
362.000      5.27292e+00
363.000      5.16356e+00
364.000      5.07692e+00
365.000      5.02266e+00
366.000      5.00857e+00
367.000      5.03389e+00
368.000      5.08554e+00
369.000      5.13875e+00
370.000      5.16195e+00
371.000      5.12423e+00
372.000      5.00285e+00
373.000      4.78899e+00
374.000      4.49023e+00
375.000      4.12989e+00
376.000      3.74366e+00
377.000      3.37419e+00
378.000      3.06457e+00
379.000      2.85144e+00
380.000      2.75864e+00
381.000      2.79266e+00
382.000      2.94079e+00
383.000      3.17259e+00
384.000      3.44450e+00
385.000      3.70700e+00
386.000      3.91264e+00
387.000      4.02357e+00
388.000      4.01696e+00
389.000      3.88736e+00
390.000      3.64580e+00
391.000      3.31629e+00
392.000      2.93103e+00
393.000      2.52527e+00
394.000      2.13300e+00
395.000      1.78341e+00
396.000      1.49818e+00
397.000      1.28927e+00
398.000      1.15762e+00
399.000      1.09305e+00
400.000      1.07603e+00
401.000      1.08139e+00
402.000      1.08346e+00
403.000      1.06138e+00
404.000      1.00313e+00
405.000      9.07136e-01
406.000      7.81071e-01
407.000      6.38552e-01
408.000      4.94884e-01
409.000      3.63265e-01
410.000      2.52431e-01
411.000      1.66011e-01
412.000      1.03308e-01
413.000      6.08280e-02
414.000      3.38858e-02
415.000      1.78593e-02
416.000      8.90513e-03
417.000      4.20085e-03
418.000      1.87480e-03
419.000      7.91576e-04
420.000      3.16190e-04
421.000      1.19488e-04
422.000      4.27183e-05
423.000      1.44485e-05
424.000      4.62329e-06
425.000      1.39958e-06
426.000      4.00829e-07
427.000      1.08602e-07
428.000      2.78379e-08
429.000      6.75076e-09
430.000      1.54876e-09
431.000      3.36152e-10
432.000      6.90247e-11
433.000      1.34088e-11
434.000      2.46430e-12
435.000      4.28464e-13
436.000      7.04780e-14
437.000      1.09675e-14
438.000      1.61467e-15
439.000      2.24892e-16
440.000      2.96336e-17
441.000      3.69412e-18
442.000      4.35667e-19
443.000      4.86090e-20
444.000      5.13093e-21
445.000      5.12381e-22
446.000      4.84070e-23
447.000      4.32653e-24
448.000      3.65839e-25
449.000      2.92656e-26
450.000      2.21484e-27
451.000      1.58579e-28
452.000      1.07415e-29
453.000      6.88340e-31
454.000      4.17310e-32
455.000      2.39349e-33
456.000      1.29874e-34
457.000      6.66700e-36
458.000      3.23785e-37
459.000      1.48765e-38
460.000      6.46638e-40
461.000      2.65913e-41
462.000      1.03451e-42
463.000      3.80759e-44
464.000      1.32581e-45
465.000      4.36747e-47
466.000      1.36112e-48
467.000      4.01311e-50
468.000      1.11939e-51
469.000      2.95395e-53
470.000      7.37462e-55
471.000      1.74178e-56
472.000      3.89194e-58
473.000      8.22728e-60
474.000      1.64537e-61
475.000      3.11307e-63
476.000      5.57226e-65
477.000      9.43608e-67
478.000      1.51171e-68
479.000      2.29121e-70
480.000      3.28532e-72
481.000      4.45665e-74
482.000      5.71949e-76
483.000      6.94421e-78
484.000      7.97639e-80
485.000      8.66777e-82
486.000      8.91099e-84
487.000      8.66687e-86
488.000      7.97473e-88
489.000      6.94205e-90
490.000      5.71711e-92
491.000      4.45434e-94
492.000      3.28328e-96
493.000      2.28955e-98
494.000     1.51046e-100
495.000     9.42727e-103
496.000     5.56648e-105
497.000     3.10952e-107
498.000     1.64332e-109
499.000     8.21619e-112
500.000     3.88629e-114
