# Gaussian folded, width=10 cm^-1
# [cm^-1] arbitrary
0.000      3.00000e+00
1.000      2.91796e+00
2.000      2.68508e+00
3.000      2.33749e+00
4.000      1.92514e+00
5.000      1.50000e+00
6.000      1.10570e+00
7.000      7.71085e-01
8.000      5.08727e-01
9.000      3.17530e-01
10.000      1.87500e-01
11.000      1.04746e-01
12.000      5.53614e-02
13.000      2.76877e-02
14.000      1.31195e-02
15.000      5.93932e-03
16.000      2.71118e-03
17.000      1.62354e-03
18.000      2.00871e-03
19.000      4.14489e-03
20.000      9.38764e-03
21.000      2.06555e-02
22.000      4.32633e-02
23.000      8.60094e-02
24.000      1.62250e-01
25.000      2.90449e-01
26.000      4.93475e-01
27.000      7.95852e-01
28.000      1.21853e+00
29.000      1.77148e+00
30.000      2.44565e+00
31.000      3.20674e+00
32.000      3.99392e+00
33.000      4.72546e+00
34.000      5.31177e+00
35.000      5.67304e+00
36.000      5.75703e+00
37.000      5.55142e+00
38.000      5.08674e+00
39.000      4.42906e+00
40.000      3.66465e+00
41.000      2.88184e+00
42.000      2.15514e+00
43.000      1.53577e+00
44.000      1.04973e+00
45.000      7.02372e-01
46.000      4.86659e-01
47.000      3.92013e-01
48.000      4.11201e-01
49.000      5.43684e-01
50.000      7.94915e-01
51.000      1.17190e+00
52.000      1.67620e+00
53.000      2.29623e+00
54.000      3.00118e+00
55.000      3.73899e+00
56.000      4.43995e+00
57.000      5.02610e+00
58.000      5.42479e+00
59.000      5.58307e+00
60.000      5.47901e+00
61.000      5.12668e+00
62.000      4.57322e+00
63.000      3.88898e+00
64.000      3.15362e+00
65.000      2.44226e+00
66.000      1.81522e+00
67.000      1.31353e+00
68.000      9.60226e-01
69.000      7.65540e-01
70.000      7.33236e-01
71.000      8.65053e-01
72.000      1.16139e+00
73.000      1.61778e+00
74.000      2.21863e+00
75.000      2.93086e+00
76.000      3.70102e+00
77.000      4.45872e+00
78.000      5.12717e+00
79.000      5.63927e+00
80.000      5.95506e+00
81.000      6.07500e+00
82.000      6.04447e+00
83.000      5.94695e+00
84.000      5.88733e+00
85.000      5.96949e+00
86.000      6.27417e+00
87.000      6.84293e+00
88.000      7.67165e+00
89.000      8.71420e+00
90.000      9.89391e+00
91.000      1.11192e+01
92.000      1.22989e+01
93.000      1.33541e+01
94.000      1.42246e+01
95.000      1.48705e+01
96.000      1.52699e+01
97.000      1.54139e+01
98.000      1.53039e+01
99.000      1.49493e+01
100.000      1.43693e+01
101.000      1.35959e+01
102.000      1.26766e+01
103.000      1.16749e+01
104.000      1.06661e+01
105.000      9.72963e+00
106.000      8.93909e+00
107.000      8.35299e+00
108.000      8.00845e+00
109.000      7.91936e+00
110.000      8.07855e+00
111.000      8.46253e+00
112.000      9.03694e+00
113.000      9.76111e+00
114.000      1.05915e+01
115.000      1.14838e+01
116.000      1.23956e+01
117.000      1.32879e+01
118.000      1.41272e+01
119.000      1.48866e+01
120.000      1.55457e+01
121.000      1.60888e+01
122.000      1.65042e+01
123.000      1.67831e+01
124.000      1.69204e+01
125.000      1.69170e+01
126.000      1.67812e+01
127.000      1.65292e+01
128.000      1.61833e+01
129.000      1.57682e+01
130.000      1.53071e+01
131.000      1.48189e+01
132.000      1.43177e+01
133.000      1.38151e+01
134.000      1.33226e+01
135.000      1.28534e+01
136.000      1.24215e+01
137.000      1.20392e+01
138.000      1.17131e+01
139.000      1.14417e+01
140.000      1.12150e+01
141.000      1.10171e+01
142.000      1.08301e+01
143.000      1.06378e+01
144.000      1.04289e+01
145.000      1.01976e+01
146.000      9.94183e+00
147.000      9.66141e+00
148.000      9.35514e+00
149.000      9.01987e+00
150.000      8.65119e+00
151.000      8.24579e+00
152.000      7.80452e+00
153.000      7.33478e+00
154.000      6.85104e+00
155.000      6.37287e+00
156.000      5.92093e+00
157.000      5.51188e+00
158.000      5.15425e+00
159.000      4.84645e+00
160.000      4.57794e+00
161.000      4.33305e+00
162.000      4.09608e+00
163.000      3.85592e+00
164.000      3.60858e+00
165.000      3.35737e+00
166.000      3.11109e+00
167.000      2.88167e+00
168.000      2.68248e+00
169.000      2.52795e+00
170.000      2.43432e+00
171.000      2.42023e+00
172.000      2.50615e+00
173.000      2.71168e+00
174.000      3.05116e+00
175.000      3.52885e+00
176.000      4.13545e+00
177.000      4.84746e+00
178.000      5.62958e+00
179.000      6.43942e+00
180.000      7.23301e+00
181.000      7.96984e+00
182.000      8.61691e+00
183.000      9.15189e+00
184.000      9.56561e+00
185.000      9.86361e+00
186.000      1.00656e+01
187.000      1.02020e+01
188.000      1.03073e+01
189.000      1.04114e+01
190.000      1.05318e+01
191.000      1.06696e+01
192.000      1.08110e+01
193.000      1.09331e+01
194.000      1.10138e+01
195.000      1.10397e+01
196.000      1.10115e+01
197.000      1.09441e+01
198.000      1.08630e+01
199.000      1.07980e+01
200.000      1.07765e+01
201.000      1.08191e+01
202.000      1.09353e+01
203.000      1.11232e+01
204.000      1.13695e+01
205.000      1.16523e+01
206.000      1.19445e+01
207.000      1.22194e+01
208.000      1.24545e+01
209.000      1.26353e+01
210.000      1.27565e+01
211.000      1.28209e+01
212.000      1.28372e+01
213.000      1.28168e+01
214.000      1.27715e+01
215.000      1.27125e+01
216.000      1.26515e+01
217.000      1.26033e+01
218.000      1.25870e+01
219.000      1.26260e+01
220.000      1.27439e+01
221.000      1.29574e+01
222.000      1.32693e+01
223.000      1.36636e+01
224.000      1.41066e+01
225.000      1.45543e+01
226.000      1.49632e+01
227.000      1.53016e+01
228.000      1.55555e+01
229.000      1.57285e+01
230.000      1.58347e+01
231.000      1.58893e+01
232.000      1.58999e+01
233.000      1.58630e+01
234.000      1.57668e+01
235.000      1.55993e+01
236.000      1.53571e+01
237.000      1.50527e+01
238.000      1.47155e+01
239.000      1.43874e+01
240.000      1.41125e+01
241.000      1.39270e+01
242.000      1.38505e+01
243.000      1.38823e+01
244.000      1.40032e+01
245.000      1.41813e+01
246.000      1.43786e+01
247.000      1.45573e+01
248.000      1.46818e+01
249.000      1.47200e+01
250.000      1.46421e+01
251.000      1.44207e+01
252.000      1.40331e+01
253.000      1.34652e+01
254.000      1.27175e+01
255.000      1.18094e+01
256.000      1.07818e+01
257.000      9.69534e+00
258.000      8.62437e+00
259.000      7.64619e+00
260.000      6.82882e+00
261.000      6.21943e+00
262.000      5.83654e+00
263.000      5.66793e+00
264.000      5.67434e+00
265.000      5.79759e+00
266.000      5.97067e+00
267.000      6.12760e+00
268.000      6.21136e+00
269.000      6.17963e+00
270.000      6.00823e+00
271.000      5.69283e+00
272.000      5.24892e+00
273.000      4.70978e+00
274.000      4.12205e+00
275.000      3.53902e+00
276.000      3.01216e+00
277.000      2.58248e+00
278.000      2.27359e+00
279.000      2.08827e+00
280.000      2.00962e+00
281.000      2.00657e+00
282.000      2.04263e+00
283.000      2.08564e+00
284.000      2.11607e+00
285.000      2.13188e+00
286.000      2.14841e+00
287.000      2.19317e+00
288.000      2.29656e+00
289.000      2.48090e+00
290.000      2.75076e+00
291.000      3.08779e+00
292.000      3.45233e+00
293.000      3.79194e+00
294.000      4.05510e+00
295.000      4.20591e+00
296.000      4.23510e+00
297.000      4.16336e+00
298.000      4.03576e+00
299.000      3.90904e+00
300.000      3.83614e+00
301.000      3.85337e+00
302.000      3.97421e+00
303.000      4.19099e+00
304.000      4.48254e+00
305.000      4.82399e+00
306.000      5.19442e+00
307.000      5.57998e+00
308.000      5.97215e+00
309.000      6.36354e+00
310.000      6.74398e+00
311.000      7.09965e+00
312.000      7.41569e+00
313.000      7.68124e+00
314.000      7.89441e+00
315.000      8.06480e+00
316.000      8.21241e+00
317.000      8.36338e+00
318.000      8.54462e+00
319.000      8.77937e+00
320.000      9.08535e+00
321.000      9.47542e+00
322.000      9.95944e+00
323.000      1.05456e+01
324.000      1.12399e+01
325.000      1.20443e+01
326.000      1.29536e+01
327.000      1.39539e+01
328.000      1.50225e+01
329.000      1.61304e+01
330.000      1.72458e+01
331.000      1.83371e+01
332.000      1.93757e+01
333.000      2.03371e+01
334.000      2.12008e+01
335.000      2.19515e+01
336.000      2.25789e+01
337.000      2.30797e+01
338.000      2.34576e+01
339.000      2.37236e+01
340.000      2.38924e+01
341.000      2.39786e+01
342.000      2.39914e+01
343.000      2.39309e+01
344.000      2.37873e+01
345.000      2.35424e+01
346.000      2.31739e+01
347.000      2.26608e+01
348.000      2.19880e+01
349.000      2.11504e+01
350.000      2.01550e+01
351.000      1.90223e+01
352.000      1.77855e+01
353.000      1.64872e+01
354.000      1.51753e+01
355.000      1.38967e+01
356.000      1.26916e+01
357.000      1.15895e+01
358.000      1.06068e+01
359.000      9.74842e+00
360.000      9.00992e+00
361.000      8.38133e+00
362.000      7.84972e+00
363.000      7.40056e+00
364.000      7.01771e+00
365.000      6.68304e+00
366.000      6.37676e+00
367.000      6.07931e+00
368.000      5.77465e+00
369.000      5.45399e+00
370.000      5.11837e+00
371.000      4.77909e+00
372.000      4.45550e+00
373.000      4.17119e+00
374.000      3.94974e+00
375.000      3.81166e+00
376.000      3.77324e+00
377.000      3.84725e+00
378.000      4.04458e+00
379.000      4.37551e+00
380.000      4.84921e+00
381.000      5.47095e+00
382.000      6.23716e+00
383.000      7.12984e+00
384.000      8.11241e+00
385.000      9.12876e+00
386.000      1.01070e+01
387.000      1.09674e+01
388.000      1.16328e+01
389.000      1.20398e+01
390.000      1.21466e+01
391.000      1.19384e+01
392.000      1.14270e+01
393.000      1.06475e+01
394.000      9.65285e+00
395.000      8.50756e+00
396.000      7.28108e+00
397.000      6.04218e+00
398.000      4.85347e+00
399.000      3.76667e+00
400.000      2.81888e+00
401.000      2.03060e+00
402.000      1.40600e+00
403.000      9.35457e-01
404.000      5.99873e-01
405.000      3.75670e-01
406.000      2.39429e-01
407.000      1.71268e-01
408.000      1.56492e-01
409.000      1.85465e-01
410.000      2.52006e-01
411.000      3.50872e-01
412.000      4.75104e-01
413.000      6.14079e-01
414.000      7.53021e-01
415.000      8.74375e-01
416.000      9.60791e-01
417.000      9.98889e-01
418.000      9.82507e-01
419.000      9.14272e-01
420.000      8.04886e-01
421.000      6.70365e-01
422.000      5.28209e-01
423.000      3.93747e-01
424.000      2.77682e-01
425.000      1.85266e-01
426.000      1.16939e-01
427.000      6.98301e-02
428.000      3.94496e-02
429.000      2.10844e-02
430.000      1.06610e-02
431.000      5.09975e-03
432.000      2.30791e-03
433.000      9.88116e-04
434.000      4.00234e-04
435.000      1.53369e-04
436.000      5.56004e-05
437.000      1.90694e-05
438.000      6.18747e-06
439.000      1.89936e-06
440.000      5.51592e-07
441.000      1.51547e-07
442.000      3.93907e-08
443.000      9.68630e-09
444.000      2.25341e-09
445.000      4.95951e-10
446.000      1.03266e-10
447.000      2.03419e-11
448.000      3.79091e-12
449.000      6.68364e-13
450.000      1.11481e-13
451.000      1.75916e-14
452.000      2.62620e-15
453.000      3.70910e-16
454.000      4.95594e-17
455.000      6.26471e-18
456.000      7.49194e-19
457.000      8.47627e-20
458.000      9.07263e-21
459.000      9.18711e-22
460.000      8.80121e-23
461.000      7.97670e-24
462.000      6.83946e-25
463.000      5.54802e-26
464.000      4.25767e-27
465.000      3.09117e-28
466.000      2.12321e-29
467.000      1.37968e-30
468.000      8.48171e-32
469.000      4.93293e-33
470.000      2.71422e-34
471.000      1.41287e-35
472.000      6.95787e-37
473.000      3.24167e-38
474.000      1.42882e-39
475.000      5.95807e-41
476.000      2.35045e-42
477.000      8.77230e-44
478.000      3.09737e-45
479.000      1.03465e-46
480.000      3.26969e-48
481.000      9.77552e-50
482.000      2.76497e-51
483.000      7.39876e-53
484.000      1.87303e-54
485.000      4.48588e-56
486.000      1.01641e-57
487.000      2.17875e-59
488.000      4.41839e-61
489.000      8.47691e-63
490.000      1.53861e-64
491.000      2.64203e-66
492.000      4.29205e-68
493.000      6.59643e-70
494.000      9.59115e-72
495.000      1.31932e-73
496.000      1.71691e-75
497.000      2.11379e-77
498.000      2.46203e-79
499.000      2.71296e-81
500.000      2.82821e-83
