# Gaussian folded, width=10 cm^-1
# [cm^-1] arbitrary
0.000      3.00000e+00
1.000      2.91796e+00
2.000      2.68508e+00
3.000      2.33749e+00
4.000      1.92514e+00
5.000      1.50000e+00
6.000      1.10570e+00
7.000      7.71085e-01
8.000      5.08727e-01
9.000      3.17531e-01
10.000      1.87505e-01
11.000      1.04763e-01
12.000      5.54150e-02
13.000      2.78478e-02
14.000      1.35717e-02
15.000      7.14746e-03
16.000      5.76258e-03
17.000      8.90836e-03
18.000      1.84438e-02
19.000      3.91733e-02
20.000      7.98889e-02
21.000      1.54589e-01
22.000      2.83269e-01
23.000      4.91369e-01
24.000      8.06837e-01
25.000      1.25410e+00
26.000      1.84523e+00
27.000      2.57006e+00
28.000      3.38856e+00
29.000      4.22930e+00
30.000      4.99697e+00
31.000      5.58899e+00
32.000      5.91770e+00
33.000      5.93162e+00
34.000      5.62875e+00
35.000      5.05722e+00
36.000      4.30331e+00
37.000      3.47097e+00
38.000      2.66030e+00
39.000      1.95130e+00
40.000      1.39693e+00
41.000      1.02520e+00
42.000      8.46962e-01
43.000      8.64611e-01
44.000      1.07741e+00
45.000      1.48102e+00
46.000      2.06157e+00
47.000      2.78700e+00
48.000      3.60013e+00
49.000      4.41808e+00
50.000      5.14069e+00
51.000      5.66756e+00
52.000      5.91925e+00
53.000      5.85614e+00
54.000      5.48837e+00
55.000      4.87314e+00
56.000      4.10060e+00
57.000      3.27302e+00
58.000      2.48450e+00
59.000      1.80688e+00
60.000      1.28486e+00
61.000      9.39377e-01
62.000      7.75923e-01
63.000      7.93148e-01
64.000      9.88195e-01
65.000      1.35690e+00
66.000      1.88931e+00
67.000      2.56304e+00
68.000      3.33800e+00
69.000      4.15641e+00
70.000      4.94995e+00
71.000      5.65378e+00
72.000      6.22366e+00
73.000      6.65064e+00
74.000      6.96732e+00
75.000      7.24250e+00
76.000      7.56479e+00
77.000      8.02015e+00
78.000      8.67048e+00
79.000      9.53999e+00
80.000      1.06123e+01
81.000      1.18372e+01
82.000      1.31427e+01
83.000      1.44462e+01
84.000      1.56628e+01
85.000      1.67095e+01
86.000      1.75085e+01
87.000      1.79931e+01
88.000      1.81161e+01
89.000      1.78599e+01
90.000      1.72435e+01
91.000      1.63230e+01
92.000      1.51838e+01
93.000      1.39279e+01
94.000      1.26598e+01
95.000      1.14759e+01
96.000      1.04602e+01
97.000      9.68453e+00
98.000      9.20986e+00
99.000      9.08383e+00
100.000      9.33428e+00
101.000      9.96003e+00
102.000      1.09240e+01
103.000      1.21531e+01
104.000      1.35473e+01
105.000      1.49945e+01
106.000      1.63872e+01
107.000      1.76343e+01
108.000      1.86668e+01
109.000      1.94371e+01
110.000      1.99169e+01
111.000      2.00977e+01
112.000      1.99937e+01
113.000      1.96453e+01
114.000      1.91190e+01
115.000      1.84989e+01
116.000      1.78718e+01
117.000      1.73085e+01
118.000      1.68481e+01
119.000      1.64929e+01
120.000      1.62139e+01
121.000      1.59662e+01
122.000      1.57081e+01
123.000      1.54162e+01
124.000      1.50922e+01
125.000      1.47588e+01
126.000      1.44470e+01
127.000      1.41812e+01
128.000      1.39662e+01
129.000      1.37812e+01
130.000      1.35834e+01
131.000      1.33172e+01
132.000      1.29286e+01
133.000      1.23784e+01
134.000      1.16513e+01
135.000      1.07593e+01
136.000      9.73885e+00
137.000      8.64420e+00
138.000      7.53815e+00
139.000      6.48295e+00
140.000      5.53188e+00
141.000      4.72240e+00
142.000      4.07141e+00
143.000      3.57338e+00
144.000      3.20234e+00
145.000      2.91807e+00
146.000      2.67554e+00
147.000      2.43528e+00
148.000      2.17183e+00
149.000      1.87766e+00
150.000      1.56190e+00
151.000      1.24488e+00
152.000      9.50941e-01
153.000      7.02259e-01
154.000      5.15480e-01
155.000      4.01524e-01
156.000      3.67692e-01
157.000      4.20502e-01
158.000      5.67776e-01
159.000      8.19028e-01
160.000      1.18403e+00
161.000      1.66995e+00
162.000      2.27782e+00
163.000      2.99903e+00
164.000      3.81259e+00
165.000      4.68409e+00
166.000      5.56740e+00
167.000      6.41061e+00
168.000      7.16660e+00
169.000      7.80714e+00
170.000      8.33663e+00
171.000      8.79964e+00
172.000      9.27678e+00
173.000      9.86657e+00
174.000      1.06567e+01
175.000      1.16930e+01
176.000      1.29576e+01
177.000      1.43645e+01
178.000      1.57761e+01
179.000      1.70354e+01
180.000      1.80051e+01
181.000      1.86005e+01
182.000      1.88090e+01
183.000      1.86894e+01
184.000      1.83542e+01
185.000      1.79380e+01
186.000      1.75618e+01
187.000      1.73011e+01
188.000      1.71692e+01
189.000      1.71205e+01
190.000      1.70760e+01
191.000      1.69649e+01
192.000      1.67675e+01
193.000      1.65445e+01
194.000      1.64396e+01
195.000      1.66499e+01
196.000      1.73724e+01
197.000      1.87411e+01
198.000      2.07753e+01
199.000      2.33561e+01
200.000      2.62395e+01
201.000      2.91033e+01
202.000      3.16147e+01
203.000      3.35009e+01
204.000      3.46018e+01
205.000      3.48929e+01
206.000      3.44729e+01
207.000      3.35227e+01
208.000      3.22468e+01
209.000      3.08186e+01
210.000      2.93432e+01
211.000      2.78499e+01
212.000      2.63134e+01
213.000      2.46924e+01
214.000      2.29683e+01
215.000      2.11667e+01
216.000      1.93530e+01
217.000      1.76080e+01
218.000      1.59944e+01
219.000      1.45339e+01
220.000      1.32055e+01
221.000      1.19645e+01
222.000      1.07748e+01
223.000      9.63961e+00
224.000      8.61621e+00
225.000      7.81198e+00
226.000      7.36138e+00
227.000      7.39277e+00
228.000      7.99457e+00
229.000      9.18912e+00
230.000      1.09201e+01
231.000      1.30559e+01
232.000      1.54089e+01
233.000      1.77678e+01
234.000      1.99369e+01
235.000      2.17745e+01
236.000      2.32196e+01
237.000      2.43008e+01
238.000      2.51216e+01
239.000      2.58266e+01
240.000      2.65578e+01
241.000      2.74135e+01
242.000      2.84243e+01
243.000      2.95514e+01
244.000      3.07066e+01
245.000      3.17838e+01
246.000      3.26874e+01
247.000      3.33475e+01
248.000      3.37175e+01
249.000      3.37587e+01
250.000      3.34251e+01
251.000      3.26590e+01
252.000      3.14025e+01
253.000      2.96222e+01
254.000      2.73347e+01
255.000      2.46222e+01
256.000      2.16298e+01
257.000      1.85440e+01
258.000      1.55600e+01
259.000      1.28478e+01
260.000      1.05272e+01
261.000      8.65574e+00
262.000      7.23117e+00
263.000      6.20478e+00
264.000      5.50071e+00
265.000      5.03667e+00
266.000      4.74233e+00
267.000      4.57273e+00
268.000      4.51542e+00
269.000      4.59048e+00
270.000      4.84398e+00
271.000      5.33552e+00
272.000      6.12188e+00
273.000      7.23871e+00
274.000      8.68334e+00
275.000      1.04016e+01
276.000      1.22820e+01
277.000      1.41614e+01
278.000      1.58418e+01
279.000      1.71193e+01
280.000      1.78196e+01
281.000      1.78315e+01
282.000      1.71307e+01
283.000      1.57859e+01
284.000      1.39451e+01
285.000      1.18068e+01
286.000      9.58254e+00
287.000      7.46270e+00
288.000      5.59141e+00
289.000      4.05560e+00
290.000      2.88678e+00
291.000      2.07180e+00
292.000      1.56736e+00
293.000      1.31405e+00
294.000      1.24742e+00
295.000      1.30559e+00
296.000      1.43386e+00
297.000      1.58763e+00
298.000      1.73427e+00
299.000      1.85445e+00
300.000      1.94272e+00
301.000      2.00692e+00
302.000      2.06583e+00
303.000      2.14502e+00
304.000      2.27085e+00
305.000      2.46379e+00
306.000      2.73225e+00
307.000      3.06883e+00
308.000      3.44995e+00
309.000      3.83940e+00
310.000      4.19502e+00
311.000      4.47662e+00
312.000      4.65331e+00
313.000      4.70849e+00
314.000      4.64156e+00
315.000      4.46625e+00
316.000      4.20663e+00
317.000      3.89167e+00
318.000      3.54977e+00
319.000      3.20438e+00
320.000      2.87120e+00
321.000      2.55753e+00
322.000      2.26357e+00
323.000      1.98513e+00
324.000      1.71709e+00
325.000      1.45640e+00
326.000      1.20384e+00
327.000      9.64064e-01
328.000      7.44137e-01
329.000      5.51244e-01
330.000      3.90559e-01
331.000      2.63949e-01
332.000      1.69806e-01
333.000      1.03828e-01
334.000      6.02692e-02
335.000      3.31833e-02
336.000      1.73182e-02
337.000      8.56319e-03
338.000      4.01013e-03
339.000      1.77809e-03
340.000      7.46332e-04
341.000      2.96503e-04
342.000      1.11479e-04
343.000      3.96636e-05
344.000      1.33534e-05
345.000      4.25377e-06
346.000      1.28210e-06
347.000      3.65617e-07
348.000      9.86449e-08
349.000      2.51804e-08
350.000      6.08111e-09
351.000      1.38942e-09
352.000      3.00338e-10
353.000      6.14203e-11
354.000      1.18833e-11
355.000      2.17512e-12
356.000      3.76660e-13
357.000      6.17071e-14
358.000      9.56404e-15
359.000      1.40238e-15
360.000      1.94540e-16
361.000      2.55312e-17
362.000      3.16993e-18
363.000      3.72347e-19
364.000      4.13774e-20
365.000      4.35008e-21
366.000      4.32662e-22
367.000      4.07115e-23
368.000      3.62413e-24
369.000      3.05217e-25
370.000      2.43182e-26
371.000      1.83303e-27
372.000      1.30716e-28
373.000      8.81866e-30
374.000      5.62854e-31
375.000      3.39864e-32
376.000      1.94148e-33
377.000      1.04925e-34
378.000      5.36466e-36
379.000      2.59491e-37
380.000      1.18747e-38
381.000      5.14087e-40
382.000      2.10557e-41
383.000      8.15871e-43
384.000      2.99082e-44
385.000      1.03723e-45
386.000      3.40314e-47
387.000      1.05633e-48
388.000      3.10199e-50
389.000      8.61782e-52
390.000      2.26502e-53
391.000      5.63201e-55
392.000      1.32487e-56
393.000      2.94849e-58
394.000      6.20790e-60
395.000      1.23654e-61
396.000      2.33017e-63
397.000      4.15417e-65
398.000      7.00647e-67
399.000      1.11798e-68
400.000      1.68765e-70
401.000      2.41018e-72
402.000      3.25639e-74
403.000      4.16235e-76
404.000      5.03338e-78
405.000      5.75835e-80
406.000      6.23238e-82
407.000      6.38157e-84
408.000      6.18185e-86
409.000      5.66535e-88
410.000      4.91194e-90
411.000      4.02900e-92
412.000      3.12650e-94
413.000      2.29529e-96
414.000      1.59417e-98
415.000     1.04749e-100
416.000     6.51149e-103
417.000     3.82939e-105
418.000     2.13058e-107
419.000     1.12146e-109
420.000     5.58450e-112
421.000     2.63090e-114
422.000     1.17258e-116
423.000     4.94421e-119
424.000     1.97228e-121
425.000     7.44320e-124
426.000     2.65747e-126
427.000     8.97621e-129
428.000     2.86838e-131
429.000     8.67155e-134
430.000     2.48013e-136
431.000     6.71075e-139
432.000     1.71785e-141
433.000     4.16021e-144
434.000     9.53157e-147
435.000     2.06600e-149
436.000     4.23657e-152
437.000     8.21894e-155
438.000     1.50846e-157
439.000     2.61922e-160
440.000     4.30255e-163
441.000     6.68649e-166
442.000     9.83077e-169
443.000     1.36740e-171
444.000     1.79937e-174
445.000     2.24007e-177
446.000     2.63828e-180
447.000     2.93967e-183
448.000     3.09880e-186
449.000     3.09034e-189
450.000     2.91566e-192
451.000     2.60247e-195
452.000     2.19761e-198
453.000     1.75563e-201
454.000     1.32689e-204
455.000     9.48752e-208
456.000     6.41783e-211
457.000     4.10716e-214
458.000     2.48664e-217
459.000     1.42430e-220
460.000     7.71806e-224
461.000     3.95669e-227
462.000     1.91899e-230
463.000     8.80507e-234
464.000     3.82216e-237
465.000     1.56965e-240
466.000     6.09839e-244
467.000     2.24153e-247
468.000     7.79457e-251
469.000     2.56423e-254
470.000     7.98067e-258
471.000     2.34984e-261
472.000     6.54571e-265
473.000     1.72501e-268
474.000     4.30075e-272
475.000     1.01441e-275
476.000     2.26362e-279
477.000     4.77868e-283
478.000     9.54402e-287
479.000     1.80332e-290
480.000     3.22352e-294
481.000     5.45138e-298
482.000     8.72167e-302
483.000     1.32011e-305
484.000     1.89034e-309
485.000     2.56086e-313
486.000     3.28208e-317
487.000     3.97723e-321
488.000      0.00000e+00
489.000      0.00000e+00
490.000      0.00000e+00
491.000      0.00000e+00
492.000      0.00000e+00
493.000      0.00000e+00
494.000      0.00000e+00
495.000      0.00000e+00
496.000      0.00000e+00
497.000      0.00000e+00
498.000      0.00000e+00
499.000      0.00000e+00
500.000      0.00000e+00
