# Gaussian folded, width=10 cm^-1
# [cm^-1] arbitrary
0.000      3.00000e+00
1.000      2.91796e+00
2.000      2.68508e+00
3.000      2.33749e+00
4.000      1.92514e+00
5.000      1.50000e+00
6.000      1.10570e+00
7.000      7.71085e-01
8.000      5.08727e-01
9.000      3.17531e-01
10.000      1.87506e-01
11.000      1.04765e-01
12.000      5.54196e-02
13.000      2.78601e-02
14.000      1.36030e-02
15.000      7.22186e-03
16.000      5.92828e-03
17.000      9.25325e-03
18.000      1.91128e-02
19.000      4.03786e-02
20.000      8.18948e-02
21.000      1.57647e-01
22.000      2.87484e-01
23.000      4.96494e-01
24.000      8.12037e-01
25.000      1.25779e+00
26.000      1.84514e+00
27.000      2.56357e+00
28.000      3.37345e+00
29.000      4.20463e+00
30.000      4.96385e+00
31.000      5.55085e+00
32.000      5.87981e+00
33.000      5.89995e+00
34.000      5.60841e+00
35.000      5.05122e+00
36.000      4.31185e+00
37.000      3.49178e+00
38.000      2.68958e+00
39.000      1.98505e+00
40.000      1.43203e+00
41.000      1.05990e+00
42.000      8.80631e-01
43.000      8.96912e-01
44.000      1.10719e+00
45.000      1.50547e+00
46.000      2.07599e+00
47.000      2.78559e+00
48.000      3.57774e+00
49.000      4.37233e+00
50.000      5.07386e+00
51.000      5.58713e+00
52.000      5.83683e+00
53.000      5.78476e+00
54.000      5.43910e+00
55.000      4.85225e+00
56.000      4.10812e+00
57.000      3.30325e+00
58.000      2.52786e+00
59.000      1.85234e+00
60.000      1.32207e+00
61.000      9.59987e-01
62.000      7.74103e-01
63.000      7.65816e-01
64.000      9.35356e-01
65.000      1.28229e+00
66.000      1.80107e+00
67.000      2.47373e+00
68.000      3.26344e+00
69.000      4.11284e+00
70.000      4.95010e+00
71.000      5.70294e+00
72.000      6.31708e+00
73.000      6.77343e+00
74.000      7.09714e+00
75.000      7.35437e+00
76.000      7.63649e+00
77.000      8.03666e+00
78.000      8.62621e+00
79.000      9.43819e+00
80.000      1.04623e+01
81.000      1.16508e+01
82.000      1.29307e+01
83.000      1.42178e+01
84.000      1.54272e+01
85.000      1.64792e+01
86.000      1.73028e+01
87.000      1.78379e+01
88.000      1.80405e+01
89.000      1.78885e+01
90.000      1.73885e+01
91.000      1.65784e+01
92.000      1.55262e+01
93.000      1.43221e+01
94.000      1.30678e+01
95.000      1.18660e+01
96.000      1.08113e+01
97.000      9.98512e+00
98.000      9.45207e+00
99.000      9.25606e+00
100.000      9.41603e+00
101.000      9.92226e+00
102.000      1.07359e+01
103.000      1.17939e+01
104.000      1.30190e+01
105.000      1.43307e+01
106.000      1.56544e+01
107.000      1.69239e+01
108.000      1.80797e+01
109.000      1.90647e+01
110.000      1.98241e+01
111.000      2.03122e+01
112.000      2.05038e+01
113.000      2.04065e+01
114.000      2.00668e+01
115.000      1.95647e+01
116.000      1.89971e+01
117.000      1.84537e+01
118.000      1.79944e+01
119.000      1.76351e+01
120.000      1.73485e+01
121.000      1.70777e+01
122.000      1.67592e+01
123.000      1.63455e+01
124.000      1.58203e+01
125.000      1.52019e+01
126.000      1.45339e+01
127.000      1.38678e+01
128.000      1.32447e+01
129.000      1.26817e+01
130.000      1.21671e+01
131.000      1.16670e+01
132.000      1.11380e+01
133.000      1.05428e+01
134.000      9.86285e+00
135.000      9.10339e+00
136.000      8.29091e+00
137.000      7.46483e+00
138.000      6.66715e+00
139.000      5.93349e+00
140.000      5.28776e+00
141.000      4.74056e+00
142.000      4.29017e+00
143.000      3.92487e+00
144.000      3.62560e+00
145.000      3.36882e+00
146.000      3.12977e+00
147.000      2.88620e+00
148.000      2.62206e+00
149.000      2.33033e+00
150.000      2.01420e+00
151.000      1.68607e+00
152.000      1.36477e+00
153.000      1.07189e+00
154.000      8.28459e-01
155.000      6.52846e-01
156.000      5.60262e-01
157.000      5.63362e-01
158.000      6.73176e-01
159.000      8.99455e-01
160.000      1.24994e+00
161.000      1.72850e+00
162.000      2.33257e+00
163.000      3.05038e+00
164.000      3.85877e+00
165.000      4.72234e+00
166.000      5.59529e+00
167.000      6.42716e+00
168.000      7.17300e+00
169.000      7.80691e+00
170.000      8.33498e+00
171.000      8.80225e+00
172.000      9.28820e+00
173.000      9.88888e+00
174.000      1.06887e+01
175.000      1.17307e+01
176.000      1.29951e+01
177.000      1.43959e+01
178.000      1.57970e+01
179.000      1.70445e+01
180.000      1.80044e+01
181.000      1.85949e+01
182.000      1.88049e+01
183.000      1.86928e+01
184.000      1.83683e+01
185.000      1.79618e+01
186.000      1.75895e+01
187.000      1.73240e+01
188.000      1.71789e+01
189.000      1.71127e+01
190.000      1.70539e+01
191.000      1.69392e+01
192.000      1.67530e+01
193.000      1.65543e+01
194.000      1.64777e+01
195.000      1.67067e+01
196.000      1.74232e+01
197.000      1.87503e+01
198.000      2.07047e+01
199.000      2.31756e+01
200.000      2.59365e+01
201.000      2.86890e+01
202.000      3.11246e+01
203.000      3.29892e+01
204.000      3.41317e+01
205.000      3.45244e+01
206.000      3.42521e+01
207.000      3.34735e+01
208.000      3.23682e+01
209.000      3.10865e+01
210.000      2.97172e+01
211.000      2.82826e+01
212.000      2.67588e+01
213.000      2.51132e+01
214.000      2.33384e+01
215.000      2.14707e+01
216.000      1.95834e+01
217.000      1.77618e+01
218.000      1.60713e+01
219.000      1.45369e+01
220.000      1.31420e+01
221.000      1.18481e+01
222.000      1.06251e+01
223.000      9.47933e+00
224.000      8.46812e+00
225.000      7.69502e+00
226.000      7.28857e+00
227.000      7.37134e+00
228.000      8.02816e+00
229.000      9.28099e+00
230.000      1.10758e+01
231.000      1.32840e+01
232.000      1.57187e+01
233.000      1.81631e+01
234.000      2.04082e+01
235.000      2.22902e+01
236.000      2.37216e+01
237.000      2.47060e+01
238.000      2.53329e+01
239.000      2.57516e+01
240.000      2.61313e+01
241.000      2.66183e+01
242.000      2.73018e+01
243.000      2.81993e+01
244.000      2.92614e+01
245.000      3.03937e+01
246.000      3.14833e+01
247.000      3.24206e+01
248.000      3.31091e+01
249.000      3.34637e+01
250.000      3.34057e+01
251.000      3.28608e+01
252.000      3.17679e+01
253.000      3.00973e+01
254.000      2.78707e+01
255.000      2.51735e+01
256.000      2.21525e+01
257.000      1.89957e+01
258.000      1.59020e+01
259.000      1.30487e+01
260.000      1.05657e+01
261.000      8.52489e+00
262.000      6.94181e+00
263.000      5.78885e+00
264.000      5.01261e+00
265.000      4.55086e+00
266.000      4.34595e+00
267.000      4.35333e+00
268.000      4.54582e+00
269.000      4.91423e+00
270.000      5.46481e+00
271.000      6.21356e+00
272.000      7.17735e+00
273.000      8.36230e+00
274.000      9.75108e+00
275.000      1.12921e+01
276.000      1.28938e+01
277.000      1.44281e+01
278.000      1.57432e+01
279.000      1.66864e+01
280.000      1.71312e+01
281.000      1.70037e+01
282.000      1.62993e+01
283.000      1.50857e+01
284.000      1.34903e+01
285.000      1.16758e+01
286.000      9.80992e+00
287.000      8.03815e+00
288.000      6.46542e+00
289.000      5.14980e+00
290.000      4.10711e+00
291.000      3.32262e+00
292.000      2.76484e+00
293.000      2.39699e+00
294.000      2.18358e+00
295.000      2.09198e+00
296.000      2.09076e+00
297.000      2.14766e+00
298.000      2.22968e+00
299.000      2.30644e+00
300.000      2.35570e+00
301.000      2.36877e+00
302.000      2.35280e+00
303.000      2.32854e+00
304.000      2.32360e+00
305.000      2.36358e+00
306.000      2.46389e+00
307.000      2.62513e+00
308.000      2.83307e+00
309.000      3.06266e+00
310.000      3.28432e+00
311.000      3.47000e+00
312.000      3.59762e+00
313.000      3.65292e+00
314.000      3.62939e+00
315.000      3.52715e+00
316.000      3.35193e+00
317.000      3.11466e+00
318.000      2.83146e+00
319.000      2.52327e+00
320.000      2.21433e+00
321.000      1.92903e+00
322.000      1.68763e+00
323.000      1.50195e+00
324.000      1.37260e+00
325.000      1.28892e+00
326.000      1.23197e+00
327.000      1.17982e+00
328.000      1.11344e+00
329.000      1.02133e+00
330.000      9.01582e-01
331.000      7.60894e-01
332.000      6.11398e-01
333.000      4.66553e-01
334.000      3.37589e-01
335.000      2.31413e-01
336.000      1.50196e-01
337.000      9.22701e-02
338.000      5.36425e-02
339.000      2.95087e-02
340.000      1.53588e-02
341.000      7.56323e-03
342.000      3.52365e-03
343.000      1.55312e-03
344.000      6.47653e-04
345.000      2.55505e-04
346.000      9.53626e-05
347.000      3.36725e-05
348.000      1.12484e-05
349.000      3.55487e-06
350.000      1.06286e-06
351.000      3.00638e-07
352.000      8.04508e-08
353.000      2.03674e-08
354.000      4.87817e-09
355.000      1.10534e-09
356.000      2.36948e-10
357.000      4.80539e-11
358.000      9.21980e-12
359.000      1.67352e-12
360.000      2.87382e-13
361.000      4.66879e-14
362.000      7.17575e-15
363.000      1.04339e-15
364.000      1.43531e-16
365.000      1.86793e-17
366.000      2.29983e-18
367.000      2.67883e-19
368.000      2.95199e-20
369.000      3.07752e-21
370.000      3.03532e-22
371.000      2.83221e-23
372.000      2.50014e-24
373.000      2.08795e-25
374.000      1.64966e-26
375.000      1.23307e-27
376.000      8.71959e-29
377.000      5.83342e-30
378.000      3.69205e-31
379.000      2.21070e-32
380.000      1.25230e-33
381.000      6.71130e-35
382.000      3.40269e-36
383.000      1.63213e-37
384.000      7.40635e-39
385.000      3.17960e-40
386.000      1.29139e-41
387.000      4.96204e-43
388.000      1.80377e-44
389.000      6.20325e-46
390.000      2.01825e-47
391.000      6.21224e-49
392.000      1.80900e-50
393.000      4.98365e-52
394.000      1.29889e-53
395.000      3.20271e-55
396.000      7.47100e-57
397.000      1.64876e-58
398.000      3.44234e-60
399.000      6.79936e-62
400.000      1.27057e-63
401.000      2.24620e-65
402.000      3.75678e-67
403.000      5.94430e-69
404.000      8.89822e-71
405.000      1.26015e-72
406.000      1.68834e-74
407.000      2.14001e-76
408.000      2.56618e-78
409.000      2.91124e-80
410.000      3.12453e-82
411.000      3.17257e-84
412.000      3.04757e-86
413.000      2.76958e-88
414.000      2.38118e-90
415.000      1.93681e-92
416.000      1.49039e-94
417.000      1.08501e-96
418.000      7.47276e-99
419.000     4.86908e-101
420.000     3.00145e-103
421.000     1.75038e-105
422.000     9.65720e-108
423.000     5.04066e-110
424.000     2.48910e-112
425.000     1.16282e-114
426.000     5.13929e-117
427.000     2.14887e-119
428.000     8.50030e-122
429.000     3.18109e-124
430.000     1.12625e-126
431.000     3.77236e-129
432.000     1.19539e-131
433.000     3.58361e-134
434.000     1.01637e-136
435.000     2.72709e-139
436.000     6.92252e-142
437.000     1.66244e-144
438.000     3.77701e-147
439.000     8.11831e-150
440.000     1.65083e-152
441.000     3.17581e-155
442.000     5.77997e-158
443.000     9.95209e-161
444.000     1.62114e-163
445.000     2.49830e-166
446.000     3.64238e-169
447.000     5.02394e-172
448.000     6.55573e-175
449.000     8.09311e-178
450.000     9.45207e-181
451.000     1.04437e-183
452.000     1.09170e-186
453.000     1.07961e-189
454.000     1.01007e-192
455.000     8.94025e-196
456.000     7.48630e-199
457.000     5.93065e-202
458.000     4.44482e-205
459.000     3.15155e-208
460.000     2.11404e-211
461.000     1.34158e-214
462.000     8.05454e-218
463.000     4.57490e-221
464.000     2.45833e-224
465.000     1.24973e-227
466.000     6.01047e-231
467.000     2.73476e-234
468.000     1.17719e-237
469.000     4.79396e-241
470.000     1.84696e-244
471.000     6.73193e-248
472.000     2.32134e-251
473.000     7.57277e-255
474.000     2.33716e-258
475.000     6.82403e-262
476.000     1.88499e-265
477.000     4.92603e-269
478.000     1.21787e-272
479.000     2.84855e-276
480.000     6.30324e-280
481.000     1.31954e-283
482.000     2.61334e-287
483.000     4.89653e-291
484.000     8.67958e-295
485.000     1.45555e-298
486.000     2.30925e-302
487.000     3.46605e-306
488.000     4.92170e-310
489.000     6.61170e-314
490.000     8.40290e-318
491.000     1.00789e-321
492.000      0.00000e+00
493.000      0.00000e+00
494.000      0.00000e+00
495.000      0.00000e+00
496.000      0.00000e+00
497.000      0.00000e+00
498.000      0.00000e+00
499.000      0.00000e+00
500.000      0.00000e+00
