# Gaussian folded, width=10 cm^-1
# [cm^-1] arbitrary
0.000      3.00000e+00
1.000      2.91796e+00
2.000      2.68508e+00
3.000      2.33749e+00
4.000      1.92514e+00
5.000      1.50000e+00
6.000      1.10570e+00
7.000      7.71085e-01
8.000      5.08727e-01
9.000      3.17529e-01
10.000      1.87500e-01
11.000      1.04746e-01
12.000      5.53590e-02
13.000      2.76795e-02
14.000      1.30933e-02
15.000      5.85987e-03
16.000      2.48251e-03
17.000      9.99829e-04
18.000      3.96774e-04
19.000      1.97515e-04
20.000      2.28623e-04
21.000      5.21224e-04
22.000      1.33428e-03
23.000      3.31030e-03
24.000      7.80566e-03
25.000      1.74557e-02
26.000      3.70177e-02
27.000      7.44534e-02
28.000      1.42050e-01
29.000      2.57136e-01
30.000      4.41703e-01
31.000      7.20156e-01
32.000      1.11464e+00
33.000      1.63808e+00
34.000      2.28616e+00
35.000      3.03053e+00
36.000      3.81627e+00
37.000      4.56588e+00
38.000      5.19065e+00
39.000      5.60751e+00
40.000      5.75694e+00
41.000      5.61695e+00
42.000      5.20829e+00
43.000      4.58946e+00
44.000      3.84302e+00
45.000      3.05767e+00
46.000      2.31135e+00
47.000      1.65976e+00
48.000      1.13208e+00
49.000      7.33461e-01
50.000      4.51681e-01
51.000      2.65306e-01
52.000      1.50924e-01
53.000      8.83132e-02
54.000      6.34392e-02
55.000      6.97938e-02
56.000      1.08764e-01
57.000      1.89413e-01
58.000      3.27603e-01
59.000      5.43993e-01
60.000      8.60326e-01
61.000      1.29375e+00
62.000      1.84971e+00
63.000      2.51489e+00
64.000      3.25256e+00
65.000      4.00274e+00
66.000      4.68859e+00
67.000      5.22875e+00
68.000      5.55302e+00
69.000      5.61729e+00
70.000      5.41334e+00
71.000      4.97059e+00
72.000      4.34934e+00
73.000      3.62777e+00
74.000      2.88664e+00
75.000      2.19599e+00
76.000      1.60709e+00
77.000      1.15040e+00
78.000      8.38818e-01
79.000      6.73791e-01
80.000      6.51446e-01
81.000      7.66680e-01
82.000      1.01404e+00
83.000      1.38561e+00
84.000      1.86711e+00
85.000      2.43413e+00
86.000      3.05023e+00
87.000      3.66809e+00
88.000      4.23409e+00
89.000      4.69529e+00
90.000      5.00766e+00
91.000      5.14374e+00
92.000      5.09845e+00
93.000      4.89191e+00
94.000      4.56907e+00
95.000      4.19560e+00
96.000      3.85065e+00
97.000      3.61685e+00
98.000      3.56894e+00
99.000      3.76250e+00
100.000      4.22495e+00
101.000      4.95060e+00
102.000      5.90094e+00
103.000      7.01045e+00
104.000      8.19689e+00
105.000      9.37379e+00
106.000      1.04627e+01
107.000      1.14023e+01
108.000      1.21542e+01
109.000      1.27026e+01
110.000      1.30515e+01
111.000      1.32188e+01
112.000      1.32295e+01
113.000      1.31081e+01
114.000      1.28735e+01
115.000      1.25348e+01
116.000      1.20907e+01
117.000      1.15331e+01
118.000      1.08542e+01
119.000      1.00562e+01
120.000      9.16005e+00
121.000      8.21082e+00
122.000      7.27639e+00
123.000      6.44023e+00
124.000      5.78898e+00
125.000      5.39828e+00
126.000      5.32009e+00
127.000      5.57410e+00
128.000      6.14456e+00
129.000      6.98277e+00
130.000      8.01443e+00
131.000      9.15072e+00
132.000      1.03012e+01
133.000      1.13862e+01
134.000      1.23466e+01
135.000      1.31476e+01
136.000      1.37783e+01
137.000      1.42453e+01
138.000      1.45657e+01
139.000      1.47595e+01
140.000      1.48454e+01
141.000      1.48383e+01
142.000      1.47488e+01
143.000      1.45837e+01
144.000      1.43469e+01
145.000      1.40420e+01
146.000      1.36747e+01
147.000      1.32553e+01
148.000      1.28006e+01
149.000      1.23318e+01
150.000      1.18719e+01
151.000      1.14411e+01
152.000      1.10539e+01
153.000      1.07197e+01
154.000      1.04444e+01
155.000      1.02335e+01
156.000      1.00931e+01
157.000      1.00279e+01
158.000      1.00358e+01
159.000      1.01033e+01
160.000      1.02021e+01
161.000      1.02920e+01
162.000      1.03278e+01
163.000      1.02693e+01
164.000      1.00906e+01
165.000      9.78491e+00
166.000      9.36416e+00
167.000      8.85319e+00
168.000      8.28175e+00
169.000      7.67700e+00
170.000      7.05905e+00
171.000      6.44005e+00
172.000      5.82643e+00
173.000      5.22271e+00
174.000      4.63559e+00
175.000      4.07703e+00
176.000      3.56572e+00
177.000      3.12663e+00
178.000      2.78854e+00
179.000      2.57996e+00
180.000      2.52416e+00
181.000      2.63433e+00
182.000      2.90975e+00
183.000      3.33362e+00
184.000      3.87302e+00
185.000      4.48107e+00
186.000      5.10127e+00
187.000      5.67402e+00
188.000      6.14434e+00
189.000      6.46988e+00
190.000      6.62731e+00
191.000      6.61565e+00
192.000      6.45533e+00
193.000      6.18298e+00
194.000      5.84309e+00
195.000      5.47843e+00
196.000      5.12192e+00
197.000      4.79190e+00
198.000      4.49223e+00
199.000      4.21660e+00
200.000      3.95543e+00
201.000      3.70232e+00
202.000      3.45773e+00
203.000      3.22850e+00
204.000      3.02376e+00
205.000      2.84924e+00
206.000      2.70282e+00
207.000      2.57318e+00
208.000      2.44240e+00
209.000      2.29133e+00
210.000      2.10567e+00
211.000      1.88049e+00
212.000      1.62164e+00
213.000      1.34383e+00
214.000      1.06638e+00
215.000      8.08274e-01
216.000      5.84108e-01
217.000      4.01916e-01
218.000      2.63055e-01
219.000      1.63638e-01
220.000      9.66893e-02
221.000      5.42375e-02
222.000      2.88706e-02
223.000      1.45774e-02
224.000      6.97962e-03
225.000      3.16796e-03
226.000      1.36274e-03
227.000      5.55435e-04
228.000      2.14464e-04
229.000      7.84327e-05
230.000      2.71642e-05
231.000      8.90827e-06
232.000      2.76590e-06
233.000      8.12982e-07
234.000      2.26197e-07
235.000      5.95693e-08
236.000      1.48476e-08
237.000      3.50240e-09
238.000      7.81854e-10
239.000      1.65165e-10
240.000      3.30163e-11
241.000      6.24514e-12
242.000      1.11775e-12
243.000      1.89294e-13
244.000      3.03596e-14
245.000      4.82085e-15
246.000      2.28768e-15
247.000      1.13613e-14
248.000      7.38426e-14
249.000      4.57522e-13
250.000      2.68231e-12
251.000      1.48776e-11
252.000      7.80699e-11
253.000      3.87580e-10
254.000      1.82040e-09
255.000      8.08909e-09
256.000      3.40064e-08
257.000      1.35254e-07
258.000      5.08944e-07
259.000      1.81185e-06
260.000      6.10249e-06
261.000      1.94460e-05
262.000      5.86269e-05
263.000      1.67229e-04
264.000      4.51325e-04
265.000      1.15251e-03
266.000      2.78481e-03
267.000      6.36764e-03
268.000      1.37798e-02
269.000      2.82265e-02
270.000      5.47425e-02
271.000      1.00553e-01
272.000      1.75022e-01
273.000      2.88891e-01
274.000      4.52673e-01
275.000      6.74387e-01
276.000      9.57301e-01
277.000      1.29868e+00
278.000      1.69044e+00
279.000      2.12203e+00
280.000      2.58436e+00
281.000      3.07301e+00
282.000      3.58813e+00
283.000      4.12994e+00
284.000      4.69092e+00
285.000      5.24819e+00
286.000      5.76080e+00
287.000      6.17562e+00
288.000      6.44209e+00
289.000      6.53182e+00
290.000      6.45641e+00
291.000      6.27607e+00
292.000      6.09453e+00
293.000      6.04056e+00
294.000      6.24030e+00
295.000      6.78819e+00
296.000      7.72362e+00
297.000      9.01931e+00
298.000      1.05832e+01
299.000      1.22730e+01
300.000      1.39186e+01
301.000      1.53489e+01
302.000      1.64163e+01
303.000      1.70162e+01
304.000      1.71004e+01
305.000      1.66833e+01
306.000      1.58406e+01
307.000      1.47014e+01
308.000      1.34333e+01
309.000      1.22194e+01
310.000      1.12309e+01
311.000      1.05979e+01
312.000      1.03862e+01
313.000      1.05831e+01
314.000      1.11001e+01
315.000      1.17909e+01
316.000      1.24831e+01
317.000      1.30180e+01
318.000      1.32896e+01
319.000      1.32741e+01
320.000      1.30444e+01
321.000      1.27629e+01
322.000      1.26557e+01
323.000      1.29707e+01
324.000      1.39294e+01
325.000      1.56808e+01
326.000      1.82678e+01
327.000      2.16123e+01
328.000      2.55205e+01
329.000      2.97092e+01
330.000      3.38461e+01
331.000      3.75973e+01
332.000      4.06737e+01
333.000      4.28668e+01
334.000      4.40695e+01
335.000      4.42787e+01
336.000      4.35818e+01
337.000      4.21347e+01
338.000      4.01341e+01
339.000      3.77925e+01
340.000      3.53166e+01
341.000      3.28917e+01
342.000      3.06722e+01
343.000      2.87779e+01
344.000      2.72953e+01
345.000      2.62820e+01
346.000      2.57706e+01
347.000      2.57687e+01
348.000      2.62527e+01
349.000      2.71593e+01
350.000      2.83784e+01
351.000      2.97552e+01
352.000      3.11042e+01
353.000      3.22348e+01
354.000      3.29812e+01
355.000      3.32275e+01
356.000      3.29202e+01
357.000      3.20658e+01
358.000      3.07169e+01
359.000      2.89532e+01
360.000      2.68659e+01
361.000      2.45480e+01
362.000      2.20910e+01
363.000      1.95847e+01
364.000      1.71160e+01
365.000      1.47665e+01
366.000      1.26069e+01
367.000      1.06925e+01
368.000      9.05990e+00
369.000      7.72668e+00
370.000      6.69273e+00
371.000      5.94304e+00
372.000      5.45075e+00
373.000      5.18054e+00
374.000      5.09290e+00
375.000      5.14958e+00
376.000      5.32005e+00
377.000      5.58799e+00
378.000      5.95627e+00
379.000      6.44836e+00
380.000      7.10450e+00
381.000      7.97146e+00
382.000      9.08670e+00
383.000      1.04603e+01
384.000      1.20604e+01
385.000      1.38090e+01
386.000      1.55915e+01
387.000      1.72798e+01
388.000      1.87615e+01
389.000      1.99648e+01
390.000      2.08695e+01
391.000      2.14999e+01
392.000      2.19035e+01
393.000      2.21236e+01
394.000      2.21785e+01
395.000      2.20532e+01
396.000      2.17057e+01
397.000      2.10843e+01
398.000      2.01476e+01
399.000      1.88813e+01
400.000      1.73071e+01
401.000      1.54827e+01
402.000      1.34945e+01
403.000      1.14454e+01
404.000      9.44154e+00
405.000      7.57948e+00
406.000      5.93674e+00
407.000      4.56585e+00
408.000      3.49236e+00
409.000      2.71624e+00
410.000      2.21560e+00
411.000      1.95178e+00
412.000      1.87533e+00
413.000      1.93228e+00
414.000      2.07047e+00
415.000      2.24497e+00
416.000      2.42172e+00
417.000      2.57846e+00
418.000      2.70272e+00
419.000      2.78770e+00
420.000      2.82781e+00
421.000      2.81591e+00
422.000      2.74362e+00
423.000      2.60448e+00
424.000      2.39846e+00
425.000      2.13558e+00
426.000      1.83664e+00
427.000      1.53048e+00
428.000      1.24861e+00
429.000      1.01886e+00
430.000      8.59971e-01
431.000      7.78425e-01
432.000      7.67786e-01
433.000      8.10546e-01
434.000      8.81811e-01
435.000      9.54181e-01
436.000      1.00294e+00
437.000      1.01054e+00
438.000      9.69448e-01
439.000      8.82549e-01
440.000      7.61205e-01
441.000      6.21557e-01
442.000      4.80308e-01
443.000      3.51190e-01
444.000      2.42949e-01
445.000      1.59008e-01
446.000      9.84578e-02
447.000      5.76768e-02
448.000      3.19647e-02
449.000      1.67594e-02
450.000      8.31316e-03
451.000      3.90113e-03
452.000      1.73194e-03
453.000      7.27431e-04
454.000      2.89047e-04
455.000      1.08658e-04
456.000      3.86434e-05
457.000      1.30019e-05
458.000      4.13860e-06
459.000      1.24629e-06
460.000      3.55060e-07
461.000      9.56977e-08
462.000      2.44017e-08
463.000      5.88647e-09
464.000      1.34341e-09
465.000      2.90054e-10
466.000      5.92471e-11
467.000      1.14492e-11
468.000      2.09313e-12
469.000      3.62025e-13
470.000      5.92375e-14
471.000      9.17008e-15
472.000      1.34297e-15
473.000      1.86071e-16
474.000      2.43898e-17
475.000      3.02451e-18
476.000      3.54829e-19
477.000      3.93823e-20
478.000      4.13524e-21
479.000      4.10788e-22
480.000      3.86058e-23
481.000      3.43245e-24
482.000      2.88718e-25
483.000      2.29753e-26
484.000      1.72969e-27
485.000      1.23194e-28
486.000      8.30100e-30
487.000      5.29162e-31
488.000      3.19127e-32
489.000      1.82078e-33
490.000      9.82806e-35
491.000      5.01876e-36
492.000      2.42461e-37
493.000      1.10817e-38
494.000      4.79167e-40
495.000      1.96013e-41
496.000      7.58581e-43
497.000      2.77738e-44
498.000      9.62027e-46
499.000      3.15251e-47
500.000      9.77335e-49
