4.500000000000000000e+01
4.376940000000000452e+01
4.027619999999999578e+01
3.506234999999999502e+01
2.887709999999999511e+01
2.250000000000000000e+01
1.658550000000000324e+01
1.156627499999999920e+01
7.630905000000002936e+00
4.762950000000000017e+00
2.812500000000000000e+00
1.571190000000000087e+00
8.304143999999999970e-01
4.152928999999999649e-01
1.967253000000000196e-01
8.890278000000001457e-02
4.017652999999999502e-02
2.313982000000000191e-02
2.731736999999999360e-02
5.605858000000000368e-02
1.283809800000000056e-01
2.862434999999999841e-01
6.073481000000001684e-01
1.222304300000000232e+00
2.332309999999999661e+00
4.219533999999999452e+00
7.238478999999999886e+00
1.177528499999999845e+01
1.816660999999999859e+01
2.658224000000000231e+01
3.689451000000000391e+01
4.857574999999999932e+01
6.067361000000000359e+01
7.190104999999999791e+01
8.084568999999999050e+01
8.625675999999998567e+01
8.733130999999998778e+01
8.390939000000000192e+01
7.651317000000000235e+01
6.621693999999999392e+01
5.439319000000000415e+01
4.241774999999999807e+01
3.142248999999999981e+01
2.215534000000000248e+01
1.496421500000000115e+01
9.880855000000000388e+00
6.758280999999998429e+00
5.412019000000000801e+00
5.727343000000000295e+00
7.710139000000001630e+00
1.147399900000000095e+01
1.716788000000000025e+01
2.486026999999999987e+01
3.440790999999999400e+01
4.534808000000000305e+01
5.685684000000000538e+01
6.780507000000000062e+01
7.691888999999997623e+01
8.301465999999999212e+01
8.524873000000000900e+01
8.330810999999999922e+01
7.748310000000000741e+01
6.859953999999999041e+01
5.783430000000000604e+01
4.647411999999999921e+01
3.568987999999999516e+01
2.638453999999999766e+01
1.914113000000000042e+01
1.425991200000000170e+01
1.184811900000000051e+01
1.191405200000000164e+01
1.442560199999999782e+01
1.931159000000000603e+01
2.640977000000000174e+01
3.538753999999999422e+01
4.567649999999999721e+01
5.646262999999999010e+01
6.676000999999999408e+01
7.556815999999999178e+01
8.208323000000000036e+01
8.590700999999998544e+01
8.719069999999997833e+01
8.666164000000000556e+01
8.551321999999998980e+01
8.517647000000000901e+01
8.702727999999999042e+01
9.210406999999999300e+01
1.009071200000000204e+02
1.133276699999999977e+02
1.287137100000000203e+02
1.460392499999999814e+02
1.641154999999999688e+02
1.817789999999999964e+02
1.980094000000000278e+02
2.119680999999999358e+02
2.229807000000000130e+02
2.305036999999999807e+02
2.341109000000000435e+02
2.335222999999999729e+02
2.286695000000000277e+02
2.197676999999999907e+02
2.073679000000000201e+02
1.923549999999999898e+02
1.758800999999999704e+02
1.592329999999999757e+02
1.436823599999999601e+02
1.303171900000000107e+02
1.199398799999999881e+02
1.130292000000000030e+02
1.097805100000000067e+02
1.101978700000000089e+02
1.141935199999999782e+02
1.216498500000000007e+02
1.324158599999999808e+02
1.462415799999999990e+02
1.626830099999999675e+02
1.810283000000000300e+02
2.002862000000000080e+02
2.192609999999999957e+02
2.366990999999999872e+02
2.514685000000000343e+02
2.627192999999999756e+02
2.699890999999999508e+02
2.732229999999999563e+02
2.727255000000000109e+02
2.690572999999999979e+02
2.629175999999999362e+02
2.550382000000000176e+02
2.461050999999999931e+02
2.367136000000000138e+02
2.273521999999999821e+02
2.184030999999999949e+02
2.101496999999999957e+02
2.027860000000000014e+02
1.964167999999999665e+02
1.910607000000000255e+02
1.866495000000000459e+02
1.830334999999999752e+02
1.799970999999999890e+02
1.772856000000000449e+02
1.746394999999999698e+02
1.718280000000000030e+02
1.686746799999999666e+02
1.650695200000000114e+02
1.609648700000000190e+02
1.563609400000000278e+02
1.512864399999999989e+02
1.457820699999999761e+02
1.398912699999999916e+02
1.336588799999999821e+02
1.271362600000000072e+02
1.203898399999999924e+02
1.135092899999999929e+02
1.066121599999999887e+02
9.984332000000000562e+01
9.336746000000000834e+01
8.735490000000000066e+01
8.196178000000000452e+01
7.730751999999999668e+01
7.345355999999999597e+01
7.038831999999999312e+01
6.802228999999999814e+01
6.619606999999999175e+01
6.470135000000000502e+01
6.331280000000000285e+01
6.182606999999998720e+01
6.009687000000000978e+01
5.807319000000000386e+01
5.581557999999999709e+01
5.349906000000000006e+01
5.139456000000000557e+01
4.983010000000000872e+01
4.913760000000000616e+01
4.959412999999999272e+01
5.137036000000000513e+01
5.449808999999999770e+01
5.886549000000000120e+01
6.424176999999998827e+01
7.032558000000001641e+01
7.680438999999998373e+01
8.341033999999999082e+01
8.995931999999999107e+01
9.636621000000000947e+01
1.026361500000000007e+02
1.088375599999999963e+02
1.150659300000000087e+02
1.214070699999999903e+02
1.279063899999999876e+02
1.345491399999999942e+02
1.412536899999999775e+02
1.478797500000000014e+02
1.542514300000000276e+02
1.601897400000000005e+02
1.655481999999999800e+02
1.702420699999999840e+02
1.742617999999999938e+02
1.776712000000000273e+02
1.805841000000000065e+02
1.831426999999999907e+02
1.854904999999999973e+02
1.877545999999999538e+02
1.900361999999999512e+02
1.923990000000000009e+02
1.948614000000000033e+02
1.973860000000000525e+02
1.998747000000000185e+02
2.021760999999999910e+02
2.041069999999999993e+02
2.054836000000000524e+02
2.061530000000000200e+02
2.060231000000000279e+02
2.050747000000000071e+02
2.033664999999999736e+02
2.010318000000000040e+02
1.982659000000000162e+02
1.953175999999999988e+02
1.924741000000000213e+02
1.900460999999999956e+02
1.883462999999999852e+02
1.876658999999999935e+02
1.882459000000000344e+02
1.902511000000000365e+02
1.937477999999999554e+02
1.986905999999999608e+02
2.049170000000000016e+02
2.121555000000000462e+02
2.200376000000000261e+02
2.281169999999999618e+02
2.358931000000000040e+02
2.428422000000000196e+02
2.484583000000000368e+02
2.523057000000000016e+02
2.540730000000000643e+02
2.536175999999999533e+02
2.509968000000000075e+02
2.464612000000000194e+02
2.404261000000000479e+02
2.334130000000000678e+02
2.259779999999999802e+02
2.186418000000000177e+02
2.118341000000000065e+02
2.058588000000000306e+02
2.008867999999999938e+02
1.969706999999999937e+02
1.940660000000000025e+02
1.920543000000000120e+02
1.907525999999999726e+02
1.899113000000000113e+02
1.892060999999999638e+02
1.882423999999999751e+02
1.865777999999999679e+02
1.837761999999999603e+02
1.794813000000000045e+02
1.734937999999999931e+02
1.658297200000000089e+02
1.567395600000000115e+02
1.466805699999999888e+02
1.362481300000000033e+02
1.260828799999999887e+02
1.167731499999999869e+02
1.087737200000000115e+02
1.023524000000000171e+02
9.756866999999998313e+01
9.428143999999998925e+01
9.217967000000001576e+01
9.082863000000000397e+01
8.972583000000000197e+01
8.836266000000000531e+01
8.628700000000000614e+01
8.316199000000000296e+01
7.881297999999999604e+01
7.325480999999999199e+01
6.669286000000001025e+01
5.949443999999999733e+01
5.213412999999999897e+01
4.512099999999999511e+01
3.891998999999999143e+01
3.388212800000000158e+01
3.019587300000000241e+01
2.786965400000000059e+01
2.674894899999999964e+01
2.656412699999999916e+01
2.699838499999999542e+01
2.775920199999999838e+01
2.863679199999999980e+01
2.953573800000000205e+01
3.047467200000000176e+01
3.155721899999999991e+01
3.292570899999999767e+01
3.471136599999999817e+01
3.699429200000000861e+01
3.978050000000000352e+01
4.299743000000000137e+01
4.650400999999999385e+01
5.011023000000000138e+01
5.360165999999999542e+01
5.676668999999998988e+01
5.942435000000000400e+01
6.145069000000000869e+01
6.279916999999999661e+01
6.351049999999999329e+01
6.370844000000001017e+01
6.358251999999999526e+01
6.336188999999998828e+01
6.328780000000000427e+01
6.359152999999999167e+01
6.448068000000000666e+01
6.613242999999999938e+01
6.868839000000001249e+01
7.224613999999999692e+01
7.684547999999999490e+01
8.245374000000001047e+01
8.895737999999997214e+01
9.616736000000000217e+01
1.038419999999999845e+02
1.117234199999999902e+02
1.195795500000000260e+02
1.272416599999999960e+02
1.346304200000000151e+02
1.417657999999999845e+02
1.487636099999999999e+02
1.558186200000000099e+02
1.631813599999999838e+02
1.711266999999999996e+02
1.799210999999999956e+02
1.897873000000000161e+02
2.008752999999999531e+02
2.132388000000000261e+02
2.268217000000000212e+02
2.414575000000000102e+02
2.568763000000000147e+02
2.727237999999999829e+02
2.885865000000000009e+02
3.040244000000000142e+02
3.186052000000000248e+02
3.319416999999999121e+02
3.437204999999999586e+02
3.537190999999999690e+02
3.618100000000000591e+02
3.679454999999999814e+02
3.721292000000000257e+02
3.743825999999999681e+02
3.747112999999999374e+02
3.730882999999999470e+02
3.694524999999999864e+02
3.637273999999999319e+02
3.558520000000000323e+02
3.458183999999999401e+02
3.337006999999999266e+02
3.196768999999999892e+02
3.040367000000000530e+02
2.871743999999999915e+02
2.695713999999999828e+02
2.517656999999999812e+02
2.343098000000000241e+02
2.177230999999999881e+02
2.024363000000000170e+02
1.887469000000000108e+02
1.767856999999999630e+02
1.665161399999999787e+02
1.577567800000000204e+02
1.502298099999999579e+02
1.436221599999999796e+02
1.376391099999999881e+02
1.320411000000000001e+02
1.266557899999999961e+02
1.213675499999999801e+02
1.160960599999999943e+02
1.107757599999999769e+02
1.053462099999999850e+02
9.975735000000000241e+01
9.398875000000001023e+01
8.807596999999999809e+01
8.213686999999998761e+01
7.638850000000000762e+01
7.114911999999998216e+01
6.682245000000000346e+01
6.386549999999999727e+01
6.274333999999998923e+01
6.387495000000000545e+01
6.757278999999999769e+01
7.397825999999999169e+01
8.299844999999999118e+01
9.425359000000000265e+01
1.070524699999999854e+02
1.204132199999999955e+02
1.331423200000000122e+02
1.439704799999999807e+02
1.517283999999999935e+02
1.555247800000000211e+02
1.548904100000000028e+02
1.498486000000000047e+02
1.408988899999999944e+02
1.289152799999999957e+02
1.149893399999999701e+02
1.002543100000000180e+02
8.572993000000001018e+01
7.221635999999999456e+01
6.024649999999999750e+01
5.009114999999999895e+01
4.179955000000000354e+01
3.525594000000000250e+01
3.023653999999999797e+01
2.645820899999999654e+01
2.361871000000000009e+01
2.142850600000000227e+01
1.963630699999999862e+01
1.804721100000000078e+01
1.653141100000000208e+01
1.502181700000000042e+01
1.350206999999999802e+01
1.198845900000000064e+01
1.051131700000000002e+01
9.100541000000001546e+00
7.777797800000000095e+00
6.555092399999999486e+00
5.437474399999999264e+00
4.427067000000000085e+00
3.525968329999999984e+00
2.737147209999999831e+00
2.063387319999999914e+00
1.505246396999999847e+00
1.059236114000000173e+00
7.169734637000001465e-01
4.656548433000000098e-01
2.895684234999998941e-01
1.720960986099999701e-01
9.760125422000001660e-02
5.275147081900000146e-02
2.714131664719999365e-02
1.328128146619999943e-02
6.176153025920000719e-03
2.727608238079999147e-03
1.143377990314999818e-03
4.547108882157999436e-04
1.714928294718799661e-04
6.131605643207997702e-05
2.077769521568900056e-05
6.671256903408699351e-06
2.029156636803109861e-06
5.845779683641800141e-07
1.594864204188550307e-07
4.120033652658380618e-08
1.007686601391365946e-08
2.333219807856287942e-09
5.113907498365783314e-10
1.060936010915427698e-10
2.083208435356744289e-11
3.871344182462959123e-12
6.808561921499010080e-13
1.133172687468121733e-13
1.784705345761518960e-14
2.659831983266406878e-15
3.751002806276673556e-16
5.005345122205374787e-17
6.319832212389078915e-18
7.550136574844906212e-19
8.534410081190420054e-20
9.127590664896851804e-21
9.236270837090812185e-22
8.842817489838572617e-23
8.010019709715202392e-24
6.864706744122219167e-25
5.566119852524820045e-26
4.269947429498602492e-27
3.099049561885374203e-28
2.127994654855104118e-29
1.382428843231064022e-30
8.496651720029618517e-32
4.940614137251908781e-33
2.717958811717983897e-34
1.414591131131539079e-35
6.965366068033153981e-37
3.244758807260794704e-38
1.430024154858103383e-39
5.962511290728969327e-41
2.351999768189397194e-42
8.777416316103285516e-44
3.098967998788294556e-45
1.035122200806119126e-46
3.271010090273741974e-48
9.779011458656832473e-50
2.765843650079334999e-51
7.400828206689889212e-53
1.873493205460170372e-54
4.486861472218232772e-56
1.016606746474595262e-57
2.179123127325373971e-59
4.419059470164556226e-61
8.478046387698918375e-63
1.538792492789469987e-64
2.642307258369393830e-66
4.292448515037129850e-68
6.596971908075342600e-70
9.591847150412363126e-72
1.319404849344708714e-73
1.717007699041005211e-75
2.113896427352561056e-77
2.462139681825877835e-79
2.713066938619518963e-81
2.828308640059020051e-83
