4.500000000000000000e+01
4.376940000000000452e+01
4.027619999999999578e+01
3.506234999999999502e+01
2.887709999999999511e+01
2.250000000000000000e+01
1.658550000000000324e+01
1.156627499999999920e+01
7.630905000000002936e+00
4.762935000000000585e+00
2.812500000000000000e+00
1.571190000000000087e+00
8.303879000000002897e-01
4.152023999999999160e-01
1.964328999999999936e-01
8.800901999999999337e-02
3.759335999999999234e-02
1.607698999999999934e-02
9.051962999999999676e-03
1.138791899999999982e-02
2.509118999999999933e-02
6.050393000000001131e-02
1.412093500000000112e-01
3.132691999999999699e-01
6.590970000000000439e-01
1.314835000000000198e+00
2.487238000000000060e+00
4.462074000000000318e+00
7.592492000000000019e+00
1.225506000000000029e+01
1.876663000000000281e+01
2.726803999999999562e+01
3.759897000000000844e+01
4.920488999999999180e+01
6.112329999999999330e+01
7.208171000000000106e+01
8.070768999999999949e+01
8.580740000000000123e+01
8.663611000000000217e+01
8.307641999999998461e+01
7.566526000000000352e+01
6.546141000000000076e+01
5.379857000000000511e+01
4.200295000000000556e+01
3.115741000000000227e+01
2.196665000000000489e+01
1.473708100000000165e+01
9.449806000000000594e+00
5.883501999999999121e+00
3.745662000000000713e+00
2.781492999999999771e+00
2.846390000000000420e+00
3.939073999999999298e+00
6.197000000000000952e+00
9.855626999999998361e+00
1.517286400000000235e+01
2.232449000000000083e+01
3.128636999999999802e+01
4.173136000000000223e+01
5.297717999999999705e+01
6.401771000000000811e+01
7.365071000000000367e+01
8.068553000000001418e+01
8.418258999999997627e+01
8.365864000000000544e+01
7.919628999999999053e+01
7.142510000000000048e+01
6.138097999999998677e+01
5.028986999999999341e+01
3.934134999999999849e+01
2.951289000000000229e+01
2.148264999999999603e+01
1.563353600000000121e+01
1.212360400000000027e+01
1.098029499999999992e+01
1.217659299999999867e+01
1.566022499999999695e+01
2.132795999999999736e+01
2.895996999999999844e+01
3.814534999999999343e+01
4.823825999999999681e+01
5.837701999999998748e+01
6.757987000000001387e+01
7.490594999999999004e+01
7.964575000000000671e+01
8.149184999999999945e+01
8.064273000000000025e+01
7.780879999999999086e+01
7.411450000000002092e+01
7.091496999999999673e+01
6.956459999999999866e+01
7.118438000000000443e+01
7.647468999999999539e+01
8.561176000000000386e+01
9.824600999999999829e+01
1.135981100000000055e+02
1.306216399999999851e+02
1.481865899999999669e+02
1.652345000000000255e+02
1.808727999999999838e+02
1.944032999999999731e+02
2.053018999999999608e+02
2.131781000000000006e+02
2.177509000000000583e+02
2.188420000000000414e+02
2.163958000000000368e+02
2.105072000000000116e+02
2.014468999999999710e+02
1.896777000000000157e+02
1.758522000000000105e+02
1.607906000000000120e+02
1.454358500000000163e+02
1.307813499999999749e+02
1.177807199999999881e+02
1.072571399999999926e+02
9.983411999999998443e+01
9.590650000000002251e+01
9.565491000000000099e+01
9.908817999999999415e+01
1.060856800000000106e+02
1.164136300000000119e+02
1.297066899999999805e+02
1.454282100000000071e+02
1.628393199999999581e+02
1.810084999999999980e+02
1.988783000000000243e+02
2.153762999999999863e+02
2.295492000000000132e+02
2.406772000000000276e+02
2.483459999999999752e+02
2.524593000000000131e+02
2.532044000000000210e+02
2.509823999999999842e+02
2.463226999999999975e+02
2.398044000000000437e+02
2.319944999999999879e+02
2.234064999999999941e+02
2.144844999999999686e+02
2.056032000000000437e+02
1.970786000000000229e+02
1.891721999999999753e+02
1.820920999999999594e+02
1.759849000000000103e+02
1.709274999999999807e+02
1.669191000000000145e+02
1.638847999999999843e+02
1.616863299999999981e+02
1.601332900000000450e+02
1.589999000000000251e+02
1.580371000000000379e+02
1.569849999999999852e+02
1.555875199999999836e+02
1.536094900000000223e+02
1.508541200000000231e+02
1.471854299999999967e+02
1.425435099999999977e+02
1.369621600000000115e+02
1.305754699999999957e+02
1.236172199999999748e+02
1.164042199999999951e+02
1.093047599999999875e+02
1.026929699999999741e+02
9.689700000000000557e+01
9.214931999999998880e+01
8.855080999999998426e+01
8.605443999999999960e+01
8.447305000000000064e+01
8.350928000000000395e+01
8.280380000000000962e+01
8.199479999999998370e+01
8.077987000000000251e+01
7.896994999999999720e+01
7.652389000000000863e+01
7.355431999999998993e+01
7.030102999999999724e+01
6.707563000000000386e+01
6.419084999999999752e+01
6.189275999999999556e+01
6.031411000000000655e+01
5.946141999999999683e+01
5.923562000000001149e+01
5.947784000000000759e+01
6.002320000000000277e+01
6.074625999999999948e+01
6.158713999999999800e+01
6.255492999999999881e+01
6.371208000000000027e+01
6.514759999999998286e+01
6.694799999999999329e+01
6.917226000000000852e+01
7.183512000000000342e+01
7.490112999999999488e+01
7.828846000000000060e+01
8.188143999999999778e+01
8.554793999999999699e+01
8.915757000000000687e+01
9.259767999999998267e+01
9.578328000000001907e+01
9.866217999999999222e+01
1.012159200000000254e+02
1.034601100000000002e+02
1.054460199999999759e+02
1.072628400000000113e+02
1.090368599999999901e+02
1.109231699999999989e+02
1.130848200000000077e+02
1.156596100000000007e+02
1.187202899999999772e+02
1.222376999999999754e+02
1.260625599999999906e+02
1.299338799999999878e+02
1.335204900000000237e+02
1.364871899999999698e+02
1.385709699999999884e+02
1.396448900000000037e+02
1.397513799999999833e+02
1.390927499999999952e+02
1.379839299999999866e+02
1.367777299999999912e+02
1.357872500000000002e+02
1.352258899999999926e+02
1.351800099999999816e+02
1.356166100000000085e+02
1.364218099999999936e+02
1.374535799999999881e+02
1.385885600000000011e+02
1.397490799999999922e+02
1.409019199999999898e+02
1.420312600000000316e+02
1.430980400000000259e+02
1.440096400000000187e+02
1.446098400000000197e+02
1.447020100000000014e+02
1.440975199999999745e+02
1.426718000000000188e+02
1.404076100000000054e+02
1.374079800000000091e+02
1.338743000000000052e+02
1.300574599999999919e+02
1.261986499999999722e+02
1.224818199999999848e+02
1.190106999999999999e+02
1.158153599999999841e+02
1.128798299999999983e+02
1.101763000000000119e+02
1.076891999999999996e+02
1.054178200000000061e+02
1.033578599999999881e+02
1.014710599999999943e+02
9.965997000000001549e+01
9.776304000000000372e+01
9.557685999999999638e+01
9.290084999999999127e+01
8.958842999999998824e+01
8.558643000000000711e+01
8.094852000000000203e+01
7.582049999999999557e+01
7.040541999999999234e+01
6.492391999999999541e+01
5.958199000000000467e+01
5.455319000000000784e+01
4.997253999999999508e+01
4.593511000000000166e+01
4.249374999999999858e+01
3.965406999999999726e+01
3.736967999999999535e+01
3.554309000000000651e+01
3.403557399999999689e+01
3.268523399999999413e+01
3.132945199999999986e+01
2.982608899999999608e+01
2.806981100000000495e+01
2.600219799999999992e+01
2.361642700000000161e+01
2.095812400000000153e+01
1.812184999999999846e+01
1.524371700000000018e+01
1.248919900000000283e+01
1.003803999999999874e+01
8.069283999999999679e+00
6.750108999999999249e+00
6.229561999999999600e+00
6.636060000000000514e+00
8.074044000000000665e+00
1.061552000000000007e+01
1.428479500000000080e+01
1.903966300000000089e+01
2.475681700000000163e+01
3.123033000000000214e+01
3.818989000000000544e+01
4.533771000000000129e+01
5.239663000000000181e+01
5.915537999999999386e+01
6.549814000000000647e+01
7.140950999999999738e+01
7.695516000000000645e+01
8.224514000000000635e+01
8.739318999999998994e+01
9.248331000000000301e+01
9.755270999999999049e+01
1.025924900000000122e+02
1.075617600000000067e+02
1.124065799999999768e+02
1.170755899999999912e+02
1.215273500000000126e+02
1.257309700000000134e+02
1.296648700000000076e+02
1.333207799999999850e+02
1.367141900000000021e+02
1.398983599999999967e+02
1.429733599999999853e+02
1.460830199999999763e+02
1.493950100000000134e+02
1.530748399999999947e+02
1.572573700000000088e+02
1.620370300000000157e+02
1.674734100000000012e+02
1.736147000000000276e+02
1.805267000000000337e+02
1.883153999999999826e+02
1.971382999999999868e+02
2.071974000000000444e+02
2.187198000000000206e+02
2.319250000000000114e+02
2.469826999999999657e+02
2.639631000000000540e+02
2.827816999999999439e+02
3.031537999999999897e+02
3.245667000000000257e+02
3.462896999999999821e+02
3.674307000000000016e+02
3.870356999999999630e+02
4.042199999999999136e+02
4.183003999999999678e+02
4.289035000000000650e+02
4.360185999999999922e+02
4.399872999999999479e+02
4.414291000000000054e+02
4.411212999999999624e+02
4.398641999999999825e+02
4.383557000000000130e+02
4.371061000000000263e+02
4.363999999999999773e+02
4.363069000000000415e+02
4.367208999999999719e+02
4.374147000000000958e+02
4.380799000000000092e+02
4.383494999999999777e+02
4.378051000000000386e+02
4.359704000000000406e+02
4.323290000000000646e+02
4.263553999999999746e+02
4.175860999999999308e+02
4.056988000000000625e+02
3.905929000000000997e+02
3.724368000000000052e+02
3.516696000000000026e+02
3.289534000000000447e+02
3.050861000000000445e+02
2.808990000000000578e+02
2.571623000000000161e+02
2.345200000000000387e+02
2.134543000000000177e+02
1.942787999999999897e+02
1.771533000000000015e+02
1.621060799999999915e+02
1.490577499999999986e+02
1.378486699999999985e+02
1.282647699999999986e+02
1.200656400000000019e+02
1.130130900000000196e+02
1.068985899999999987e+02
1.015675699999999892e+02
9.693975999999999260e+01
9.302397999999999456e+01
8.992791000000001134e+01
8.786032000000001574e+01
8.712270999999998367e+01
8.808431999999999107e+01
9.113657000000000608e+01
9.662718999999998459e+01
1.047825400000000116e+02
1.156340999999999894e+02
1.289677199999999857e+02
1.443105100000000220e+02
1.609597600000000170e+02
1.780435999999999694e+02
1.945996999999999559e+02
2.096459999999999582e+02
2.222408999999999821e+02
2.315286000000000399e+02
2.367815000000000509e+02
2.374548999999999808e+02
2.332529000000000110e+02
2.242014000000000067e+02
2.106988000000000056e+02
1.935251999999999839e+02
1.737863000000000113e+02
1.527959599999999796e+02
1.319097099999999898e+02
1.123493799999999965e+02
9.505096000000000345e+01
8.057093000000000416e+01
6.906538000000000466e+01
6.033889000000000635e+01
5.394298000000000570e+01
4.929491999999999763e+01
4.578974000000000899e+01
4.288586000000000098e+01
4.015788000000000579e+01
3.731958000000000197e+01
3.422562999999999533e+01
3.086053000000000068e+01
2.731920999999999822e+01
2.378042599999999851e+01
2.047188999999999837e+01
1.762741499999999562e+01
1.544006899999999938e+01
1.401938899999999855e+01
1.336214100000000116e+01
1.334518400000000149e+01
1.374465400000000059e+01
1.427831300000000070e+01
1.466186599999999807e+01
1.466521400000000064e+01
1.415443100000000065e+01
1.310923100000000119e+01
1.161354999999999826e+01
9.824021999999997590e+00
7.927262999999999948e+00
6.098480000000000345e+00
4.471258999999999872e+00
3.123453400000000268e+00
2.078446099999999852e+00
1.317176499999999972e+00
7.947808699999999726e-01
4.564977700000000249e-01
2.495179699999999778e-01
1.297519969999999800e-01
6.417258900000000210e-02
3.017732400000000537e-02
1.348903700000000060e-02
5.729638700000000244e-03
2.312051060000000057e-03
8.860875900000000568e-04
3.224450960000000300e-04
1.113858000000000068e-04
3.651735509999999888e-05
1.135988679999999899e-05
3.352489119999999586e-06
9.384235820000000846e-07
2.491124049000000588e-07
6.270306289999999760e-08
1.496276030000000106e-08
3.384594158999999557e-09
7.256350654000000670e-10
1.474328877000000369e-10
2.838491628999999796e-11
5.177876093000000541e-12
8.948421356999999297e-13
1.464980410300000140e-13
2.271821324699999810e-14
3.336843978100000186e-15
4.641814387600000134e-16
6.115018337500000167e-17
7.628510897600002671e-18
9.011267313499998900e-19
1.007888039830000029e-19
1.067323395089999835e-20
1.070076499509999953e-21
1.015660934799999890e-22
9.125953906600000047e-24
7.762209198879999558e-25
6.249618610299999848e-26
4.762848814890000888e-27
3.435657992669999940e-28
2.345678753914000028e-29
1.515766687800999982e-30
9.270121997800000534e-32
5.365597516849999343e-33
2.939138946616000075e-34
1.523630204827000140e-35
7.474618931782000818e-37
3.470078436104999395e-38
1.524477755183700043e-39
6.337623009767001123e-41
2.493157824734200174e-42
9.280737001581999615e-44
3.269042243036200622e-45
1.089575911914700115e-46
3.436249224082399783e-48
1.025415507250859762e-49
2.895329182274769379e-51
7.735268353658499311e-53
1.955355586069729877e-54
4.676794357268029260e-56
1.058364300282279872e-57
2.266145285612600206e-59
4.590912773607830558e-61
8.799688389199460384e-63
1.595844579776399801e-64
