# Gaussian folded, width=10 cm^-1
# [cm^-1] arbitrary
0.000      3.00000e+00
1.000      2.91796e+00
2.000      2.68508e+00
3.000      2.33749e+00
4.000      1.92514e+00
5.000      1.50000e+00
6.000      1.10570e+00
7.000      7.71085e-01
8.000      5.08727e-01
9.000      3.17530e-01
10.000      1.87501e-01
11.000      1.04750e-01
12.000      5.53723e-02
13.000      2.77216e-02
14.000      1.32199e-02
15.000      6.22040e-03
16.000      3.45538e-03
17.000      3.48684e-03
18.000      6.41960e-03
19.000      1.40145e-02
20.000      3.02547e-02
21.000      6.23256e-02
22.000      1.21815e-01
23.000      2.25697e-01
24.000      3.96368e-01
25.000      6.59836e-01
26.000      1.04125e+00
27.000      1.55769e+00
28.000      2.20916e+00
29.000      2.97041e+00
30.000      3.78674e+00
31.000      4.57708e+00
32.000      5.24568e+00
33.000      5.70055e+00
34.000      5.87416e+00
35.000      5.73984e+00
36.000      5.31856e+00
37.000      4.67369e+00
38.000      3.89564e+00
39.000      3.08171e+00
40.000      2.31751e+00
41.000      1.66514e+00
42.000      1.16001e+00
43.000      8.15389e-01
44.000      6.31214e-01
45.000      6.03248e-01
46.000      7.29185e-01
47.000      1.00983e+00
48.000      1.44512e+00
49.000      2.02649e+00
50.000      2.72829e+00
51.000      3.50187e+00
52.000      4.27543e+00
53.000      4.96165e+00
54.000      5.47205e+00
55.000      5.73498e+00
56.000      5.71174e+00
57.000      5.40584e+00
58.000      4.86224e+00
59.000      4.15690e+00
60.000      3.38009e+00
61.000      2.61886e+00
62.000      1.94375e+00
63.000      1.40251e+00
64.000      1.02120e+00
65.000      8.10178e-01
66.000      7.71611e-01
67.000      9.04986e-01
68.000      1.20852e+00
69.000      1.67605e+00
70.000      2.29082e+00
71.000      3.01928e+00
72.000      3.80829e+00
73.000      4.58868e+00
74.000      5.28626e+00
75.000      5.83838e+00
76.000      6.21171e+00
77.000      6.41522e+00
78.000      6.50314e+00
79.000      6.56564e+00
80.000      6.70881e+00
81.000      7.02975e+00
82.000      7.59385e+00
83.000      8.42089e+00
84.000      9.48308e+00
85.000      1.07138e+01
86.000      1.20232e+01
87.000      1.33143e+01
88.000      1.44960e+01
89.000      1.54909e+01
90.000      1.62386e+01
91.000      1.66962e+01
92.000      1.68397e+01
93.000      1.66653e+01
94.000      1.61922e+01
95.000      1.54625e+01
96.000      1.45393e+01
97.000      1.35002e+01
98.000      1.24267e+01
99.000      1.13940e+01
100.000      1.04620e+01
101.000      9.67281e+00
102.000      9.05263e+00
103.000      8.61963e+00
104.000      8.39181e+00
105.000      8.39195e+00
106.000      8.64680e+00
107.000      9.18000e+00
108.000      1.00011e+01
109.000      1.10943e+01
110.000      1.24106e+01
111.000      1.38668e+01
112.000      1.53529e+01
113.000      1.67464e+01
114.000      1.79317e+01
115.000      1.88188e+01
116.000      1.93577e+01
117.000      1.95434e+01
118.000      1.94114e+01
119.000      1.90265e+01
120.000      1.84673e+01
121.000      1.78134e+01
122.000      1.71353e+01
123.000      1.64898e+01
124.000      1.59172e+01
125.000      1.54405e+01
126.000      1.50648e+01
127.000      1.47780e+01
128.000      1.45527e+01
129.000      1.43510e+01
130.000      1.41304e+01
131.000      1.38514e+01
132.000      1.34828e+01
133.000      1.30069e+01
134.000      1.24214e+01
135.000      1.17401e+01
136.000      1.09915e+01
137.000      1.02155e+01
138.000      9.45863e+00
139.000      8.76691e+00
140.000      8.17856e+00
141.000      7.71709e+00
142.000      7.38712e+00
143.000      7.17380e+00
144.000      7.04624e+00
145.000      6.96417e+00
146.000      6.88603e+00
147.000      6.77677e+00
148.000      6.61378e+00
149.000      6.38981e+00
150.000      6.11247e+00
151.000      5.80065e+00
152.000      5.47862e+00
153.000      5.16922e+00
154.000      4.88773e+00
155.000      4.63799e+00
156.000      4.41164e+00
157.000      4.19092e+00
158.000      3.95413e+00
159.000      3.68258e+00
160.000      3.36735e+00
161.000      3.01393e+00
162.000      2.64376e+00
163.000      2.29215e+00
164.000      2.00307e+00
165.000      1.82197e+00
166.000      1.78836e+00
167.000      1.92922e+00
168.000      2.25456e+00
169.000      2.75546e+00
170.000      3.40499e+00
171.000      4.16189e+00
172.000      4.97686e+00
173.000      5.80038e+00
174.000      6.59099e+00
175.000      7.32223e+00
176.000      7.98645e+00
177.000      8.59441e+00
178.000      9.17031e+00
179.000      9.74334e+00
180.000      1.03379e+01
181.000      1.09654e+01
182.000      1.16203e+01
183.000      1.22813e+01
184.000      1.29178e+01
185.000      1.34990e+01
186.000      1.40020e+01
187.000      1.44167e+01
188.000      1.47466e+01
189.000      1.50046e+01
190.000      1.52084e+01
191.000      1.53750e+01
192.000      1.55188e+01
193.000      1.56525e+01
194.000      1.57897e+01
195.000      1.59483e+01
196.000      1.61517e+01
197.000      1.64272e+01
198.000      1.68015e+01
199.000      1.72937e+01
200.000      1.79078e+01
201.000      1.86271e+01
202.000      1.94118e+01
203.000      2.02013e+01
204.000      2.09208e+01
205.000      2.14928e+01
206.000      2.18489e+01
207.000      2.19426e+01
208.000      2.17572e+01
209.000      2.13086e+01
210.000      2.06404e+01
211.000      1.98145e+01
212.000      1.88984e+01
213.000      1.79549e+01
214.000      1.70365e+01
215.000      1.61858e+01
216.000      1.54398e+01
217.000      1.48336e+01
218.000      1.44000e+01
219.000      1.41641e+01
220.000      1.41330e+01
221.000      1.42871e+01
222.000      1.45776e+01
223.000      1.49331e+01
224.000      1.52758e+01
225.000      1.55425e+01
226.000      1.57023e+01
227.000      1.57669e+01
228.000      1.57877e+01
229.000      1.58414e+01
230.000      1.60079e+01
231.000      1.63486e+01
232.000      1.68892e+01
233.000      1.76135e+01
234.000      1.84684e+01
235.000      1.93769e+01
236.000      2.02563e+01
237.000      2.10337e+01
238.000      2.16576e+01
239.000      2.21012e+01
240.000      2.23610e+01
241.000      2.24515e+01
242.000      2.23999e+01
243.000      2.22419e+01
244.000      2.20193e+01
245.000      2.17766e+01
246.000      2.15549e+01
247.000      2.13840e+01
248.000      2.12725e+01
249.000      2.12010e+01
250.000      2.11205e+01
251.000      2.09586e+01
252.000      2.06337e+01
253.000      2.00739e+01
254.000      1.92335e+01
255.000      1.81060e+01
256.000      1.67257e+01
257.000      1.51613e+01
258.000      1.35026e+01
259.000      1.18443e+01
260.000      1.02721e+01
261.000      8.85244e+00
262.000      7.62797e+00
263.000      6.61727e+00
264.000      5.81788e+00
265.000      5.21099e+00
266.000      4.76714e+00
267.000      4.45207e+00
268.000      4.23247e+00
269.000      4.08099e+00
270.000      3.97984e+00
271.000      3.92229e+00
272.000      3.91177e+00
273.000      3.95886e+00
274.000      4.07689e+00
275.000      4.27720e+00
276.000      4.56455e+00
277.000      4.93350e+00
278.000      5.36586e+00
279.000      5.83010e+00
280.000      6.28362e+00
281.000      6.67824e+00
282.000      6.96833e+00
283.000      7.11950e+00
284.000      7.11504e+00
285.000      6.95785e+00
286.000      6.66739e+00
287.000      6.27311e+00
288.000      5.80750e+00
289.000      5.30128e+00
290.000      4.78199e+00
291.000      4.27524e+00
292.000      3.80654e+00
293.000      3.40156e+00
294.000      3.08412e+00
295.000      2.87214e+00
296.000      2.77335e+00
297.000      2.78234e+00
298.000      2.87991e+00
299.000      3.03505e+00
300.000      3.20892e+00
301.000      3.36056e+00
302.000      3.45320e+00
303.000      3.46075e+00
304.000      3.37281e+00
305.000      3.19713e+00
306.000      2.95809e+00
307.000      2.69140e+00
308.000      2.43609e+00
309.000      2.22622e+00
310.000      2.08474e+00
311.000      2.02110e+00
312.000      2.03264e+00
313.000      2.10838e+00
314.000      2.23352e+00
315.000      2.39289e+00
316.000      2.57310e+00
317.000      2.76382e+00
318.000      2.95920e+00
319.000      3.15985e+00
320.000      3.37523e+00
321.000      3.62497e+00
322.000      3.93802e+00
323.000      4.34833e+00
324.000      4.88762e+00
325.000      5.57696e+00
326.000      6.41985e+00
327.000      7.39915e+00
328.000      8.47908e+00
329.000      9.61144e+00
330.000      1.07438e+01
331.000      1.18267e+01
332.000      1.28187e+01
333.000      1.36884e+01
334.000      1.44144e+01
335.000      1.49860e+01
336.000      1.54027e+01
337.000      1.56749e+01
338.000      1.58219e+01
339.000      1.58679e+01
340.000      1.58353e+01
341.000      1.57366e+01
342.000      1.55689e+01
343.000      1.53121e+01
344.000      1.49333e+01
345.000      1.43964e+01
346.000      1.36746e+01
347.000      1.27628e+01
348.000      1.16851e+01
349.000      1.04953e+01
350.000      9.27122e+00
351.000      8.10211e+00
352.000      7.07442e+00
353.000      6.25793e+00
354.000      5.69576e+00
355.000      5.39971e+00
356.000      5.35130e+00
357.000      5.50752e+00
358.000      5.80950e+00
359.000      6.19208e+00
360.000      6.59222e+00
361.000      6.95490e+00
362.000      7.23630e+00
363.000      7.40485e+00
364.000      7.44137e+00
365.000      7.33931e+00
366.000      7.10545e+00
367.000      6.76023e+00
368.000      6.33635e+00
369.000      5.87456e+00
370.000      5.41653e+00
371.000      4.99635e+00
372.000      4.63318e+00
373.000      4.32787e+00
374.000      4.06522e+00
375.000      3.82144e+00
376.000      3.57467e+00
377.000      3.31465e+00
378.000      3.04837e+00
379.000      2.79930e+00
380.000      2.60061e+00
381.000      2.48431e+00
382.000      2.46992e+00
383.000      2.55643e+00
384.000      2.72014e+00
385.000      2.91923e+00
386.000      3.10375e+00
387.000      3.22787e+00
388.000      3.26047e+00
389.000      3.19086e+00
390.000      3.02811e+00
391.000      2.79498e+00
392.000      2.51921e+00
393.000      2.22576e+00
394.000      1.93220e+00
395.000      1.64831e+00
396.000      1.37857e+00
397.000      1.12554e+00
398.000      8.92337e-01
399.000      6.83229e-01
400.000      5.02732e-01
401.000      3.54050e-01
402.000      2.37880e-01
403.000      1.52114e-01
404.000      9.24136e-02
405.000      5.32729e-02
406.000      2.91134e-02
407.000      1.50738e-02
408.000      7.39102e-03
409.000      3.43088e-03
410.000      1.50742e-03
411.000      6.26798e-04
412.000      2.46626e-04
413.000      9.18203e-05
414.000      3.23449e-05
415.000      1.07801e-05
416.000      3.39925e-06
417.000      1.01409e-06
418.000      2.86220e-07
419.000      7.64274e-08
420.000      1.93073e-08
421.000      4.61440e-09
422.000      1.04335e-09
423.000      2.23184e-10
424.000      4.51664e-11
425.000      8.64742e-12
426.000      1.56630e-12
427.000      2.68401e-13
428.000      4.35120e-14
429.000      6.67348e-15
430.000      9.68308e-16
431.000      1.32921e-16
432.000      1.72619e-17
433.000      2.12082e-18
434.000      2.46510e-19
435.000      2.71072e-20
436.000      2.82001e-21
437.000      2.77547e-22
438.000      2.58427e-23
439.000      2.27645e-24
440.000      1.89712e-25
441.000      1.49572e-26
442.000      1.11564e-27
443.000      7.87251e-29
444.000      5.25559e-30
445.000      3.31930e-31
446.000      1.98331e-32
447.000      1.12112e-33
448.000      5.99555e-35
449.000      3.03336e-36
450.000      1.45190e-37
451.000      6.57460e-39
452.000      2.81655e-40
453.000      1.14152e-41
454.000      4.37691e-43
455.000      1.58770e-44
456.000      5.44865e-46
457.000      1.76899e-47
458.000      5.43350e-49
459.000      1.57889e-50
460.000      4.34051e-52
461.000      1.12888e-53
462.000      2.77762e-55
463.000      6.46569e-57
464.000      1.42388e-58
465.000      2.96655e-60
466.000      5.84719e-62
467.000      1.09034e-63
468.000      1.92349e-65
469.000      3.21025e-67
470.000      5.06878e-69
471.000      7.57158e-71
472.000      1.07001e-72
473.000      1.43056e-74
474.000      1.80943e-76
475.000      2.16519e-78
476.000      2.45113e-80
477.000      2.62515e-82
478.000      2.65987e-84
479.000      2.54968e-86
480.000      2.31221e-88
481.000      1.98374e-90
482.000      1.61014e-92
483.000      1.23639e-94
484.000      8.98191e-97
485.000      6.17302e-99
486.000     4.01370e-101
487.000     2.46894e-103
488.000     1.43679e-105
489.000     7.91028e-108
490.000     4.12012e-110
491.000     2.03023e-112
492.000     9.46449e-115
493.000     4.17414e-117
494.000     1.74163e-119
495.000     6.87481e-122
496.000     2.56734e-124
497.000     9.07036e-127
498.000     3.03168e-129
499.000     9.58647e-132
500.000     2.86782e-134
