# Gaussian folded, width=10 cm^-1
# [cm^-1] arbitrary
0.000      3.00000e+00
1.000      2.91796e+00
2.000      2.68508e+00
3.000      2.33749e+00
4.000      1.92514e+00
5.000      1.50000e+00
6.000      1.10570e+00
7.000      7.71085e-01
8.000      5.08727e-01
9.000      3.17529e-01
10.000      1.87500e-01
11.000      1.04746e-01
12.000      5.53592e-02
13.000      2.76801e-02
14.000      1.30954e-02
15.000      5.86689e-03
16.000      2.50517e-03
17.000      1.06902e-03
18.000      5.96619e-04
19.000      7.43525e-04
20.000      1.63953e-03
21.000      3.96881e-03
22.000      9.29890e-03
23.000      2.07019e-02
24.000      4.36896e-02
25.000      8.73867e-02
26.000      1.65671e-01
27.000      2.97736e-01
28.000      5.07295e-01
29.000      8.19587e-01
30.000      1.25574e+00
31.000      1.82493e+00
32.000      2.51595e+00
33.000      3.29113e+00
34.000      4.08557e+00
35.000      4.81394e+00
36.000      5.38481e+00
37.000      5.71927e+00
38.000      5.76884e+00
39.000      5.52699e+00
40.000      5.03050e+00
41.000      4.35033e+00
42.000      3.57504e+00
43.000      2.79221e+00
44.000      2.07300e+00
45.000      1.46356e+00
46.000      9.83867e-01
47.000      6.32642e-01
48.000      3.95432e-01
49.000      2.53222e-01
50.000      1.89570e-01
51.000      1.95338e-01
52.000      2.70812e-01
53.000      4.25274e-01
54.000      6.74128e-01
55.000      1.03372e+00
56.000      1.51435e+00
57.000      2.11264e+00
58.000      2.80521e+00
59.000      3.54583e+00
60.000      4.26813e+00
61.000      4.89423e+00
62.000      5.34816e+00
63.000      5.57079e+00
64.000      5.53234e+00
65.000      5.23887e+00
66.000      4.73092e+00
67.000      4.07478e+00
68.000      3.34917e+00
69.000      2.63124e+00
70.000      1.98546e+00
71.000      1.45783e+00
72.000      1.07563e+00
73.000      8.51288e-01
74.000      7.87790e-01
75.000      8.83058e-01
76.000      1.13150e+00
77.000      1.52238e+00
78.000      2.03619e+00
79.000      2.64091e+00
80.000      3.29077e+00
81.000      3.92893e+00
82.000      4.49452e+00
83.000      4.93279e+00
84.000      5.20594e+00
85.000      5.30182e+00
86.000      5.23838e+00
87.000      5.06249e+00
88.000      4.84365e+00
89.000      4.66357e+00
90.000      4.60369e+00
91.000      4.73276e+00
92.000      5.09660e+00
93.000      5.71164e+00
94.000      6.56323e+00
95.000      7.60868e+00
96.000      8.78389e+00
97.000      1.00120e+01
98.000      1.12124e+01
99.000      1.23090e+01
100.000      1.32364e+01
101.000      1.39450e+01
102.000      1.44029e+01
103.000      1.45971e+01
104.000      1.45316e+01
105.000      1.42246e+01
106.000      1.37050e+01
107.000      1.30090e+01
108.000      1.21782e+01
109.000      1.12580e+01
110.000      1.02971e+01
111.000      9.34617e+00
112.000      8.45714e+00
113.000      7.68028e+00
114.000      7.06146e+00
115.000      6.63924e+00
116.000      6.44258e+00
117.000      6.48975e+00
118.000      6.78804e+00
119.000      7.33374e+00
120.000      8.11132e+00
121.000      9.09168e+00
122.000      1.02301e+01
123.000      1.14656e+01
124.000      1.27229e+01
125.000      1.39192e+01
126.000      1.49735e+01
127.000      1.58170e+01
128.000      1.64027e+01
129.000      1.67096e+01
130.000      1.67434e+01
131.000      1.65328e+01
132.000      1.61237e+01
133.000      1.55722e+01
134.000      1.49379e+01
135.000      1.42781e+01
136.000      1.36418e+01
137.000      1.30656e+01
138.000      1.25727e+01
139.000      1.21728e+01
140.000      1.18657e+01
141.000      1.16450e+01
142.000      1.15010e+01
143.000      1.14229e+01
144.000      1.13983e+01
145.000      1.14116e+01
146.000      1.14435e+01
147.000      1.14694e+01
148.000      1.14615e+01
149.000      1.13909e+01
150.000      1.12325e+01
151.000      1.09688e+01
152.000      1.05943e+01
153.000      1.01169e+01
154.000      9.55723e+00
155.000      8.94527e+00
156.000      8.31583e+00
157.000      7.70386e+00
158.000      7.14104e+00
159.000      6.65422e+00
160.000      6.26496e+00
161.000      5.98927e+00
162.000      5.83628e+00
163.000      5.80571e+00
164.000      5.88481e+00
165.000      6.04640e+00
166.000      6.24977e+00
167.000      6.44517e+00
168.000      6.58142e+00
169.000      6.61496e+00
170.000      6.51791e+00
171.000      6.28306e+00
172.000      5.92448e+00
173.000      5.47389e+00
174.000      4.97368e+00
175.000      4.46874e+00
176.000      3.99881e+00
177.000      3.59317e+00
178.000      3.26823e+00
179.000      3.02820e+00
180.000      2.86792e+00
181.000      2.77703e+00
182.000      2.74432e+00
183.000      2.76152e+00
184.000      2.82575e+00
185.000      2.94026e+00
186.000      3.11322e+00
187.000      3.35477e+00
188.000      3.67308e+00
189.000      4.07031e+00
190.000      4.53965e+00
191.000      5.06414e+00
192.000      5.61796e+00
193.000      6.16979e+00
194.000      6.68790e+00
195.000      7.14565e+00
196.000      7.52638e+00
197.000      7.82592e+00
198.000      8.05218e+00
199.000      8.22145e+00
200.000      8.35283e+00
201.000      8.46261e+00
202.000      8.56087e+00
203.000      8.65140e+00
204.000      8.73430e+00
205.000      8.80961e+00
206.000      8.87935e+00
207.000      8.94698e+00
208.000      9.01457e+00
209.000      9.07991e+00
210.000      9.13573e+00
211.000      9.17210e+00
212.000      9.18101e+00
213.000      9.16081e+00
214.000      9.11808e+00
215.000      9.06598e+00
216.000      9.01981e+00
217.000      8.99189e+00
218.000      8.98773e+00
219.000      9.00470e+00
220.000      9.03315e+00
221.000      9.05945e+00
222.000      9.07013e+00
223.000      9.05642e+00
224.000      9.01848e+00
225.000      8.96805e+00
226.000      8.92825e+00
227.000      8.92924e+00
228.000      9.00005e+00
229.000      9.15817e+00
230.000      9.40035e+00
231.000      9.69816e+00
232.000      1.00010e+01
233.000      1.02461e+01
234.000      1.03734e+01
235.000      1.03398e+01
236.000      1.01293e+01
237.000      9.75480e+00
238.000      9.25367e+00
239.000      8.67741e+00
240.000      8.08066e+00
241.000      7.51220e+00
242.000      7.01003e+00
243.000      6.60032e+00
244.000      6.29890e+00
245.000      6.11293e+00
246.000      6.04138e+00
247.000      6.07370e+00
248.000      6.18773e+00
249.000      6.34872e+00
250.000      6.51130e+00
251.000      6.62515e+00
252.000      6.64369e+00
253.000      6.53322e+00
254.000      6.27987e+00
255.000      5.89201e+00
256.000      5.39774e+00
257.000      4.83851e+00
258.000      4.26131e+00
259.000      3.71141e+00
260.000      3.22702e+00
261.000      2.83563e+00
262.000      2.55162e+00
263.000      2.37466e+00
264.000      2.28920e+00
265.000      2.26613e+00
266.000      2.26733e+00
267.000      2.25291e+00
268.000      2.18968e+00
269.000      2.05830e+00
270.000      1.85690e+00
271.000      1.60004e+00
272.000      1.31352e+00
273.000      1.02719e+00
274.000      7.68203e-01
275.000      5.56662e-01
276.000      4.04407e-01
277.000      3.16337e-01
278.000      2.93009e-01
279.000      3.33092e-01
280.000      4.34746e-01
281.000      5.95703e-01
282.000      8.12491e-01
283.000      1.07951e+00
284.000      1.38865e+00
285.000      1.72975e+00
286.000      2.09173e+00
287.000      2.46389e+00
288.000      2.83686e+00
289.000      3.20286e+00
290.000      3.55558e+00
291.000      3.88997e+00
292.000      4.20257e+00
293.000      4.49248e+00
294.000      4.76267e+00
295.000      5.02098e+00
296.000      5.27993e+00
297.000      5.55488e+00
298.000      5.86049e+00
299.000      6.20660e+00
300.000      6.59458e+00
301.000      7.01557e+00
302.000      7.45152e+00
303.000      7.87895e+00
304.000      8.27446e+00
305.000      8.62061e+00
306.000      8.91015e+00
307.000      9.14767e+00
308.000      9.34784e+00
309.000      9.53106e+00
310.000      9.71786e+00
311.000      9.92373e+00
312.000      1.01560e+01
313.000      1.04140e+01
314.000      1.06911e+01
315.000      1.09800e+01
316.000      1.12768e+01
317.000      1.15851e+01
318.000      1.19181e+01
319.000      1.22978e+01
320.000      1.27527e+01
321.000      1.33134e+01
322.000      1.40077e+01
323.000      1.48553e+01
324.000      1.58635e+01
325.000      1.70255e+01
326.000      1.83195e+01
327.000      1.97106e+01
328.000      2.11531e+01
329.000      2.25940e+01
330.000      2.39772e+01
331.000      2.52484e+01
332.000      2.63614e+01
333.000      2.72834e+01
334.000      2.80010e+01
335.000      2.85215e+01
336.000      2.88712e+01
337.000      2.90900e+01
338.000      2.92229e+01
339.000      2.93114e+01
340.000      2.93870e+01
341.000      2.94674e+01
342.000      2.95564e+01
343.000      2.96459e+01
344.000      2.97199e+01
345.000      2.97581e+01
346.000      2.97381e+01
347.000      2.96371e+01
348.000      2.94315e+01
349.000      2.90961e+01
350.000      2.86053e+01
351.000      2.79355e+01
352.000      2.70712e+01
353.000      2.60128e+01
354.000      2.47824e+01
355.000      2.34255e+01
356.000      2.20057e+01
357.000      2.05925e+01
358.000      1.92470e+01
359.000      1.80085e+01
360.000      1.68878e+01
361.000      1.58694e+01
362.000      1.49198e+01
363.000      1.40002e+01
364.000      1.30783e+01
365.000      1.21369e+01
366.000      1.11762e+01
367.000      1.02136e+01
368.000      9.27803e+00
369.000      8.40431e+00
370.000      7.62595e+00
371.000      6.96938e+00
372.000      6.44976e+00
373.000      6.06951e+00
374.000      5.82001e+00
375.000      5.68636e+00
376.000      5.65403e+00
377.000      5.71548e+00
378.000      5.87450e+00
379.000      6.14655e+00
380.000      6.55461e+00
381.000      7.12143e+00
382.000      7.86041e+00
383.000      8.76777e+00
384.000      9.81811e+00
385.000      1.09645e+01
386.000      1.21424e+01
387.000      1.32768e+01
388.000      1.42902e+01
389.000      1.51096e+01
390.000      1.56734e+01
391.000      1.59358e+01
392.000      1.58704e+01
393.000      1.54728e+01
394.000      1.47620e+01
395.000      1.37794e+01
396.000      1.25869e+01
397.000      1.12613e+01
398.000      9.88730e+00
399.000      8.54896e+00
400.000      7.32087e+00
401.000      6.26049e+00
402.000      5.40236e+00
403.000      4.75523e+00
404.000      4.30239e+00
405.000      4.00540e+00
406.000      3.81094e+00
407.000      3.66014e+00
408.000      3.49879e+00
409.000      3.28662e+00
410.000      3.00336e+00
411.000      2.65041e+00
412.000      2.24745e+00
413.000      1.82562e+00
414.000      1.41911e+00
415.000      1.05782e+00
416.000      7.62792e-01
417.000      5.44874e-01
418.000      4.06035e-01
419.000      3.41918e-01
420.000      3.44211e-01
421.000      4.01932e-01
422.000      5.01592e-01
423.000      6.26857e-01
424.000      7.58680e-01
425.000      8.76642e-01
426.000      9.61644e-01
427.000      9.99303e-01
428.000      9.82913e-01
429.000      9.14814e-01
430.000      8.05563e-01
431.000      6.71113e-01
432.000      5.28949e-01
433.000      3.94414e-01
434.000      2.78232e-01
435.000      1.85687e-01
436.000      1.17239e-01
437.000      7.00297e-02
438.000      3.95739e-02
439.000      2.11570e-02
440.000      1.07008e-02
441.000      5.12029e-03
442.000      2.31789e-03
443.000      9.92674e-04
444.000      4.02197e-04
445.000      1.54166e-04
446.000      5.59058e-05
447.000      1.91797e-05
448.000      6.22508e-06
449.000      1.91146e-06
450.000      5.55268e-07
451.000      1.52601e-07
452.000      3.96764e-08
453.000      9.75939e-09
454.000      2.27107e-09
455.000      4.99985e-10
456.000      1.04136e-10
457.000      2.05193e-11
458.000      3.82508e-12
459.000      6.74585e-13
460.000      1.12551e-13
461.000      1.77657e-14
462.000      2.65296e-15
463.000      3.74799e-16
464.000      5.00936e-17
465.000      6.33410e-18
466.000      7.57712e-19
467.000      8.57514e-20
468.000      9.18113e-21
469.000      9.29969e-22
470.000      8.91166e-23
471.000      8.07916e-24
472.000      6.92933e-25
473.000      5.62256e-26
474.000      4.31613e-27
475.000      3.13453e-28
476.000      2.15361e-29
477.000      1.39985e-30
478.000      8.60819e-32
479.000      5.00795e-33
480.000      2.75630e-34
481.000      1.43519e-35
482.000      7.06986e-37
483.000      3.29481e-38
484.000      1.45267e-39
485.000      6.05927e-41
486.000      2.39107e-42
487.000      8.92649e-44
488.000      3.15274e-45
489.000      1.05345e-46
490.000      3.33008e-48
491.000      9.95895e-50
492.000      2.81767e-51
493.000      7.54198e-53
494.000      1.90984e-54
495.000      4.57539e-56
496.000      1.03699e-57
497.000      2.22352e-59
498.000      4.51049e-61
499.000      8.65613e-63
500.000      1.57160e-64
