# Gaussian folded, width=10 cm^-1
# [cm^-1] arbitrary
0.000      3.00000e+00
1.000      2.91796e+00
2.000      2.68508e+00
3.000      2.33749e+00
4.000      1.92514e+00
5.000      1.50000e+00
6.000      1.10570e+00
7.000      7.71085e-01
8.000      5.08727e-01
9.000      3.17530e-01
10.000      1.87501e-01
11.000      1.04750e-01
12.000      5.53729e-02
13.000      2.77234e-02
14.000      1.32249e-02
15.000      6.23365e-03
16.000      3.48861e-03
17.000      3.56520e-03
18.000      6.59327e-03
19.000      1.43760e-02
20.000      3.09605e-02
21.000      6.36165e-02
22.000      1.24023e-01
23.000      2.29219e-01
24.000      4.01593e-01
25.000      6.67010e-01
26.000      1.05031e+00
27.000      1.56809e+00
28.000      2.21984e+00
29.000      2.97983e+00
30.000      3.79322e+00
31.000      4.57919e+00
32.000      5.24268e+00
33.000      5.69269e+00
34.000      5.86265e+00
35.000      5.72657e+00
36.000      5.30558e+00
37.000      4.66271e+00
38.000      3.88770e+00
39.000      3.07711e+00
40.000      2.31601e+00
41.000      1.66624e+00
42.000      1.16329e+00
43.000      8.20717e-01
44.000      6.38770e-01
45.000      6.13344e-01
46.000      7.41945e-01
47.000      1.02480e+00
48.000      1.46096e+00
49.000      2.04088e+00
50.000      2.73823e+00
51.000      3.50435e+00
52.000      4.26835e+00
53.000      4.94466e+00
54.000      5.44697e+00
55.000      5.70556e+00
56.000      5.68276e+00
57.000      5.38188e+00
58.000      4.84657e+00
59.000      4.15087e+00
60.000      3.38326e+00
61.000      2.62976e+00
62.000      1.96081e+00
63.000      1.42490e+00
64.000      1.04916e+00
65.000      8.44656e-01
66.000      8.13248e-01
67.000      9.52610e-01
68.000      1.25760e+00
69.000      1.71771e+00
70.000      2.31219e+00
71.000      3.00565e+00
72.000      3.74708e+00
73.000      4.47447e+00
74.000      5.12511e+00
75.000      5.64973e+00
76.000      6.02614e+00
77.000      6.26803e+00
78.000      6.42510e+00
79.000      6.57360e+00
80.000      6.79937e+00
81.000      7.17819e+00
82.000      7.75929e+00
83.000      8.55637e+00
84.000      9.54782e+00
85.000      1.06843e+01
86.000      1.18994e+01
87.000      1.31195e+01
88.000      1.42701e+01
89.000      1.52785e+01
90.000      1.60768e+01
91.000      1.66052e+01
92.000      1.68190e+01
93.000      1.66961e+01
94.000      1.62440e+01
95.000      1.55016e+01
96.000      1.45360e+01
97.000      1.34337e+01
98.000      1.22885e+01
99.000      1.11897e+01
100.000      1.02132e+01
101.000      9.41714e+00
102.000      8.84249e+00
103.000      8.51663e+00
104.000      8.45777e+00
105.000      8.67725e+00
106.000      9.17840e+00
107.000      9.95199e+00
108.000      1.09700e+01
109.000      1.21808e+01
110.000      1.35080e+01
111.000      1.48560e+01
112.000      1.61208e+01
113.000      1.72049e+01
114.000      1.80325e+01
115.000      1.85610e+01
116.000      1.87849e+01
117.000      1.87332e+01
118.000      1.84592e+01
119.000      1.80286e+01
120.000      1.75073e+01
121.000      1.69542e+01
122.000      1.64168e+01
123.000      1.59308e+01
124.000      1.55196e+01
125.000      1.51947e+01
126.000      1.49543e+01
127.000      1.47833e+01
128.000      1.46542e+01
129.000      1.45311e+01
130.000      1.43752e+01
131.000      1.41526e+01
132.000      1.38402e+01
133.000      1.34300e+01
134.000      1.29287e+01
135.000      1.23548e+01
136.000      1.17319e+01
137.000      1.10826e+01
138.000      1.04244e+01
139.000      9.76825e+00
140.000      9.12081e+00
141.000      8.48849e+00
142.000      7.88071e+00
143.000      7.31080e+00
144.000      6.79378e+00
145.000      6.34202e+00
146.000      5.96074e+00
147.000      5.64568e+00
148.000      5.38375e+00
149.000      5.15667e+00
150.000      4.94591e+00
151.000      4.73710e+00
152.000      4.52260e+00
153.000      4.30143e+00
154.000      4.07729e+00
155.000      3.85526e+00
156.000      3.63873e+00
157.000      3.42766e+00
158.000      3.21906e+00
159.000      3.00969e+00
160.000      2.80049e+00
161.000      2.60083e+00
162.000      2.43087e+00
163.000      2.32049e+00
164.000      2.30424e+00
165.000      2.41361e+00
166.000      2.66858e+00
167.000      3.07135e+00
168.000      3.60419e+00
169.000      4.23241e+00
170.000      4.91142e+00
171.000      5.59595e+00
172.000      6.24869e+00
173.000      6.84619e+00
174.000      7.38089e+00
175.000      7.85960e+00
176.000      8.29946e+00
177.000      8.72301e+00
178.000      9.15347e+00
179.000      9.61108e+00
180.000      1.01104e+01
181.000      1.06582e+01
182.000      1.12520e+01
183.000      1.18785e+01
184.000      1.25138e+01
185.000      1.31253e+01
186.000      1.36762e+01
187.000      1.41326e+01
188.000      1.44716e+01
189.000      1.46883e+01
190.000      1.47989e+01
191.000      1.48397e+01
192.000      1.48604e+01
193.000      1.49145e+01
194.000      1.50496e+01
195.000      1.52987e+01
196.000      1.56774e+01
197.000      1.61831e+01
198.000      1.67994e+01
199.000      1.74991e+01
200.000      1.82487e+01
201.000      1.90092e+01
202.000      1.97381e+01
203.000      2.03898e+01
204.000      2.09195e+01
205.000      2.12884e+01
206.000      2.14702e+01
207.000      2.14568e+01
208.000      2.12609e+01
209.000      2.09135e+01
210.000      2.04562e+01
211.000      1.99307e+01
212.000      1.93693e+01
213.000      1.87879e+01
214.000      1.81868e+01
215.000      1.75560e+01
216.000      1.68855e+01
217.000      1.61746e+01
218.000      1.54388e+01
219.000      1.47119e+01
220.000      1.40425e+01
221.000      1.34872e+01
222.000      1.31024e+01
223.000      1.29367e+01
224.000      1.30232e+01
225.000      1.33752e+01
226.000      1.39822e+01
227.000      1.48098e+01
228.000      1.58020e+01
229.000      1.68882e+01
230.000      1.79915e+01
231.000      1.90379e+01
232.000      1.99642e+01
233.000      2.07219e+01
234.000      2.12796e+01
235.000      2.16228e+01
236.000      2.17546e+01
237.000      2.16954e+01
238.000      2.14822e+01
239.000      2.11646e+01
240.000      2.07985e+01
241.000      2.04377e+01
242.000      2.01262e+01
243.000      1.98945e+01
244.000      1.97592e+01
245.000      1.97259e+01
246.000      1.97922e+01
247.000      1.99468e+01
248.000      2.01660e+01
249.000      2.04071e+01
250.000      2.06041e+01
251.000      2.06707e+01
252.000      2.05112e+01
253.000      2.00408e+01
254.000      1.92069e+01
255.000      1.80071e+01
256.000      1.64957e+01
257.000      1.47761e+01
258.000      1.29817e+01
259.000      1.12502e+01
260.000      9.69885e+00
261.000      8.40676e+00
262.000      7.40744e+00
263.000      6.69106e+00
264.000      6.21380e+00
265.000      5.91082e+00
266.000      5.71019e+00
267.000      5.54592e+00
268.000      5.36909e+00
269.000      5.15614e+00
270.000      4.91274e+00
271.000      4.67189e+00
272.000      4.48574e+00
273.000      4.41201e+00
274.000      4.49779e+00
275.000      4.76490e+00
276.000      5.20061e+00
277.000      5.75671e+00
278.000      6.35726e+00
279.000      6.91325e+00
280.000      7.34020e+00
281.000      7.57419e+00
282.000      7.58245e+00
283.000      7.36641e+00
284.000      6.95746e+00
285.000      6.40758e+00
286.000      5.77799e+00
287.000      5.12894e+00
288.000      4.51249e+00
289.000      3.96895e+00
290.000      3.52614e+00
291.000      3.20023e+00
292.000      2.99700e+00
293.000      2.91279e+00
294.000      2.93520e+00
295.000      3.04421e+00
296.000      3.21389e+00
297.000      3.41486e+00
298.000      3.61699e+00
299.000      3.79154e+00
300.000      3.91266e+00
301.000      3.95862e+00
302.000      3.91339e+00
303.000      3.76921e+00
304.000      3.52984e+00
305.000      3.21324e+00
306.000      2.85236e+00
307.000      2.49284e+00
308.000      2.18748e+00
309.000      1.98858e+00
310.000      1.93944e+00
311.000      2.06704e+00
312.000      2.37696e+00
313.000      2.85155e+00
314.000      3.45179e+00
315.000      4.12268e+00
316.000      4.80143e+00
317.000      5.42725e+00
318.000      5.95076e+00
319.000      6.34149e+00
320.000      6.59179e+00
321.000      6.71670e+00
322.000      6.74979e+00
323.000      6.73612e+00
324.000      6.72369e+00
325.000      6.75555e+00
326.000      6.86430e+00
327.000      7.07011e+00
328.000      7.38254e+00
329.000      7.80450e+00
330.000      8.33647e+00
331.000      8.97842e+00
332.000      9.72832e+00
333.000      1.05777e+01
334.000      1.15061e+01
335.000      1.24767e+01
336.000      1.34368e+01
337.000      1.43219e+01
338.000      1.50650e+01
339.000      1.56071e+01
340.000      1.59067e+01
341.000      1.59453e+01
342.000      1.57285e+01
343.000      1.52817e+01
344.000      1.46434e+01
345.000      1.38572e+01
346.000      1.29660e+01
347.000      1.20085e+01
348.000      1.10198e+01
349.000      1.00334e+01
350.000      9.08420e+00
351.000      8.21037e+00
352.000      7.45099e+00
353.000      6.84079e+00
354.000      6.40224e+00
355.000      6.13830e+00
356.000      6.02887e+00
357.000      6.03321e+00
358.000      6.09800e+00
359.000      6.16875e+00
360.000      6.20077e+00
361.000      6.16644e+00
362.000      6.05738e+00
363.000      5.88178e+00
364.000      5.65894e+00
365.000      5.41309e+00
366.000      5.16811e+00
367.000      4.94399e+00
368.000      4.75487e+00
369.000      4.60860e+00
370.000      4.50694e+00
371.000      4.44619e+00
372.000      4.41740e+00
373.000      4.40644e+00
374.000      4.39433e+00
375.000      4.35862e+00
376.000      4.27677e+00
377.000      4.13128e+00
378.000      3.91554e+00
379.000      3.63833e+00
380.000      3.32473e+00
381.000      3.01243e+00
382.000      2.74366e+00
383.000      2.55491e+00
384.000      2.46738e+00
385.000      2.48110e+00
386.000      2.57454e+00
387.000      2.70981e+00
388.000      2.84207e+00
389.000      2.93019e+00
390.000      2.94601e+00
391.000      2.87945e+00
392.000      2.73856e+00
393.000      2.54470e+00
394.000      2.32473e+00
395.000      2.10289e+00
396.000      1.89479e+00
397.000      1.70521e+00
398.000      1.53001e+00
399.000      1.36059e+00
400.000      1.18913e+00
401.000      1.01242e+00
402.000      8.33092e-01
403.000      6.58399e-01
404.000      4.97405e-01
405.000      3.58020e-01
406.000      2.44950e-01
407.000      1.59053e-01
408.000      9.79131e-02
409.000      5.71047e-02
410.000      3.15377e-02
411.000      1.64885e-02
412.000      8.15889e-03
413.000      3.82053e-03
414.000      1.69284e-03
415.000      7.09710e-04
416.000      2.81515e-04
417.000      1.05649e-04
418.000      3.75115e-05
419.000      1.26006e-05
420.000      4.00447e-06
421.000      1.20398e-06
422.000      3.42467e-07
423.000      9.21585e-08
424.000      2.34624e-08
425.000      5.65102e-09
426.000      1.28766e-09
427.000      2.77583e-10
428.000      5.66112e-11
429.000      1.09227e-11
430.000      1.99377e-12
431.000      3.44301e-13
432.000      5.62495e-14
433.000      8.69394e-15
434.000      1.27126e-15
435.000      1.75860e-16
436.000      2.30153e-17
437.000      2.84962e-18
438.000      3.33790e-19
439.000      3.69894e-20
440.000      3.87792e-21
441.000      3.84625e-22
442.000      3.60906e-23
443.000      3.20383e-24
444.000      2.69067e-25
445.000      2.13782e-26
446.000      1.60693e-27
447.000      1.14273e-28
448.000      7.68785e-30
449.000      4.89311e-31
450.000      2.94634e-32
451.000      1.67841e-33
452.000      9.04546e-35
453.000      4.61191e-36
454.000      2.22459e-37
455.000      1.01516e-38
456.000      4.38266e-40
457.000      1.79002e-41
458.000      6.91667e-43
459.000      2.52844e-44
460.000      8.74434e-46
461.000      2.86100e-47
462.000      8.85579e-49
463.000      2.59330e-50
464.000      7.18452e-52
465.000      1.88304e-53
466.000      4.66916e-55
467.000      1.09531e-56
468.000      2.43080e-58
469.000      5.10366e-60
470.000      1.01375e-61
471.000      1.90502e-63
472.000      3.38675e-65
473.000      5.69621e-67
474.000      9.06371e-69
475.000      1.36441e-70
476.000      1.94312e-72
477.000      2.61801e-74
478.000      3.33705e-76
479.000      4.02411e-78
480.000      4.59088e-80
481.000      4.95495e-82
482.000      5.05941e-84
483.000      4.88740e-86
484.000      4.46657e-88
485.000      3.86178e-90
486.000      3.15878e-92
487.000      2.44438e-94
488.000      1.78951e-96
489.000      1.23942e-98
490.000     8.12120e-101
491.000     5.03430e-103
492.000     2.95241e-105
493.000     1.63806e-107
494.000     8.59811e-110
495.000     4.26965e-112
496.000     2.00586e-114
497.000     8.91507e-117
498.000     3.74858e-119
499.000     1.49117e-121
500.000     5.61183e-124
