# Gaussian folded, width=10 cm^-1
# [cm^-1] arbitrary
0.000      3.00000e+00
1.000      2.91796e+00
2.000      2.68508e+00
3.000      2.33749e+00
4.000      1.92514e+00
5.000      1.50000e+00
6.000      1.10570e+00
7.000      7.71085e-01
8.000      5.08727e-01
9.000      3.17530e-01
10.000      1.87501e-01
11.000      1.04749e-01
12.000      5.53711e-02
13.000      2.77182e-02
14.000      1.32102e-02
15.000      6.19478e-03
16.000      3.39170e-03
17.000      3.33807e-03
18.000      6.09345e-03
19.000      1.33445e-02
20.000      2.89677e-02
21.000      6.00200e-02
22.000      1.17977e-01
23.000      2.19793e-01
24.000      3.88041e-01
25.000      6.49210e-01
26.000      1.02928e+00
27.000      1.54639e+00
28.000      2.20162e+00
29.000      2.97026e+00
30.000      3.79726e+00
31.000      4.60003e+00
32.000      5.28027e+00
33.000      5.74309e+00
34.000      5.91858e+00
35.000      5.77912e+00
36.000      5.34651e+00
37.000      4.68655e+00
38.000      3.89285e+00
39.000      3.06565e+00
40.000      2.29246e+00
41.000      1.63572e+00
42.000      1.12996e+00
43.000      7.86751e-01
44.000      6.04248e-01
45.000      5.76869e-01
46.000      7.01770e-01
47.000      9.80148e-01
48.000      1.41318e+00
49.000      1.99403e+00
50.000      2.69882e+00
51.000      3.48004e+00
52.000      4.26596e+00
53.000      4.96782e+00
54.000      5.49456e+00
55.000      5.77132e+00
56.000      5.75660e+00
57.000      5.45241e+00
58.000      4.90396e+00
59.000      4.18911e+00
60.000      3.40102e+00
61.000      2.62983e+00
62.000      1.94846e+00
63.000      1.40597e+00
64.000      1.02838e+00
65.000      8.24792e-01
66.000      7.94947e-01
67.000      9.34920e-01
68.000      1.23888e+00
69.000      1.69669e+00
70.000      2.28894e+00
71.000      2.98213e+00
72.000      3.72690e+00
73.000      4.46180e+00
74.000      5.12281e+00
75.000      5.65730e+00
76.000      6.03849e+00
77.000      6.27591e+00
78.000      6.41764e+00
79.000      6.54254e+00
80.000      6.74368e+00
81.000      7.10718e+00
82.000      7.69259e+00
83.000      8.51984e+00
84.000      9.56616e+00
85.000      1.07723e+01
86.000      1.20548e+01
87.000      1.33208e+01
88.000      1.44793e+01
89.000      1.54506e+01
90.000      1.61703e+01
91.000      1.65926e+01
92.000      1.66923e+01
93.000      1.64678e+01
94.000      1.59424e+01
95.000      1.51645e+01
96.000      1.42038e+01
97.000      1.31433e+01
98.000      1.20686e+01
99.000      1.10562e+01
100.000      1.01650e+01
101.000      9.43262e+00
102.000      8.87873e+00
103.000      8.51297e+00
104.000      8.34485e+00
105.000      8.39086e+00
106.000      8.67546e+00
107.000      9.22489e+00
108.000      1.00555e+01
109.000      1.11607e+01
110.000      1.25007e+01
111.000      1.39996e+01
112.000      1.55505e+01
113.000      1.70293e+01
114.000      1.83131e+01
115.000      1.92996e+01
116.000      1.99229e+01
117.000      2.01617e+01
118.000      2.00392e+01
119.000      1.96146e+01
120.000      1.89703e+01
121.000      1.81972e+01
122.000      1.73827e+01
123.000      1.66005e+01
124.000      1.59046e+01
125.000      1.53255e+01
126.000      1.48695e+01
127.000      1.45210e+01
128.000      1.42477e+01
129.000      1.40096e+01
130.000      1.37675e+01
131.000      1.34913e+01
132.000      1.31638e+01
133.000      1.27801e+01
134.000      1.23449e+01
135.000      1.18677e+01
136.000      1.13603e+01
137.000      1.08348e+01
138.000      1.03041e+01
139.000      9.78111e+00
140.000      9.27810e+00
141.000      8.80483e+00
142.000      8.36718e+00
143.000      7.96691e+00
144.000      7.60274e+00
145.000      7.27220e+00
146.000      6.97281e+00
147.000      6.70195e+00
148.000      6.45540e+00
149.000      6.22544e+00
150.000      6.00004e+00
151.000      5.76387e+00
152.000      5.50140e+00
153.000      5.20084e+00
154.000      4.85766e+00
155.000      4.47614e+00
156.000      4.06841e+00
157.000      3.65132e+00
158.000      3.24241e+00
159.000      2.85659e+00
160.000      2.50482e+00
161.000      2.19531e+00
162.000      1.93658e+00
163.000      1.74094e+00
164.000      1.62649e+00
165.000      1.61639e+00
166.000      1.73504e+00
167.000      2.00182e+00
168.000      2.42444e+00
169.000      2.99400e+00
170.000      3.68375e+00
171.000      4.45261e+00
172.000      5.25293e+00
173.000      6.04070e+00
174.000      6.78524e+00
175.000      7.47531e+00
176.000      8.11945e+00
177.000      8.74040e+00
178.000      9.36514e+00
179.000      1.00141e+01
180.000      1.06932e+01
181.000      1.13906e+01
182.000      1.20803e+01
183.000      1.27294e+01
184.000      1.33075e+01
185.000      1.37947e+01
186.000      1.41853e+01
187.000      1.44879e+01
188.000      1.47217e+01
189.000      1.49110e+01
190.000      1.50803e+01
191.000      1.52508e+01
192.000      1.54390e+01
193.000      1.56563e+01
194.000      1.59106e+01
195.000      1.62062e+01
196.000      1.65453e+01
197.000      1.69286e+01
198.000      1.73560e+01
199.000      1.78266e+01
200.000      1.83373e+01
201.000      1.88791e+01
202.000      1.94328e+01
203.000      1.99653e+01
204.000      2.04292e+01
205.000      2.07673e+01
206.000      2.09224e+01
207.000      2.08506e+01
208.000      2.05330e+01
209.000      1.99833e+01
210.000      1.92460e+01
211.000      1.83877e+01
212.000      1.74826e+01
213.000      1.65984e+01
214.000      1.57867e+01
215.000      1.50805e+01
216.000      1.44985e+01
217.000      1.40514e+01
218.000      1.37470e+01
219.000      1.35921e+01
220.000      1.35896e+01
221.000      1.37346e+01
222.000      1.40117e+01
223.000      1.43957e+01
224.000      1.48560e+01
225.000      1.53632e+01
226.000      1.58944e+01
227.000      1.64365e+01
228.000      1.69854e+01
229.000      1.75421e+01
230.000      1.81078e+01
231.000      1.86787e+01
232.000      1.92434e+01
233.000      1.97826e+01
234.000      2.02711e+01
235.000      2.06826e+01
236.000      2.09943e+01
237.000      2.11915e+01
238.000      2.12703e+01
239.000      2.12375e+01
240.000      2.11084e+01
241.000      2.09035e+01
242.000      2.06459e+01
243.000      2.03605e+01
244.000      2.00734e+01
245.000      1.98119e+01
246.000      1.96011e+01
247.000      1.94568e+01
248.000      1.93772e+01
249.000      1.93355e+01
250.000      1.92784e+01
251.000      1.91334e+01
252.000      1.88243e+01
253.000      1.82908e+01
254.000      1.75056e+01
255.000      1.64838e+01
256.000      1.52815e+01
257.000      1.39827e+01
258.000      1.26803e+01
259.000      1.14566e+01
260.000      1.03675e+01
261.000      9.43597e+00
262.000      8.65427e+00
263.000      7.99278e+00
264.000      7.41276e+00
265.000      6.87851e+00
266.000      6.36608e+00
267.000      5.86689e+00
268.000      5.38679e+00
269.000      4.94216e+00
270.000      4.55542e+00
271.000      4.25142e+00
272.000      4.05499e+00
273.000      3.98864e+00
274.000      4.06935e+00
275.000      4.30376e+00
276.000      4.68289e+00
277.000      5.17817e+00
278.000      5.74107e+00
279.000      6.30769e+00
280.000      6.80780e+00
281.000      7.17671e+00
282.000      7.36686e+00
283.000      7.35629e+00
284.000      7.15217e+00
285.000      6.78846e+00
286.000      6.31892e+00
287.000      5.80690e+00
288.000      5.31438e+00
289.000      4.89224e+00
290.000      4.57352e+00
291.000      4.37046e+00
292.000      4.27554e+00
293.000      4.26579e+00
294.000      4.30883e+00
295.000      4.36941e+00
296.000      4.41506e+00
297.000      4.42040e+00
298.000      4.36996e+00
299.000      4.25961e+00
300.000      4.09656e+00
301.000      3.89773e+00
302.000      3.68668e+00
303.000      3.48930e+00
304.000      3.32932e+00
305.000      3.22441e+00
306.000      3.18376e+00
307.000      3.20732e+00
308.000      3.28664e+00
309.000      3.40698e+00
310.000      3.55021e+00
311.000      3.69802e+00
312.000      3.83489e+00
313.000      3.95022e+00
314.000      4.03931e+00
315.000      4.10319e+00
316.000      4.14777e+00
317.000      4.18274e+00
318.000      4.22079e+00
319.000      4.27702e+00
320.000      4.36837e+00
321.000      4.51280e+00
322.000      4.72807e+00
323.000      5.03034e+00
324.000      5.43289e+00
325.000      5.94491e+00
326.000      6.57053e+00
327.000      7.30803e+00
328.000      8.14958e+00
329.000      9.08170e+00
330.000      1.00864e+01
331.000      1.11427e+01
332.000      1.22268e+01
333.000      1.33117e+01
334.000      1.43639e+01
335.000      1.53412e+01
336.000      1.61918e+01
337.000      1.68580e+01
338.000      1.72840e+01
339.000      1.74263e+01
340.000      1.72634e+01
341.000      1.68021e+01
342.000      1.60768e+01
343.000      1.51436e+01
344.000      1.40699e+01
345.000      1.29237e+01
346.000      1.17635e+01
347.000      1.06331e+01
348.000      9.56082e+00
349.000      8.56196e+00
350.000      7.64517e+00
351.000      6.81855e+00
352.000      6.09429e+00
353.000      5.48989e+00
354.000      5.02539e+00
355.000      4.71753e+00
356.000      4.57277e+00
357.000      4.58193e+00
358.000      4.71825e+00
359.000      4.93984e+00
360.000      5.19594e+00
361.000      5.43510e+00
362.000      5.61324e+00
363.000      5.69947e+00
364.000      5.67871e+00
365.000      5.55090e+00
366.000      5.32792e+00
367.000      5.02936e+00
368.000      4.67901e+00
369.000      4.30244e+00
370.000      3.92596e+00
371.000      3.57579e+00
372.000      3.27684e+00
373.000      3.05048e+00
374.000      2.91188e+00
375.000      2.86815e+00
376.000      2.91813e+00
377.000      3.05405e+00
378.000      3.26423e+00
379.000      3.53523e+00
380.000      3.85237e+00
381.000      4.19839e+00
382.000      4.55137e+00
383.000      4.88340e+00
384.000      5.16152e+00
385.000      5.35114e+00
386.000      5.42130e+00
387.000      5.35025e+00
388.000      5.12987e+00
389.000      4.76776e+00
390.000      4.28664e+00
391.000      3.72132e+00
392.000      3.11361e+00
393.000      2.50641e+00
394.000      1.93782e+00
395.000      1.43661e+00
396.000      1.01966e+00
397.000      6.91912e-01
398.000      4.48298e-01
399.000      2.77017e-01
400.000      1.63092e-01
401.000      9.14033e-02
402.000      4.87260e-02
403.000      2.46912e-02
404.000      1.18865e-02
405.000      5.43352e-03
406.000      2.35742e-03
407.000      9.70418e-04
408.000      3.78882e-04
409.000      1.40265e-04
410.000      4.92249e-05
411.000      1.63726e-05
412.000      5.16014e-06
413.000      1.54079e-06
414.000      4.35811e-07
415.000      1.16753e-07
416.000      2.96210e-08
417.000      7.11619e-09
418.000      1.61872e-09
419.000      3.48606e-10
420.000      7.10730e-11
421.000      1.37168e-11
422.000      2.50582e-12
423.000      4.33289e-13
424.000      7.09106e-14
425.000      1.09833e-14
426.000      1.61001e-15
427.000      2.23346e-16
428.000      2.93204e-17
429.000      3.64245e-18
430.000      4.28191e-19
431.000      4.76311e-20
432.000      5.01353e-21
433.000      4.99333e-22
434.000      4.70568e-23
435.000      4.19598e-24
436.000      3.54012e-25
437.000      2.82598e-26
438.000      2.13444e-27
439.000      1.52531e-28
440.000      1.03130e-29
441.000      6.59731e-31
442.000      3.99296e-32
443.000      2.28648e-33
444.000      1.23875e-34
445.000      6.34951e-36
446.000      3.07917e-37
447.000      1.41275e-38
448.000      6.13239e-40
449.000      2.51842e-41
450.000      9.78491e-43
451.000      3.59680e-44
452.000      1.25085e-45
453.000      4.11549e-47
454.000      1.28105e-48
455.000      3.77254e-50
456.000      1.05106e-51
457.000      2.77043e-53
458.000      6.90862e-55
459.000      1.62989e-56
460.000      3.63787e-58
461.000      7.68172e-60
462.000      1.53459e-61
463.000      2.90033e-63
464.000      5.18589e-65
465.000      8.77244e-67
466.000      1.40391e-68
467.000      2.12557e-70
468.000      3.04462e-72
469.000      4.12583e-74
470.000      5.28942e-76
471.000      6.41541e-78
472.000      7.36140e-80
473.000      7.99126e-82
474.000      8.20708e-84
475.000      7.97409e-86
476.000      7.32981e-88
477.000      6.37415e-90
478.000      5.24410e-92
479.000      4.08167e-94
480.000      3.00554e-96
481.000      2.09376e-98
482.000     1.37990e-100
483.000     8.60374e-103
484.000     5.07511e-105
485.000     2.83218e-107
486.000     1.49525e-109
487.000     7.46839e-112
488.000     3.52904e-114
489.000     1.57763e-116
490.000     6.67222e-119
491.000     2.66965e-121
492.000     1.01054e-123
493.000     3.61888e-126
494.000     1.22606e-128
495.000     3.92976e-131
496.000     1.19162e-133
497.000     3.41844e-136
498.000     9.27762e-139
499.000     2.38211e-141
500.000     5.78636e-144
