3.000000000000000000e+00
2.917959999999999887e+00
2.685080000000000133e+00
2.337489999999999846e+00
1.925140000000000073e+00
1.500000000000000000e+00
1.105699999999999905e+00
7.710860000000000491e-01
5.087270000000000403e-01
3.175319999999999809e-01
1.875090000000000090e-01
1.047749999999999931e-01
5.545159999999999673e-02
2.795239999999999878e-02
1.385390000000000059e-02
7.865709999999999716e-03
7.487019999999999613e-03
1.281179999999999992e-02
2.677030000000000035e-02
5.590090000000000336e-02
1.115150000000000030e-01
2.108079999999999954e-01
3.771229999999999860e-01
6.382879999999999665e-01
1.022049999999999903e+00
1.548259999999999970e+00
2.218890000000000029e+00
3.008459999999999912e+00
3.858960000000000168e+00
4.682890000000000441e+00
5.376210000000000377e+00
5.839260000000000339e+00
6.000149999999999650e+00
5.833090000000000330e+00
5.365359999999999907e+00
4.670329999999999870e+00
3.849489999999999856e+00
3.009659999999999780e+00
2.243209999999999926e+00
1.616719999999999935e+00
1.169440000000000035e+00
9.194590000000000263e-01
8.727559999999999762e-01
1.030080000000000107e+00
1.388439999999999896e+00
1.936360000000000081e+00
2.645340000000000025e+00
3.461660000000000181e+00
4.303960000000000008e+00
5.069969999999999644e+00
5.652980000000000338e+00
5.964059999999999917e+00
5.953240000000000087e+00
5.622169999999999668e+00
5.023609999999999687e+00
4.247880000000000322e+00
3.401180000000000092e+00
2.583320000000000061e+00
1.871550000000000047e+00
1.314329999999999998e+00
9.344930000000000181e-01
7.383990000000000276e-01
7.260050000000000114e-01
8.975640000000000285e-01
1.254329999999999945e+00
1.793179999999999996e+00
2.497590000000000199e+00
3.329320000000000057e+00
4.225670000000000037e+00
5.106150000000000411e+00
5.888799999999999812e+00
6.512330000000000396e+00
6.956509999999999749e+00
7.252710000000000434e+00
7.479140000000000121e+00
7.741530000000000022e+00
8.145410000000000039e+00
8.769930000000000447e+00
9.651709999999999567e+00
1.078209999999999980e+01
1.211560000000000059e+01
1.358189999999999920e+01
1.509609999999999985e+01
1.656269999999999953e+01
1.787709999999999866e+01
1.892839999999999989e+01
1.960940000000000083e+01
1.983370000000000033e+01
1.955539999999999878e+01
1.878340000000000032e+01
1.758530000000000015e+01
1.607880000000000109e+01
1.441419999999999924e+01
1.275520000000000032e+01
1.126270000000000060e+01
1.008259999999999934e+01
9.334889999999999688e+00
9.101259999999999906e+00
9.411189999999999500e+00
1.023150000000000048e+01
1.146649999999999991e+01
1.297419999999999973e+01
1.459660000000000046e+01
1.619379999999999953e+01
1.766979999999999862e+01
1.897629999999999839e+01
2.009639999999999915e+01
2.101679999999999993e+01
2.170670000000000144e+01
2.211959999999999837e+01
2.221969999999999956e+01
2.202189999999999870e+01
2.162349999999999994e+01
2.120489999999999853e+01
2.099010000000000176e+01
2.117630000000000123e+01
2.185579999999999856e+01
2.296259999999999835e+01
2.426569999999999894e+01
2.541710000000000136e+01
2.604060000000000130e+01
2.583259999999999934e+01
2.464219999999999899e+01
2.250639999999999930e+01
1.963190000000000168e+01
1.633589999999999876e+01
1.296700000000000053e+01
9.832800000000000651e+00
7.152540000000000120e+00
5.039979999999999905e+00
3.513250000000000206e+00
2.519769999999999843e+00
1.964930000000000065e+00
1.736450000000000049e+00
1.721389999999999976e+00
1.816769999999999996e+00
1.936220000000000052e+00
2.014759999999999884e+00
2.011979999999999880e+00
1.912860000000000005e+00
1.725309999999999899e+00
1.473980000000000068e+00
1.191980000000000040e+00
9.121479999999999588e-01
6.604269999999999863e-01
4.524020000000000263e-01
2.931969999999999854e-01
1.797910000000000064e-01
1.043639999999999984e-01
5.748240000000000294e-02
3.040170000000000025e-02
1.632950000000000026e-02
1.089640000000000053e-02
1.221249999999999940e-02
2.086390000000000119e-02
4.005290000000000239e-02
7.589999999999999525e-02
1.377529999999999866e-01
2.382299999999999973e-01
3.927010000000000223e-01
6.180090000000000305e-01
9.304759999999999698e-01
1.343409999999999993e+00
1.864500000000000046e+00
2.493320000000000203e+00
3.219120000000000203e+00
4.018979999999999997e+00
4.857070000000000221e+00
5.686209999999999987e+00
6.453809999999999825e+00
7.113150000000000084e+00
7.639039999999999608e+00
8.043599999999999639e+00
8.385220000000000340e+00
8.764300000000000423e+00
9.302410000000000068e+00
1.010839999999999961e+01
1.124099999999999966e+01
1.268060000000000009e+01
1.432189999999999941e+01
1.599089999999999989e+01
1.748450000000000060e+01
1.861909999999999954e+01
1.927629999999999910e+01
1.943120000000000047e+01
1.915670000000000073e+01
1.860249999999999915e+01
1.795370000000000132e+01
1.738100000000000023e+01
1.699500000000000099e+01
1.681980000000000075e+01
1.679479999999999862e+01
1.680679999999999907e+01
1.674439999999999884e+01
1.655509999999999948e+01
1.628620000000000090e+01
1.608980000000000032e+01
1.618990000000000151e+01
1.681729999999999947e+01
1.813380000000000081e+01
2.017160000000000153e+01
2.280760000000000076e+01
2.578389999999999915e+01
2.876980000000000004e+01
3.144359999999999999e+01
3.356900000000000261e+01
3.503810000000000002e+01
3.586880000000000024e+01
3.615950000000000131e+01
3.602369999999999806e+01
3.553329999999999700e+01
3.469460000000000122e+01
3.346580000000000155e+01
3.180369999999999919e+01
2.971460000000000079e+01
2.728280000000000172e+01
2.466179999999999950e+01
2.203359999999999985e+01
1.955539999999999878e+01
1.732019999999999982e+01
1.534800000000000075e+01
1.361009999999999920e+01
1.207300000000000040e+01
1.074070000000000036e+01
9.679180000000000561e+00
9.012180000000000746e+00
8.894679999999999254e+00
9.472739999999999938e+00
1.084319999999999951e+01
1.302210000000000001e+01
1.592660000000000053e+01
1.937160000000000082e+01
2.308149999999999835e+01
2.671689999999999898e+01
2.991860000000000142e+01
3.236359999999999815e+01
3.382679999999999865e+01
3.423319999999999652e+01
3.368359999999999843e+01
3.244210000000000349e+01
3.088390000000000057e+01
2.941450000000000031e+01
2.838449999999999918e+01
2.802489999999999881e+01
2.842030000000000101e+01
2.952220000000000155e+01
3.118969999999999843e+01
3.323479999999999990e+01
3.545510000000000161e+01
3.764479999999999649e+01
3.959029999999999916e+01
4.106640000000000157e+01
4.184720000000000084e+01
4.173680000000000234e+01
4.061460000000000292e+01
3.847460000000000235e+01
3.544409999999999883e+01
3.176679999999999993e+01
2.775550000000000139e+01
2.372650000000000148e+01
1.993819999999999837e+01
1.655219999999999914e+01
1.362659999999999982e+01
1.113819999999999943e+01
9.020509999999999806e+00
7.201760000000000161e+00
5.629579999999999806e+00
4.278299999999999770e+00
3.142500000000000071e+00
2.224429999999999907e+00
1.523330000000000073e+00
1.030929999999999902e+00
7.334270000000000511e-01
6.171729999999999716e-01
6.739150000000000418e-01
9.023839999999999639e-01
1.304440000000000044e+00
1.876260000000000039e+00
2.597030000000000172e+00
3.419599999999999973e+00
4.267380000000000173e+00
5.041070000000000384e+00
5.635290000000000354e+00
5.961170000000000080e+00
5.968180000000000263e+00
5.657610000000000028e+00
5.082860000000000156e+00
4.336319999999999730e+00
3.527350000000000207e+00
2.758599999999999941e+00
2.107380000000000031e+00
1.616079999999999961e+00
1.291940000000000088e+00
1.113930000000000087e+00
1.043160000000000087e+00
1.033949999999999925e+00
1.043320000000000025e+00
1.037949999999999928e+00
9.978820000000000467e-01
9.171230000000000215e-01
8.014310000000000045e-01
6.641289999999999694e-01
5.212449999999999584e-01
3.872380000000000266e-01
2.722319999999999740e-01
1.810789999999999900e-01
1.139560000000000017e-01
6.784809999999999452e-02
3.821730000000000266e-02
2.036579999999999988e-02
1.026739999999999944e-02
4.897119999999999598e-03
2.209720000000000087e-03
9.433049999999999682e-04
3.809640000000000205e-04
1.455569999999999889e-04
5.261400000000000142e-05
1.799230000000000051e-05
5.820879999999999909e-06
1.781589999999999954e-06
5.158770000000000076e-07
1.413189999999999964e-07
3.662480000000000116e-08
8.979769999999999484e-09
2.082920000000000082e-09
4.570869999999999954e-10
9.489479999999999991e-11
1.863820000000000110e-11
3.463229999999999976e-12
6.088039999999999775e-13
1.012490000000000010e-13
1.593030000000000092e-14
2.371219999999999904e-15
3.339170000000000082e-16
4.448590000000000146e-17
5.606920000000000053e-18
6.685649999999999936e-19
7.541890000000000021e-20
8.048870000000000134e-21
8.126560000000000236e-22
7.762410000000000182e-23
7.014620000000000398e-24
5.996929999999999817e-25
4.850330000000000263e-26
3.711349999999999812e-27
2.686639999999999849e-28
1.839940000000000124e-29
1.192109999999999941e-30
7.307149999999999960e-32
4.237369999999999933e-33
2.324669999999999941e-34
1.206549999999999908e-35
5.924419999999999589e-37
2.752100000000000048e-38
1.209490000000000055e-39
5.028680000000000092e-41
1.977999999999999912e-42
7.360620000000000372e-44
2.591319999999999887e-45
8.630680000000000387e-47
2.719489999999999927e-48
8.106740000000000117e-50
2.286250000000000066e-51
6.099829999999999550e-53
1.539680000000000108e-54
3.676710000000000086e-56
8.306289999999999449e-58
1.775299999999999957e-59
3.589669999999999765e-61
6.866800000000000210e-63
1.242719999999999963e-64
2.127690000000000091e-66
3.446360000000000185e-68
5.281180000000000203e-70
7.656300000000000064e-72
1.050090000000000072e-73
1.362539999999999916e-75
1.672589999999999982e-77
1.942439999999999953e-79
2.134139999999999980e-81
2.218289999999999853e-83
2.181370000000000013e-85
2.029350000000000011e-87
1.786090000000000163e-89
1.487200000000000010e-91
1.171519999999999956e-93
8.730709999999999374e-96
6.155540000000000351e-98
4.105829999999999884e-100
2.590910000000000044e-102
1.546759999999999872e-104
8.735949999999999625e-107
4.667830000000000200e-109
2.359590000000000035e-111
1.128440000000000029e-113
5.105470000000000084e-116
2.185300000000000030e-118
8.849189999999999601e-121
3.390109999999999875e-123
1.228690000000000131e-125
4.212970000000000195e-128
1.366629999999999972e-130
4.194040000000000352e-133
1.217669999999999978e-135
3.344619999999999917e-138
8.691220000000000325e-141
2.136639999999999954e-143
4.969360000000000361e-146
1.093420000000000019e-148
2.276099999999999864e-151
4.482430000000000238e-154
8.351270000000000234e-157
1.472010000000000080e-159
2.454620000000000056e-162
3.872360000000000026e-165
5.779440000000000111e-168
8.160439999999999602e-171
1.090079999999999932e-173
1.377590000000000019e-176
1.647030000000000040e-179
1.862939999999999997e-182
1.993490000000000005e-185
2.018119999999999876e-188
1.932849999999999847e-191
1.751320000000000021e-194
1.501239999999999894e-197
1.217460000000000026e-200
9.340620000000000525e-204
6.779760000000000121e-207
4.655540000000000133e-210
3.024429999999999729e-213
1.858810000000000144e-216
1.080799999999999990e-219
5.945259999999999733e-223
3.093960000000000160e-226
1.523269999999999983e-229
7.095060000000000173e-233
3.126459999999999923e-236
1.303370000000000035e-239
5.140430000000000223e-243
1.918000000000000016e-246
6.770439999999999399e-250
2.261009999999999851e-253
7.143390000000000446e-257
2.135129999999999846e-260
6.037569999999999662e-264
1.615169999999999953e-267
4.087810000000000016e-271
9.787710000000000257e-275
2.217120000000000068e-278
4.751330000000000183e-282
9.632929999999999940e-286
1.847649999999999973e-289
3.352720000000000117e-293
5.755649999999999739e-297
9.347760000000000572e-301
1.436280000000000037e-304
2.087799999999999956e-308
2.871140000001226228e-312
3.735409994927619925e-316
4.597774900198640340e-320
4.940656458412465442e-324
0.000000000000000000e+00
0.000000000000000000e+00
0.000000000000000000e+00
0.000000000000000000e+00
0.000000000000000000e+00
0.000000000000000000e+00
0.000000000000000000e+00
0.000000000000000000e+00
0.000000000000000000e+00
0.000000000000000000e+00
0.000000000000000000e+00
0.000000000000000000e+00
0.000000000000000000e+00
0.000000000000000000e+00
0.000000000000000000e+00
0.000000000000000000e+00
0.000000000000000000e+00
0.000000000000000000e+00
0.000000000000000000e+00
0.000000000000000000e+00
0.000000000000000000e+00
0.000000000000000000e+00
0.000000000000000000e+00
0.000000000000000000e+00
0.000000000000000000e+00
0.000000000000000000e+00
0.000000000000000000e+00
0.000000000000000000e+00
0.000000000000000000e+00
0.000000000000000000e+00
0.000000000000000000e+00
0.000000000000000000e+00
0.000000000000000000e+00
0.000000000000000000e+00
0.000000000000000000e+00
0.000000000000000000e+00
0.000000000000000000e+00
0.000000000000000000e+00
0.000000000000000000e+00
