# Gaussian folded, width=10 cm^-1
# [cm^-1] arbitrary
0.000      3.00000e+00
1.000      2.91796e+00
2.000      2.68508e+00
3.000      2.33749e+00
4.000      1.92514e+00
5.000      1.50000e+00
6.000      1.10570e+00
7.000      7.71085e-01
8.000      5.08727e-01
9.000      3.17530e-01
10.000      1.87500e-01
11.000      1.04747e-01
12.000      5.53624e-02
13.000      2.76911e-02
14.000      1.31307e-02
15.000      5.97401e-03
16.000      2.81260e-03
17.000      1.90333e-03
18.000      2.73713e-03
19.000      5.93411e-03
20.000      1.35329e-02
21.000      2.97108e-02
22.000      6.19063e-02
23.000      1.22162e-01
24.000      2.28238e-01
25.000      4.03711e-01
26.000      6.76053e-01
27.000      1.07181e+00
28.000      1.60874e+00
29.000      2.28602e+00
30.000      3.07539e+00
31.000      3.91695e+00
32.000      4.72301e+00
33.000      5.39155e+00
34.000      5.82680e+00
35.000      5.96163e+00
36.000      5.77454e+00
37.000      5.29525e+00
38.000      4.59699e+00
39.000      3.77826e+00
40.000      2.94035e+00
41.000      2.16769e+00
42.000      1.51632e+00
43.000      1.01209e+00
44.000      6.56763e-01
45.000      4.38563e-01
46.000      3.43065e-01
47.000      3.61590e-01
48.000      4.95295e-01
49.000      7.54352e-01
50.000      1.15240e+00
51.000      1.69733e+00
52.000      2.38052e+00
53.000      3.16771e+00
54.000      3.99530e+00
55.000      4.77503e+00
56.000      5.40771e+00
57.000      5.80329e+00
58.000      5.90177e+00
59.000      5.68806e+00
60.000      5.19586e+00
61.000      4.49916e+00
62.000      3.69445e+00
63.000      2.87986e+00
64.000      2.13762e+00
65.000      1.52451e+00
66.000      1.07129e+00
67.000      7.89114e-01
68.000      6.78902e-01
69.000      7.39445e-01
70.000      9.71136e-01
71.000      1.37399e+00
72.000      1.94075e+00
73.000      2.64789e+00
74.000      3.44842e+00
75.000      4.27094e+00
76.000      5.02751e+00
77.000      5.63029e+00
78.000      6.01323e+00
79.000      6.15229e+00
80.000      6.07714e+00
81.000      5.86947e+00
82.000      5.64719e+00
83.000      5.53888e+00
84.000      5.65599e+00
85.000      6.07087e+00
86.000      6.80642e+00
87.000      7.83869e+00
88.000      9.10906e+00
89.000      1.05395e+01
90.000      1.20448e+01
91.000      1.35376e+01
92.000      1.49278e+01
93.000      1.61204e+01
94.000      1.70177e+01
95.000      1.75293e+01
96.000      1.75882e+01
97.000      1.71689e+01
98.000      1.62997e+01
99.000      1.50640e+01
100.000      1.35900e+01
101.000      1.20298e+01
102.000      1.05341e+01
103.000      9.22870e+00
104.000      8.19836e+00
105.000      7.48111e+00
106.000      7.07425e+00
107.000      6.94925e+00
108.000      7.07088e+00
109.000      7.41452e+00
110.000      7.97614e+00
111.000      8.77183e+00
112.000      9.82707e+00
113.000      1.11594e+01
114.000      1.27598e+01
115.000      1.45797e+01
116.000      1.65265e+01
117.000      1.84710e+01
118.000      2.02640e+01
119.000      2.17591e+01
120.000      2.28360e+01
121.000      2.34181e+01
122.000      2.34823e+01
123.000      2.30579e+01
124.000      2.22176e+01
125.000      2.10641e+01
126.000      1.97149e+01
127.000      1.82895e+01
128.000      1.68994e+01
129.000      1.56397e+01
130.000      1.45833e+01
131.000      1.37765e+01
132.000      1.32362e+01
133.000      1.29504e+01
134.000      1.28818e+01
135.000      1.29736e+01
136.000      1.31574e+01
137.000      1.33621e+01
138.000      1.35211e+01
139.000      1.35797e+01
140.000      1.34988e+01
141.000      1.32570e+01
142.000      1.28499e+01
143.000      1.22888e+01
144.000      1.15977e+01
145.000      1.08102e+01
146.000      9.96588e+00
147.000      9.10601e+00
148.000      8.26778e+00
149.000      7.47897e+00
150.000      6.75361e+00
151.000      6.09062e+00
152.000      5.47615e+00
153.000      4.88956e+00
154.000      4.31112e+00
155.000      3.72915e+00
156.000      3.14414e+00
157.000      2.56863e+00
158.000      2.02316e+00
159.000      1.53015e+00
160.000      1.10771e+00
161.000      7.65685e-01
162.000      5.04463e-01
163.000      3.16452e-01
164.000      1.89118e-01
165.000      1.08354e-01
166.000      6.12677e-02
167.000      3.79941e-02
168.000      3.26112e-02
169.000      4.34588e-02
170.000      7.31629e-02
171.000      1.28494e-01
172.000      2.19968e-01
173.000      3.60962e-01
174.000      5.66077e-01
175.000      8.48727e-01
176.000      1.21818e+00
177.000      1.67670e+00
178.000      2.21761e+00
179.000      2.82514e+00
180.000      3.47634e+00
181.000      4.14501e+00
182.000      4.80674e+00
183.000      5.44374e+00
184.000      6.04825e+00
185.000      6.62331e+00
186.000      7.18080e+00
187.000      7.73713e+00
188.000      8.30761e+00
189.000      8.90136e+00
190.000      9.51794e+00
191.000      1.01470e+01
192.000      1.07705e+01
193.000      1.13676e+01
194.000      1.19197e+01
195.000      1.24141e+01
196.000      1.28462e+01
197.000      1.32184e+01
198.000      1.35372e+01
199.000      1.38098e+01
200.000      1.40411e+01
201.000      1.42328e+01
202.000      1.43846e+01
203.000      1.44966e+01
204.000      1.45722e+01
205.000      1.46191e+01
206.000      1.46493e+01
207.000      1.46765e+01
208.000      1.47123e+01
209.000      1.47639e+01
210.000      1.48322e+01
211.000      1.49131e+01
212.000      1.49995e+01
213.000      1.50845e+01
214.000      1.51630e+01
215.000      1.52332e+01
216.000      1.52952e+01
217.000      1.53511e+01
218.000      1.54042e+01
219.000      1.54602e+01
220.000      1.55277e+01
221.000      1.56194e+01
222.000      1.57506e+01
223.000      1.59373e+01
224.000      1.61919e+01
225.000      1.65203e+01
226.000      1.69181e+01
227.000      1.73699e+01
228.000      1.78486e+01
229.000      1.83174e+01
230.000      1.87327e+01
231.000      1.90488e+01
232.000      1.92229e+01
233.000      1.92205e+01
234.000      1.90195e+01
235.000      1.86124e+01
236.000      1.80071e+01
237.000      1.72258e+01
238.000      1.63045e+01
239.000      1.52914e+01
240.000      1.42456e+01
241.000      1.32340e+01
242.000      1.23261e+01
243.000      1.15875e+01
244.000      1.10708e+01
245.000      1.08075e+01
246.000      1.08005e+01
247.000      1.10215e+01
248.000      1.14120e+01
249.000      1.18905e+01
250.000      1.23638e+01
251.000      1.27406e+01
252.000      1.29457e+01
253.000      1.29303e+01
254.000      1.26774e+01
255.000      1.22011e+01
256.000      1.15402e+01
257.000      1.07492e+01
258.000      9.88739e+00
259.000      9.01068e+00
260.000      8.16574e+00
261.000      7.38722e+00
262.000      6.69706e+00
263.000      6.10452e+00
264.000      5.60676e+00
265.000      5.19003e+00
266.000      4.83243e+00
267.000      4.50836e+00
268.000      4.19398e+00
269.000      3.87217e+00
270.000      3.53507e+00
271.000      3.18370e+00
272.000      2.82495e+00
273.000      2.46773e+00
274.000      2.12004e+00
275.000      1.78778e+00
276.000      1.47531e+00
277.000      1.18657e+00
278.000      9.25868e-01
279.000      6.97642e-01
280.000      5.05453e-01
281.000      3.50821e-01
282.000      2.32563e-01
283.000      1.46911e-01
284.000      8.83190e-02
285.000      5.05848e-02
286.000      2.78920e-02
287.000      1.55489e-02
288.000      1.03787e-02
289.000      1.08627e-02
290.000      1.71761e-02
291.000      3.12075e-02
292.000      5.65547e-02
293.000      9.83921e-02
294.000      1.63055e-01
295.000      2.57221e-01
296.000      3.86701e-01
297.000      5.55042e-01
298.000      7.62314e-01
299.000      1.00448e+00
300.000      1.27365e+00
301.000      1.55913e+00
302.000      1.84916e+00
303.000      2.13294e+00
304.000      2.40266e+00
305.000      2.65562e+00
306.000      2.89616e+00
307.000      3.13711e+00
308.000      3.39983e+00
309.000      3.71209e+00
310.000      4.10326e+00
311.000      4.59740e+00
312.000      5.20591e+00
313.000      5.92210e+00
314.000      6.71956e+00
315.000      7.55562e+00
316.000      8.37937e+00
317.000      9.14258e+00
318.000      9.81092e+00
319.000      1.03727e+01
320.000      1.08425e+01
321.000      1.12589e+01
322.000      1.16761e+01
323.000      1.21520e+01
324.000      1.27364e+01
325.000      1.34611e+01
326.000      1.43367e+01
327.000      1.53533e+01
328.000      1.64862e+01
329.000      1.77029e+01
330.000      1.89690e+01
331.000      2.02522e+01
332.000      2.15238e+01
333.000      2.27584e+01
334.000      2.39322e+01
335.000      2.50216e+01
336.000      2.60024e+01
337.000      2.68493e+01
338.000      2.75364e+01
339.000      2.80382e+01
340.000      2.83318e+01
341.000      2.83990e+01
342.000      2.82290e+01
343.000      2.78190e+01
344.000      2.71737e+01
345.000      2.63033e+01
346.000      2.52213e+01
347.000      2.39444e+01
348.000      2.24949e+01
349.000      2.09059e+01
350.000      1.92267e+01
351.000      1.75240e+01
352.000      1.58783e+01
353.000      1.43725e+01
354.000      1.30779e+01
355.000      1.20400e+01
356.000      1.12704e+01
357.000      1.07473e+01
358.000      1.04226e+01
359.000      1.02355e+01
360.000      1.01247e+01
361.000      1.00381e+01
362.000      9.93623e+00
363.000      9.79069e+00
364.000      9.58065e+00
365.000      9.28954e+00
366.000      8.90462e+00
367.000      8.41952e+00
368.000      7.83851e+00
369.000      7.18010e+00
370.000      6.47782e+00
371.000      5.77715e+00
372.000      5.12910e+00
373.000      4.58220e+00
374.000      4.17530e+00
375.000      3.93301e+00
376.000      3.86490e+00
377.000      3.96784e+00
378.000      4.23018e+00
379.000      4.63579e+00
380.000      5.16619e+00
381.000      5.80017e+00
382.000      6.51111e+00
383.000      7.26358e+00
384.000      8.01116e+00
385.000      8.69722e+00
386.000      9.25945e+00
387.000      9.63779e+00
388.000      9.78397e+00
389.000      9.67050e+00
390.000      9.29640e+00
391.000      8.68819e+00
392.000      7.89559e+00
393.000      6.98288e+00
394.000      6.01821e+00
395.000      5.06330e+00
396.000      4.16613e+00
397.000      3.35768e+00
398.000      2.65285e+00
399.000      2.05412e+00
400.000      1.55632e+00
401.000      1.15059e+00
402.000      8.27017e-01
403.000      5.75586e-01
404.000      3.86317e-01
405.000      2.49107e-01
406.000      1.53824e-01
407.000      9.07141e-02
408.000      5.09792e-02
409.000      2.72539e-02
410.000      1.38421e-02
411.000      6.67224e-03
412.000      3.04999e-03
413.000      1.32138e-03
414.000      5.42332e-04
415.000      2.10799e-04
416.000      7.75757e-05
417.000      2.70244e-05
418.000      8.91041e-06
419.000      2.78037e-06
420.000      8.20988e-07
421.000      2.29389e-07
422.000      6.06443e-08
423.000      1.51696e-08
424.000      3.59015e-09
425.000      8.03891e-10
426.000      1.70303e-10
427.000      3.41334e-11
428.000      6.47243e-12
429.000      1.16114e-12
430.000      1.97071e-13
431.000      3.16437e-14
432.000      4.80699e-15
433.000      6.90845e-16
434.000      9.39307e-17
435.000      1.20824e-17
436.000      1.47035e-18
437.000      1.69279e-19
438.000      1.84377e-20
439.000      1.89989e-21
440.000      1.85211e-22
441.000      1.70815e-23
442.000      1.49039e-24
443.000      1.23025e-25
444.000      9.60736e-27
445.000      7.09795e-28
446.000      4.96112e-29
447.000      3.28053e-30
448.000      2.05223e-31
449.000      1.21458e-32
450.000      6.80051e-34
451.000      3.60227e-35
452.000      1.80521e-36
453.000      8.55851e-38
454.000      3.83871e-39
455.000      1.62889e-40
456.000      6.53903e-42
457.000      2.48344e-43
458.000      8.92302e-45
459.000      3.03310e-46
460.000      9.75395e-48
461.000      2.96750e-49
462.000      8.54121e-51
463.000      2.32576e-52
464.000      5.99141e-54
465.000      1.46019e-55
466.000      3.36674e-57
467.000      7.34388e-59
468.000      1.51551e-60
469.000      2.95877e-62
470.000      5.46487e-64
471.000      9.54920e-66
472.000      1.57860e-67
473.000      2.46884e-69
474.000      3.65286e-71
475.000      5.11317e-73
476.000      6.77118e-75
477.000      8.48315e-77
478.000      1.00546e-78
479.000      1.12744e-80
480.000      1.19602e-82
481.000      1.20033e-84
482.000      1.13968e-86
483.000      1.02372e-88
484.000      8.69954e-91
485.000      6.99406e-93
486.000      5.31962e-95
487.000      3.82779e-97
488.000      2.60576e-99
489.000     1.67818e-101
490.000     1.02249e-103
491.000     5.89384e-106
492.000     3.21406e-108
493.000     1.65817e-110
494.000     8.09319e-113
495.000     3.73705e-115
496.000     1.63251e-117
497.000     6.74684e-120
498.000     2.63792e-122
499.000     9.75757e-125
500.000     3.41459e-127
