# Gaussian folded, width=10 cm^-1
# [cm^-1] arbitrary
0.000      3.00000e+00
1.000      2.91796e+00
2.000      2.68508e+00
3.000      2.33749e+00
4.000      1.92514e+00
5.000      1.50000e+00
6.000      1.10570e+00
7.000      7.71085e-01
8.000      5.08727e-01
9.000      3.17530e-01
10.000      1.87500e-01
11.000      1.04747e-01
12.000      5.53623e-02
13.000      2.76907e-02
14.000      1.31294e-02
15.000      5.97055e-03
16.000      2.80380e-03
17.000      1.88236e-03
18.000      2.69038e-03
19.000      5.83672e-03
20.000      1.33439e-02
21.000      2.93700e-02
22.000      6.13387e-02
23.000      1.21296e-01
24.000      2.27042e-01
25.000      4.02249e-01
26.000      6.74552e-01
27.000      1.07070e+00
28.000      1.60863e+00
29.000      2.28761e+00
30.000      3.07926e+00
31.000      3.92332e+00
32.000      4.73157e+00
33.000      5.40135e+00
34.000      5.83644e+00
35.000      5.96957e+00
36.000      5.77951e+00
37.000      5.29655e+00
38.000      4.59470e+00
39.000      3.77311e+00
40.000      2.93346e+00
41.000      2.16022e+00
42.000      1.50919e+00
43.000      1.00577e+00
44.000      6.51231e-01
45.000      4.33289e-01
46.000      3.37118e-01
47.000      3.53750e-01
48.000      4.84237e-01
49.000      7.38941e-01
50.000      1.13210e+00
51.000      1.67265e+00
52.000      2.35338e+00
53.000      3.14143e+00
54.000      3.97417e+00
55.000      4.76333e+00
56.000      5.40852e+00
57.000      5.81746e+00
58.000      5.92744e+00
59.000      5.72106e+00
60.000      5.23079e+00
61.000      4.53081e+00
62.000      3.71901e+00
63.000      2.89550e+00
64.000      2.14441e+00
65.000      1.52379e+00
66.000      1.06493e+00
67.000      7.78979e-01
68.000      6.66707e-01
69.000      7.27069e-01
70.000      9.61100e-01
71.000      1.36979e+00
72.000      1.94671e+00
73.000      2.66829e+00
74.000      3.48611e+00
75.000      4.32576e+00
76.000      5.09526e+00
77.000      5.70283e+00
78.000      6.08002e+00
79.000      6.20292e+00
80.000      6.10418e+00
81.000      5.87035e+00
82.000      5.62458e+00
83.000      5.49917e+00
84.000      5.60639e+00
85.000      6.01609e+00
86.000      6.74607e+00
87.000      7.76645e+00
88.000      9.01421e+00
89.000      1.04110e+01
90.000      1.18767e+01
91.000      1.33349e+01
92.000      1.47095e+01
93.000      1.59187e+01
94.000      1.68719e+01
95.000      1.74758e+01
96.000      1.76503e+01
97.000      1.73492e+01
98.000      1.65782e+01
99.000      1.54032e+01
100.000      1.39435e+01
101.000      1.23519e+01
102.000      1.07869e+01
103.000      9.38479e+00
104.000      8.24089e+00
105.000      7.40233e+00
106.000      6.87497e+00
107.000      6.63943e+00
108.000      6.67037e+00
109.000      6.95234e+00
110.000      7.48748e+00
111.000      8.29320e+00
112.000      9.39123e+00
113.000      1.07918e+01
114.000      1.24780e+01
115.000      1.43946e+01
116.000      1.64452e+01
117.000      1.84988e+01
118.000      2.04051e+01
119.000      2.20138e+01
120.000      2.31959e+01
121.000      2.38606e+01
122.000      2.39661e+01
123.000      2.35222e+01
124.000      2.25874e+01
125.000      2.12611e+01
126.000      1.96738e+01
127.000      1.79761e+01
128.000      1.63267e+01
129.000      1.48777e+01
130.000      1.37578e+01
131.000      1.30558e+01
132.000      1.28051e+01
133.000      1.29768e+01
134.000      1.34811e+01
135.000      1.41808e+01
136.000      1.49140e+01
137.000      1.55213e+01
138.000      1.58718e+01
139.000      1.58820e+01
140.000      1.55237e+01
141.000      1.48212e+01
142.000      1.38386e+01
143.000      1.26642e+01
144.000      1.13937e+01
145.000      1.01174e+01
146.000      8.91137e+00
147.000      7.83136e+00
148.000      6.90977e+00
149.000      6.15415e+00
150.000      5.54843e+00
151.000      5.05735e+00
152.000      4.63458e+00
153.000      4.23316e+00
154.000      3.81598e+00
155.000      3.36339e+00
156.000      2.87575e+00
157.000      2.37051e+00
158.000      1.87516e+00
159.000      1.41864e+00
160.000      1.02395e+00
161.000      7.03877e-01
162.000      4.60221e-01
163.000      2.85965e-01
164.000      1.68816e-01
165.000      9.48361e-02
166.000      5.12125e-02
167.000      2.78845e-02
168.000      1.82126e-02
169.000      1.91098e-02
170.000      3.10498e-02
171.000      5.81999e-02
172.000      1.08674e-01
173.000      1.94659e-01
174.000      3.31972e-01
175.000      5.38626e-01
176.000      8.32152e-01
177.000      1.22596e+00
178.000      1.72548e+00
179.000      2.32544e+00
180.000      3.00923e+00
181.000      3.75112e+00
182.000      4.52080e+00
183.000      5.28889e+00
184.000      6.03173e+00
185.000      6.73421e+00
186.000      7.39029e+00
187.000      8.00173e+00
188.000      8.57610e+00
189.000      9.12467e+00
190.000      9.66045e+00
191.000      1.01963e+01
192.000      1.07426e+01
193.000      1.13054e+01
194.000      1.18841e+01
195.000      1.24708e+01
196.000      1.30514e+01
197.000      1.36072e+01
198.000      1.41192e+01
199.000      1.45714e+01
200.000      1.49547e+01
201.000      1.52678e+01
202.000      1.55169e+01
203.000      1.57129e+01
204.000      1.58688e+01
205.000      1.59964e+01
206.000      1.61061e+01
207.000      1.62064e+01
208.000      1.63053e+01
209.000      1.64107e+01
210.000      1.65302e+01
211.000      1.66698e+01
212.000      1.68312e+01
213.000      1.70095e+01
214.000      1.71924e+01
215.000      1.73601e+01
216.000      1.74875e+01
217.000      1.75491e+01
218.000      1.75238e+01
219.000      1.74001e+01
220.000      1.71799e+01
221.000      1.68796e+01
222.000      1.65287e+01
223.000      1.61662e+01
224.000      1.58354e+01
225.000      1.55780e+01
226.000      1.54282e+01
227.000      1.54070e+01
228.000      1.55174e+01
229.000      1.57403e+01
230.000      1.60339e+01
231.000      1.63377e+01
232.000      1.65807e+01
233.000      1.66940e+01
234.000      1.66250e+01
235.000      1.63490e+01
236.000      1.58741e+01
237.000      1.52395e+01
238.000      1.45050e+01
239.000      1.37382e+01
240.000      1.30015e+01
241.000      1.23436e+01
242.000      1.17971e+01
243.000      1.13809e+01
244.000      1.11045e+01
245.000      1.09717e+01
246.000      1.09810e+01
247.000      1.11221e+01
248.000      1.13717e+01
249.000      1.16902e+01
250.000      1.20216e+01
251.000      1.22989e+01
252.000      1.24533e+01
253.000      1.24258e+01
254.000      1.21778e+01
255.000      1.16989e+01
256.000      1.10094e+01
257.000      1.01566e+01
258.000      9.20760e+00
259.000      8.23841e+00
260.000      7.32201e+00
261.000      6.51800e+00
262.000      5.86498e+00
263.000      5.37713e+00
264.000      5.04520e+00
265.000      4.84104e+00
266.000      4.72449e+00
267.000      4.65095e+00
268.000      4.57816e+00
269.000      4.47146e+00
270.000      4.30696e+00
271.000      4.07275e+00
272.000      3.76835e+00
273.000      3.40292e+00
274.000      2.99268e+00
275.000      2.55806e+00
276.000      2.12091e+00
277.000      1.70204e+00
278.000      1.31910e+00
279.000      9.85013e-01
280.000      7.07065e-01
281.000      4.86821e-01
282.000      3.20836e-01
283.000      2.02035e-01
284.000      1.21410e-01
285.000      6.96560e-02
286.000      3.84312e-02
287.000      2.11353e-02
288.000      1.32302e-02
289.000      1.22664e-02
290.000      1.77735e-02
291.000      3.11087e-02
292.000      5.52394e-02
293.000      9.43331e-02
294.000      1.52983e-01
295.000      2.34968e-01
296.000      3.41663e-01
297.000      4.70480e-01
298.000      6.14006e-01
299.000      7.60544e-01
300.000      8.96501e-01
301.000      1.01046e+00
302.000      1.09803e+00
303.000      1.16605e+00
304.000      1.23448e+00
305.000      1.33495e+00
306.000      1.50572e+00
307.000      1.78387e+00
308.000      2.19663e+00
309.000      2.75399e+00
310.000      3.44458e+00
311.000      4.23635e+00
312.000      5.08209e+00
313.000      5.92864e+00
314.000      6.72776e+00
315.000      7.44583e+00
316.000      8.07014e+00
317.000      8.61041e+00
318.000      9.09546e+00
319.000      9.56621e+00
320.000      1.00669e+01
321.000      1.06365e+01
322.000      1.13023e+01
323.000      1.20765e+01
324.000      1.29562e+01
325.000      1.39264e+01
326.000      1.49644e+01
327.000      1.60453e+01
328.000      1.71458e+01
329.000      1.82464e+01
330.000      1.93320e+01
331.000      2.03907e+01
332.000      2.14124e+01
333.000      2.23883e+01
334.000      2.33105e+01
335.000      2.41731e+01
336.000      2.49723e+01
337.000      2.57057e+01
338.000      2.63699e+01
339.000      2.69574e+01
340.000      2.74527e+01
341.000      2.78300e+01
342.000      2.80524e+01
343.000      2.80741e+01
344.000      2.78452e+01
345.000      2.73185e+01
346.000      2.64591e+01
347.000      2.52540e+01
348.000      2.37225e+01
349.000      2.19228e+01
350.000      1.99525e+01
351.000      1.79424e+01
352.000      1.60399e+01
353.000      1.43874e+01
354.000      1.30973e+01
355.000      1.22313e+01
356.000      1.17895e+01
357.000      1.17123e+01
358.000      1.18956e+01
359.000      1.22139e+01
360.000      1.25458e+01
361.000      1.27941e+01
362.000      1.28958e+01
363.000      1.28223e+01
364.000      1.25710e+01
365.000      1.21543e+01
366.000      1.15898e+01
367.000      1.08956e+01
368.000      1.00902e+01
369.000      9.19565e+00
370.000      8.24082e+00
371.000      7.26350e+00
372.000      6.30933e+00
373.000      5.42834e+00
374.000      4.66960e+00
375.000      4.07565e+00
376.000      3.67778e+00
377.000      3.49327e+00
378.000      3.52502e+00
379.000      3.76293e+00
380.000      4.18596e+00
381.000      4.76342e+00
382.000      5.45459e+00
383.000      6.20730e+00
384.000      6.95729e+00
385.000      7.63070e+00
386.000      8.15127e+00
387.000      8.45176e+00
388.000      8.48680e+00
389.000      8.24328e+00
390.000      7.74429e+00
391.000      7.04504e+00
392.000      6.22143e+00
393.000      5.35463e+00
394.000      4.51605e+00
395.000      3.75649e+00
396.000      3.10176e+00
397.000      2.55489e+00
398.000      2.10292e+00
399.000      1.72572e+00
400.000      1.40371e+00
401.000      1.12282e+00
402.000      8.75910e-01
403.000      6.61412e-01
404.000      4.80491e-01
405.000      3.34239e-01
406.000      2.21860e-01
407.000      1.40175e-01
408.000      8.41507e-02
409.000      4.79403e-02
410.000      2.58950e-02
411.000      1.32535e-02
412.000      6.42473e-03
413.000      2.94885e-03
414.000      1.28122e-03
415.000      5.26866e-04
416.000      2.05036e-04
417.000      7.55055e-05
418.000      2.63098e-05
419.000      8.67414e-06
420.000      2.70578e-06
421.000      7.98558e-07
422.000      2.22976e-07
423.000      5.89039e-08
424.000      1.47217e-08
425.000      3.48097e-09
426.000      7.78692e-10
427.000      1.64798e-10
428.000      3.29960e-11
429.000      6.25015e-12
430.000      1.12005e-12
431.000      1.89891e-13
432.000      3.04573e-14
433.000      4.62163e-15
434.000      6.63465e-16
435.000      9.01070e-17
436.000      1.15776e-17
437.000      1.40732e-18
438.000      1.61840e-19
439.000      1.76075e-20
440.000      1.81229e-21
441.000      1.76472e-22
442.000      1.62570e-23
443.000      1.41684e-24
444.000      1.16821e-25
445.000      9.11255e-27
446.000      6.72473e-28
447.000      4.69492e-29
448.000      3.10097e-30
449.000      1.93770e-31
450.000      1.14549e-32
451.000      6.40642e-34
452.000      3.38966e-35
453.000      1.69674e-36
454.000      8.03509e-38
455.000      3.59985e-39
456.000      1.52579e-40
457.000      6.11821e-42
458.000      2.32098e-43
459.000      8.32980e-45
460.000      2.82824e-46
461.000      9.08481e-48
462.000      2.76079e-49
463.000      7.93720e-51
464.000      2.15883e-52
465.000      5.55506e-54
466.000      1.35231e-55
467.000      3.11445e-57
468.000      6.78584e-59
469.000      1.39876e-60
470.000      2.72773e-62
471.000      5.03241e-64
472.000      8.78353e-66
473.000      1.45037e-67
474.000      2.26573e-69
475.000      3.34852e-71
476.000      4.68184e-73
477.000      6.19295e-75
478.000      7.74990e-77
479.000      9.17513e-79
480.000      1.02765e-80
481.000      1.08892e-82
482.000      1.09161e-84
483.000      1.03527e-86
484.000      9.28873e-89
485.000      7.88457e-91
486.000      6.33166e-93
487.000      4.81032e-95
488.000      3.45739e-97
489.000      2.35094e-99
490.000     1.51234e-101
491.000     9.20403e-104
492.000     5.29935e-106
493.000     2.88659e-108
494.000     1.48753e-110
495.000     7.25209e-113
496.000     3.34486e-115
497.000     1.45952e-117
498.000     6.02506e-120
499.000     2.35304e-122
500.000     8.69391e-125
