# Gaussian folded, width=10 cm^-1
# [cm^-1] arbitrary
0.000      3.00000e+00
1.000      2.91796e+00
2.000      2.68508e+00
3.000      2.33749e+00
4.000      1.92514e+00
5.000      1.50000e+00
6.000      1.10570e+00
7.000      7.71085e-01
8.000      5.08727e-01
9.000      3.17529e-01
10.000      1.87500e-01
11.000      1.04746e-01
12.000      5.53595e-02
13.000      2.76812e-02
14.000      1.30990e-02
15.000      5.87836e-03
16.000      2.54001e-03
17.000      1.16918e-03
18.000      8.68971e-04
19.000      1.44379e-03
20.000      3.34186e-03
21.000      7.88053e-03
22.000      1.77928e-02
23.000      3.81241e-02
24.000      7.74295e-02
25.000      1.49042e-01
26.000      2.71897e-01
27.000      4.70115e-01
28.000      7.70399e-01
29.000      1.19659e+00
30.000      1.76156e+00
31.000      2.45798e+00
32.000      3.25078e+00
33.000      4.07500e+00
34.000      4.84170e+00
35.000      5.45249e+00
36.000      5.81991e+00
37.000      5.88785e+00
38.000      5.64561e+00
39.000      5.13063e+00
40.000      4.41905e+00
41.000      3.60727e+00
42.000      2.79077e+00
43.000      2.04643e+00
44.000      1.42287e+00
45.000      9.39476e-01
46.000      5.92417e-01
47.000      3.64226e-01
48.000      2.33581e-01
49.000      1.83146e-01
50.000      2.04483e-01
51.000      2.99942e-01
52.000      4.81698e-01
53.000      7.68013e-01
54.000      1.17689e+00
55.000      1.71770e+00
56.000      2.38229e+00
57.000      3.13798e+00
58.000      3.92562e+00
59.000      4.66454e+00
60.000      5.26515e+00
61.000      5.64642e+00
62.000      5.75378e+00
63.000      5.57197e+00
64.000      5.12861e+00
65.000      4.48753e+00
66.000      3.73410e+00
67.000      2.95744e+00
68.000      2.23492e+00
69.000      1.62268e+00
70.000      1.15381e+00
71.000      8.42579e-01
72.000      6.91989e-01
73.000      7.01042e-01
74.000      8.68952e-01
75.000      1.19486e+00
76.000      1.67332e+00
77.000      2.28726e+00
78.000      3.00154e+00
79.000      3.76017e+00
80.000      4.48984e+00
81.000      5.11037e+00
82.000      5.55052e+00
83.000      5.76521e+00
84.000      5.74938e+00
85.000      5.54388e+00
86.000      5.23121e+00
87.000      4.92118e+00
88.000      4.72995e+00
89.000      4.75737e+00
90.000      5.06819e+00
91.000      5.68180e+00
92.000      6.57264e+00
93.000      7.68059e+00
94.000      8.92728e+00
95.000      1.02328e+01
96.000      1.15271e+01
97.000      1.27533e+01
98.000      1.38637e+01
99.000      1.48118e+01
100.000      1.55463e+01
101.000      1.60118e+01
102.000      1.61552e+01
103.000      1.59380e+01
104.000      1.53490e+01
105.000      1.44135e+01
106.000      1.31957e+01
107.000      1.17940e+01
108.000      1.03297e+01
109.000      8.93045e+00
110.000      7.71270e+00
111.000      6.76560e+00
112.000      6.14086e+00
113.000      5.85061e+00
114.000      5.87409e+00
115.000      6.17113e+00
116.000      6.69822e+00
117.000      7.42177e+00
118.000      8.32430e+00
119.000      9.40182e+00
120.000      1.06540e+01
121.000      1.20714e+01
122.000      1.36252e+01
123.000      1.52632e+01
124.000      1.69125e+01
125.000      1.84885e+01
126.000      1.99054e+01
127.000      2.10851e+01
128.000      2.19629e+01
129.000      2.24900e+01
130.000      2.26340e+01
131.000      2.23799e+01
132.000      2.17326e+01
133.000      2.07205e+01
134.000      1.93976e+01
135.000      1.78439e+01
136.000      1.61601e+01
137.000      1.44596e+01
138.000      1.28561e+01
139.000      1.14504e+01
140.000      1.03192e+01
141.000      9.50661e+00
142.000      9.02133e+00
143.000      8.83942e+00
144.000      8.91194e+00
145.000      9.17579e+00
146.000      9.56519e+00
147.000      1.00207e+01
148.000      1.04939e+01
149.000      1.09472e+01
150.000      1.13505e+01
151.000      1.16763e+01
152.000      1.18969e+01
153.000      1.19846e+01
154.000      1.19159e+01
155.000      1.16762e+01
156.000      1.12655e+01
157.000      1.07003e+01
158.000      1.00118e+01
159.000      9.24066e+00
160.000      8.43002e+00
161.000      7.61834e+00
162.000      6.83419e+00
163.000      6.09380e+00
164.000      5.40149e+00
165.000      4.75263e+00
166.000      4.13816e+00
167.000      3.54972e+00
168.000      2.98382e+00
169.000      2.44395e+00
170.000      1.93997e+00
171.000      1.48512e+00
172.000      1.09195e+00
173.000      7.68648e-01
174.000      5.16995e-01
175.000      3.32541e-01
176.000      2.06486e-01
177.000      1.28509e-01
178.000      8.96542e-02
179.000      8.46343e-02
180.000      1.13292e-01
181.000      1.81119e-01
182.000      2.98787e-01
183.000      4.80612e-01
184.000      7.41919e-01
185.000      1.09548e+00
186.000      1.54759e+00
187.000      2.09468e+00
188.000      2.72155e+00
189.000      3.40190e+00
190.000      4.10137e+00
191.000      4.78253e+00
192.000      5.41045e+00
193.000      5.95767e+00
194.000      6.40745e+00
195.000      6.75469e+00
196.000      7.00477e+00
197.000      7.17068e+00
198.000      7.26937e+00
199.000      7.31807e+00
200.000      7.33157e+00
201.000      7.32086e+00
202.000      7.29325e+00
203.000      7.25352e+00
204.000      7.20536e+00
205.000      7.15246e+00
206.000      7.09874e+00
207.000      7.04803e+00
208.000      7.00323e+00
209.000      6.96583e+00
210.000      6.93593e+00
211.000      6.91331e+00
212.000      6.89948e+00
213.000      6.90015e+00
214.000      6.92705e+00
215.000      6.99761e+00
216.000      7.13152e+00
217.000      7.34441e+00
218.000      7.64053e+00
219.000      8.00752e+00
220.000      8.41600e+00
221.000      8.82537e+00
222.000      9.19467e+00
223.000      9.49531e+00
224.000      9.72105e+00
225.000      9.89129e+00
226.000      1.00458e+01
227.000      1.02316e+01
228.000      1.04854e+01
229.000      1.08179e+01
230.000      1.12042e+01
231.000      1.15854e+01
232.000      1.18813e+01
233.000      1.20105e+01
234.000      1.19134e+01
235.000      1.15688e+01
236.000      1.10004e+01
237.000      1.02714e+01
238.000      9.46801e+00
239.000      8.67895e+00
240.000      7.97660e+00
241.000      7.40581e+00
242.000      6.98223e+00
243.000      6.69888e+00
244.000      6.53665e+00
245.000      6.47353e+00
246.000      6.48889e+00
247.000      6.56203e+00
248.000      6.66723e+00
249.000      6.76959e+00
250.000      6.82555e+00
251.000      6.78968e+00
252.000      6.62594e+00
253.000      6.31924e+00
254.000      5.88208e+00
255.000      5.35321e+00
256.000      4.78815e+00
257.000      4.24494e+00
258.000      3.77014e+00
259.000      3.38954e+00
260.000      3.10582e+00
261.000      2.90255e+00
262.000      2.75198e+00
263.000      2.62347e+00
264.000      2.49017e+00
265.000      2.33306e+00
266.000      2.14242e+00
267.000      1.91754e+00
268.000      1.66527e+00
269.000      1.39791e+00
270.000      1.13056e+00
271.000      8.78349e-01
272.000      6.53876e-01
273.000      4.65412e-01
274.000      3.16205e-01
275.000      2.04927e-01
276.000      1.26992e-01
277.000      7.62894e-02
278.000      4.68623e-02
279.000      3.42726e-02
280.000      3.65497e-02
281.000      5.47643e-02
282.000      9.32727e-02
283.000      1.59596e-01
284.000      2.63805e-01
285.000      4.17250e-01
286.000      6.30620e-01
287.000      9.11513e-01
288.000      1.26205e+00
289.000      1.67726e+00
290.000      2.14485e+00
291.000      2.64681e+00
292.000      3.16255e+00
293.000      3.67278e+00
294.000      4.16298e+00
295.000      4.62550e+00
296.000      5.05965e+00
297.000      5.47029e+00
298.000      5.86548e+00
299.000      6.25440e+00
300.000      6.64574e+00
301.000      7.04656e+00
302.000      7.46091e+00
303.000      7.88794e+00
304.000      8.31987e+00
305.000      8.74103e+00
306.000      9.12935e+00
307.000      9.46092e+00
308.000      9.71661e+00
309.000      9.88865e+00
310.000      9.98453e+00
311.000      1.00265e+01
312.000      1.00465e+01
313.000      1.00788e+01
314.000      1.01521e+01
315.000      1.02844e+01
316.000      1.04827e+01
317.000      1.07467e+01
318.000      1.10757e+01
319.000      1.14771e+01
320.000      1.19721e+01
321.000      1.25984e+01
322.000      1.34060e+01
323.000      1.44495e+01
324.000      1.57755e+01
325.000      1.74109e+01
326.000      1.93520e+01
327.000      2.15589e+01
328.000      2.39541e+01
329.000      2.64271e+01
330.000      2.88437e+01
331.000      3.10602e+01
332.000      3.29407e+01
333.000      3.43760e+01
334.000      3.53000e+01
335.000      3.57013e+01
336.000      3.56256e+01
337.000      3.51688e+01
338.000      3.44616e+01
339.000      3.36481e+01
340.000      3.28644e+01
341.000      3.22191e+01
342.000      3.17808e+01
343.000      3.15727e+01
344.000      3.15736e+01
345.000      3.17240e+01
346.000      3.19351e+01
347.000      3.20997e+01
348.000      3.21039e+01
349.000      3.18387e+01
350.000      3.12122e+01
351.000      3.01618e+01
352.000      2.86642e+01
353.000      2.67436e+01
354.000      2.44732e+01
355.000      2.19695e+01
356.000      1.93789e+01
357.000      1.68567e+01
358.000      1.45444e+01
359.000      1.25491e+01
360.000      1.09307e+01
361.000      9.69874e+00
362.000      8.81982e+00
363.000      8.23107e+00
364.000      7.85586e+00
365.000      7.61697e+00
366.000      7.44471e+00
367.000      7.28027e+00
368.000      7.07610e+00
369.000      6.79617e+00
370.000      6.41784e+00
371.000      5.93563e+00
372.000      5.36503e+00
373.000      4.74446e+00
374.000      4.13328e+00
375.000      3.60547e+00
376.000      3.24007e+00
377.000      3.11016e+00
378.000      3.27262e+00
379.000      3.76013e+00
380.000      4.57655e+00
381.000      5.69584e+00
382.000      7.06487e+00
383.000      8.60941e+00
384.000      1.02428e+01
385.000      1.18757e+01
386.000      1.34249e+01
387.000      1.48196e+01
388.000      1.60039e+01
389.000      1.69357e+01
390.000      1.75831e+01
391.000      1.79212e+01
392.000      1.79305e+01
393.000      1.75986e+01
394.000      1.69242e+01
395.000      1.59221e+01
396.000      1.46281e+01
397.000      1.30997e+01
398.000      1.14143e+01
399.000      9.66290e+00
400.000      7.94124e+00
401.000      6.33872e+00
402.000      4.92822e+00
403.000      3.75801e+00
404.000      2.84751e+00
405.000      2.18758e+00
406.000      1.74509e+00
407.000      1.47080e+00
408.000      1.30897e+00
409.000      1.20676e+00
410.000      1.12189e+00
411.000      1.02698e+00
412.000      9.10358e-01
413.000      7.73480e-01
414.000      6.26204e-01
415.000      4.81500e-01
416.000      3.51006e-01
417.000      2.42356e-01
418.000      1.58411e-01
419.000      9.79907e-02
420.000      5.73567e-02
421.000      3.17649e-02
422.000      1.66439e-02
423.000      8.25072e-03
424.000      3.86950e-03
425.000      1.71688e-03
426.000      7.20686e-04
427.000      2.86201e-04
428.000      1.07526e-04
429.000      3.82186e-05
430.000      1.28515e-05
431.000      4.08837e-06
432.000      1.23045e-06
433.000      3.50346e-07
434.000      9.43727e-08
435.000      2.40499e-08
436.000      5.79827e-09
437.000      1.32251e-09
438.000      2.85378e-10
439.000      5.82583e-11
440.000      1.12516e-11
441.000      2.05582e-12
442.000      3.55366e-13
443.000      5.81145e-14
444.000      8.99104e-15
445.000      1.31599e-15
446.000      1.82228e-16
447.000      2.38722e-17
448.000      2.95861e-18
449.000      3.46898e-19
450.000      3.84798e-20
451.000      4.03815e-21
452.000      4.00911e-22
453.000      3.76558e-23
454.000      3.34606e-24
455.000      2.81289e-25
456.000      2.23712e-26
457.000      1.68323e-27
458.000      1.19816e-28
459.000      8.06875e-30
460.000      5.14059e-31
461.000      3.09840e-32
462.000      1.76677e-33
463.000      9.53104e-35
464.000      4.86427e-36
465.000      2.34862e-37
466.000      1.07282e-38
467.000      4.63614e-40
468.000      1.89542e-41
469.000      7.33111e-43
470.000      2.68258e-44
471.000      9.28654e-46
472.000      3.04139e-47
473.000      9.42342e-49
474.000      2.76224e-50
475.000      7.66008e-52
476.000      2.00966e-53
477.000      4.98802e-55
478.000      1.17126e-56
479.000      2.60192e-58
480.000      5.46831e-60
481.000      1.08725e-61
482.000      2.04515e-63
483.000      3.63946e-65
484.000      6.12726e-67
485.000      9.75918e-69
486.000      1.47054e-70
487.000      2.09633e-72
488.000      2.82723e-74
489.000      3.60727e-76
490.000      4.35425e-78
491.000      4.97240e-80
492.000      5.37201e-82
493.000      5.49066e-84
494.000      5.30921e-86
495.000      4.85684e-88
496.000      4.20334e-90
497.000      3.44154e-92
498.000      2.66581e-94
499.000      1.95354e-96
500.000      1.35436e-98
