# Gaussian folded, width=10 cm^-1
# [cm^-1] arbitrary
0.000      3.00000e+00
1.000      2.91796e+00
2.000      2.68508e+00
3.000      2.33749e+00
4.000      1.92514e+00
5.000      1.50000e+00
6.000      1.10570e+00
7.000      7.71085e-01
8.000      5.08727e-01
9.000      3.17530e-01
10.000      1.87502e-01
11.000      1.04753e-01
12.000      5.53819e-02
13.000      2.77511e-02
14.000      1.33050e-02
15.000      6.45269e-03
16.000      4.05452e-03
17.000      4.94645e-03
18.000      9.77694e-03
19.000      2.13028e-02
20.000      4.51791e-02
21.000      9.11349e-02
22.000      1.74198e-01
23.000      3.15322e-01
24.000      5.40479e-01
25.000      8.77226e-01
26.000      1.34820e+00
27.000      1.96203e+00
28.000      2.70376e+00
29.000      3.52810e+00
30.000      4.35940e+00
31.000      5.10061e+00
32.000      5.65103e+00
33.000      5.92847e+00
34.000      5.88935e+00
35.000      5.53994e+00
36.000      4.93481e+00
37.000      4.16312e+00
38.000      3.32751e+00
39.000      2.52298e+00
40.000      1.82167e+00
41.000      1.26721e+00
42.000      8.77954e-01
43.000      6.55940e-01
44.000      5.97215e-01
45.000      6.99375e-01
46.000      9.63863e-01
47.000      1.39235e+00
48.000      1.97847e+00
49.000      2.69797e+00
50.000      3.50128e+00
51.000      4.31245e+00
52.000      5.03701e+00
53.000      5.57798e+00
54.000      5.85632e+00
55.000      5.82950e+00
56.000      5.50205e+00
57.000      4.92437e+00
58.000      4.18033e+00
59.000      3.36799e+00
60.000      2.57987e+00
61.000      1.88860e+00
62.000      1.34104e+00
63.000      9.60789e-01
64.000      7.55935e-01
65.000      7.27954e-01
66.000      8.77802e-01
67.000      1.20675e+00
68.000      1.71167e+00
69.000      2.37665e+00
70.000      3.16491e+00
71.000      4.01529e+00
72.000      4.84741e+00
73.000      5.57611e+00
74.000      6.13266e+00
75.000      6.48607e+00
76.000      6.65677e+00
77.000      6.71642e+00
78.000      6.77241e+00
79.000      6.94124e+00
80.000      7.31942e+00
81.000      7.96146e+00
82.000      8.87145e+00
83.000      1.00092e+01
84.000      1.13057e+01
85.000      1.26805e+01
86.000      1.40528e+01
87.000      1.53444e+01
88.000      1.64762e+01
89.000      1.73652e+01
90.000      1.79287e+01
91.000      1.80965e+01
92.000      1.78308e+01
93.000      1.71423e+01
94.000      1.60983e+01
95.000      1.48141e+01
96.000      1.34316e+01
97.000      1.20918e+01
98.000      1.09104e+01
99.000      9.96511e+00
100.000      9.29653e+00
101.000      8.91874e+00
102.000      8.83329e+00
103.000      9.03879e+00
104.000      9.53312e+00
105.000      1.03092e+01
106.000      1.13485e+01
107.000      1.26163e+01
108.000      1.40609e+01
109.000      1.56162e+01
110.000      1.72041e+01
111.000      1.87369e+01
112.000      2.01203e+01
113.000      2.12585e+01
114.000      2.20653e+01
115.000      2.24810e+01
116.000      2.24889e+01
117.000      2.21268e+01
118.000      2.14858e+01
119.000      2.06941e+01
120.000      1.98887e+01
121.000      1.91835e+01
122.000      1.86432e+01
123.000      1.82722e+01
124.000      1.80200e+01
125.000      1.78016e+01
126.000      1.75243e+01
127.000      1.71132e+01
128.000      1.65269e+01
129.000      1.57623e+01
130.000      1.48482e+01
131.000      1.38330e+01
132.000      1.27708e+01
133.000      1.17104e+01
134.000      1.06897e+01
135.000      9.73394e+00
136.000      8.85870e+00
137.000      8.07322e+00
138.000      7.38348e+00
139.000      6.79290e+00
140.000      6.30069e+00
141.000      5.89857e+00
142.000      5.56789e+00
143.000      5.27928e+00
144.000      4.99607e+00
145.000      4.68138e+00
146.000      4.30691e+00
147.000      3.86036e+00
148.000      3.34882e+00
149.000      2.79684e+00
150.000      2.23970e+00
151.000      1.71447e+00
152.000      1.25172e+00
153.000      8.70153e-01
154.000      5.75315e-01
155.000      3.61615e-01
156.000      2.16395e-01
157.000      1.24363e-01
158.000      7.12476e-02
159.000      4.62328e-02
160.000      4.32451e-02
161.000      6.14928e-02
162.000      1.05576e-01
163.000      1.85262e-01
164.000      3.14725e-01
165.000      5.10916e-01
166.000      7.90781e-01
167.000      1.16745e+00
168.000      1.64602e+00
169.000      2.22022e+00
170.000      2.87118e+00
171.000      3.56953e+00
172.000      4.28086e+00
173.000      4.97343e+00
174.000      5.62597e+00
175.000      6.23302e+00
176.000      6.80586e+00
177.000      7.36835e+00
178.000      7.94923e+00
179.000      8.57305e+00
180.000      9.25297e+00
181.000      9.98726e+00
182.000      1.07599e+01
183.000      1.15440e+01
184.000      1.23069e+01
185.000      1.30141e+01
186.000      1.36330e+01
187.000      1.41359e+01
188.000      1.45041e+01
189.000      1.47314e+01
190.000      1.48265e+01
191.000      1.48142e+01
192.000      1.47315e+01
193.000      1.46221e+01
194.000      1.45302e+01
195.000      1.44950e+01
196.000      1.45488e+01
197.000      1.47170e+01
198.000      1.50187e+01
199.000      1.54661e+01
200.000      1.60611e+01
201.000      1.67918e+01
202.000      1.76288e+01
203.000      1.85258e+01
204.000      1.94236e+01
205.000      2.02586e+01
206.000      2.09727e+01
207.000      2.15218e+01
208.000      2.18814e+01
209.000      2.20469e+01
210.000      2.20290e+01
211.000      2.18469e+01
212.000      2.15209e+01
213.000      2.10685e+01
214.000      2.05054e+01
215.000      1.98506e+01
216.000      1.91335e+01
217.000      1.83995e+01
218.000      1.77091e+01
219.000      1.71314e+01
220.000      1.67316e+01
221.000      1.65572e+01
222.000      1.66288e+01
223.000      1.69380e+01
224.000      1.74537e+01
225.000      1.81345e+01
226.000      1.89401e+01
227.000      1.98398e+01
228.000      2.08126e+01
229.000      2.18403e+01
230.000      2.28972e+01
231.000      2.39401e+01
232.000      2.49037e+01
233.000      2.57027e+01
234.000      2.62434e+01
235.000      2.64403e+01
236.000      2.62364e+01
237.000      2.56207e+01
238.000      2.46382e+01
239.000      2.33888e+01
240.000      2.20151e+01
241.000      2.06801e+01
242.000      1.95427e+01
243.000      1.87358e+01
244.000      1.83513e+01
245.000      1.84330e+01
246.000      1.89763e+01
247.000      1.99287e+01
248.000      2.11929e+01
249.000      2.26297e+01
250.000      2.40651e+01
251.000      2.53054e+01
252.000      2.61595e+01
253.000      2.64675e+01
254.000      2.61280e+01
255.000      2.51170e+01
256.000      2.34922e+01
257.000      2.13818e+01
258.000      1.89596e+01
259.000      1.64144e+01
260.000      1.39202e+01
261.000      1.16140e+01
262.000      9.58497e+00
263.000      7.87346e+00
264.000      6.47989e+00
265.000      5.37817e+00
266.000      4.53039e+00
267.000      3.89882e+00
268.000      3.45254e+00
269.000      3.16790e+00
270.000      3.02417e+00
271.000      2.99739e+00
272.000      3.05612e+00
273.000      3.16137e+00
274.000      3.27143e+00
275.000      3.34950e+00
276.000      3.37111e+00
277.000      3.32812e+00
278.000      3.22779e+00
279.000      3.08737e+00
280.000      2.92650e+00
281.000      2.76020e+00
282.000      2.59483e+00
283.000      2.42800e+00
284.000      2.25165e+00
285.000      2.05692e+00
286.000      1.83864e+00
287.000      1.59812e+00
288.000      1.34342e+00
289.000      1.08745e+00
290.000      8.44868e-01
291.000      6.28729e-01
292.000      4.48224e-01
293.000      3.07787e-01
294.000      2.07696e-01
295.000      1.45637e-01
296.000      1.18554e-01
297.000      1.24069e-01
298.000      1.61014e-01
299.000      2.28897e-01
300.000      3.26485e-01
301.000      4.50061e-01
302.000      5.92126e-01
303.000      7.41373e-01
304.000      8.84440e-01
305.000      1.00938e+00
306.000      1.10997e+00
307.000      1.18955e+00
308.000      1.26271e+00
309.000      1.35405e+00
310.000      1.49384e+00
311.000      1.71158e+00
312.000      2.02929e+00
313.000      2.45606e+00
314.000      2.98537e+00
315.000      3.59546e+00
316.000      4.25248e+00
317.000      4.91536e+00
318.000      5.54141e+00
319.000      6.09181e+00
320.000      6.53645e+00
321.000      6.85804e+00
322.000      7.05560e+00
323.000      7.14705e+00
324.000      7.17034e+00
325.000      7.18196e+00
326.000      7.25194e+00
327.000      7.45466e+00
328.000      7.85682e+00
329.000      8.50454e+00
330.000      9.41303e+00
331.000      1.05615e+01
332.000      1.18944e+01
333.000      1.33294e+01
334.000      1.47680e+01
335.000      1.61081e+01
336.000      1.72546e+01
337.000      1.81268e+01
338.000      1.86635e+01
339.000      1.88249e+01
340.000      1.85948e+01
341.000      1.79808e+01
342.000      1.70154e+01
343.000      1.57555e+01
344.000      1.42790e+01
345.000      1.26784e+01
346.000      1.10507e+01
347.000      9.48547e+00
348.000      8.05466e+00
349.000      6.80592e+00
350.000      5.76166e+00
351.000      4.92345e+00
352.000      4.27945e+00
353.000      3.81220e+00
354.000      3.50398e+00
355.000      3.33884e+00
356.000      3.30150e+00
357.000      3.37478e+00
358.000      3.53728e+00
359.000      3.76261e+00
360.000      4.02053e+00
361.000      4.27960e+00
362.000      4.51057e+00
363.000      4.68971e+00
364.000      4.80153e+00
365.000      4.84032e+00
366.000      4.81029e+00
367.000      4.72401e+00
368.000      4.59916e+00
369.000      4.45424e+00
370.000      4.30423e+00
371.000      4.15729e+00
372.000      4.01368e+00
373.000      3.86732e+00
374.000      3.70981e+00
375.000      3.53574e+00
376.000      3.34760e+00
377.000      3.15859e+00
378.000      2.99193e+00
379.000      2.87643e+00
380.000      2.83946e+00
381.000      2.89916e+00
382.000      3.05813e+00
383.000      3.30036e+00
384.000      3.59213e+00
385.000      3.88678e+00
386.000      4.13218e+00
387.000      4.27977e+00
388.000      4.29313e+00
389.000      4.15449e+00
390.000      3.86778e+00
391.000      3.45739e+00
392.000      2.96297e+00
393.000      2.43150e+00
394.000      1.90875e+00
395.000      1.43209e+00
396.000      1.02609e+00
397.000      7.01582e-01
398.000      4.57455e-01
399.000      2.84258e-01
400.000      1.68230e-01
401.000      9.47682e-02
402.000      5.07866e-02
403.000      2.58783e-02
404.000      1.25316e-02
405.000      5.76448e-03
406.000      2.51777e-03
407.000      1.04376e-03
408.000      4.10543e-04
409.000      1.53162e-04
410.000      5.41814e-05
411.000      1.81694e-05
412.000      5.77456e-06
413.000      1.73898e-06
414.000      4.96121e-07
415.000      1.34068e-07
416.000      3.43116e-08
417.000      8.31539e-09
418.000      1.90809e-09
419.000      4.14519e-10
420.000      8.52478e-11
421.000      1.65951e-11
422.000      3.05779e-12
423.000      5.33259e-13
424.000      8.80135e-14
425.000      1.37474e-14
426.000      2.03205e-15
427.000      2.84235e-16
428.000      3.76214e-17
429.000      4.71188e-18
430.000      5.58401e-19
431.000      6.26154e-20
432.000      6.64342e-21
433.000      6.66915e-22
434.000      6.33449e-23
435.000      5.69259e-24
436.000      4.84016e-25
437.000      3.89366e-26
438.000      2.96347e-27
439.000      2.13395e-28
440.000      1.45381e-29
441.000      9.37054e-31
442.000      5.71421e-32
443.000      3.29671e-33
444.000      1.79943e-34
445.000      9.29216e-36
446.000      4.53969e-37
447.000      2.09828e-38
448.000      9.17538e-40
449.000      3.79586e-41
450.000      1.48566e-42
451.000      5.50112e-44
452.000      1.92711e-45
453.000      6.38678e-47
454.000      2.00253e-48
455.000      5.94015e-50
456.000      1.66700e-51
457.000      4.42583e-53
458.000      1.11166e-54
459.000      2.64162e-56
460.000      5.93866e-58
461.000      1.26306e-59
462.000      2.54144e-61
463.000      4.83787e-63
464.000      8.71259e-65
465.000      1.48443e-66
466.000      2.39270e-68
467.000      3.64869e-70
468.000      5.26385e-72
469.000      7.18436e-74
470.000      9.27664e-76
471.000      1.13321e-77
472.000      1.30963e-79
473.000      1.43188e-81
474.000      1.48109e-83
475.000      1.44935e-85
476.000      1.34179e-87
477.000      1.17520e-89
478.000      9.73775e-92
479.000      7.63348e-94
480.000      5.66114e-96
481.000      3.97195e-98
482.000     2.63646e-100
483.000     1.65560e-102
484.000     9.83575e-105
485.000     5.52812e-107
486.000     2.93945e-109
487.000     1.47867e-111
488.000     7.03710e-114
489.000     3.16836e-116
490.000     1.34956e-118
491.000     5.43837e-121
492.000     2.07330e-123
493.000     7.47780e-126
494.000     2.55154e-128
495.000     8.23663e-131
496.000     2.51544e-133
497.000     7.26767e-136
498.000     1.98653e-138
499.000     5.13703e-141
500.000     1.25674e-143
