# Gaussian folded, width=10 cm^-1
# [cm^-1] arbitrary
0.000      3.00000e+00
1.000      2.91796e+00
2.000      2.68508e+00
3.000      2.33749e+00
4.000      1.92514e+00
5.000      1.50000e+00
6.000      1.10570e+00
7.000      7.71085e-01
8.000      5.08727e-01
9.000      3.17530e-01
10.000      1.87500e-01
11.000      1.04747e-01
12.000      5.53623e-02
13.000      2.76908e-02
14.000      1.31297e-02
15.000      5.97135e-03
16.000      2.80583e-03
17.000      1.88719e-03
18.000      2.70116e-03
19.000      5.85938e-03
20.000      1.33888e-02
21.000      2.94539e-02
22.000      6.14868e-02
23.000      1.21543e-01
24.000      2.27433e-01
25.000      4.02837e-01
26.000      6.75394e-01
27.000      1.07185e+00
28.000      1.61014e+00
29.000      2.28949e+00
30.000      3.08150e+00
31.000      3.92584e+00
32.000      4.73421e+00
33.000      5.40389e+00
34.000      5.83859e+00
35.000      5.97105e+00
36.000      5.78006e+00
37.000      5.29606e+00
38.000      4.59319e+00
39.000      3.77080e+00
40.000      2.93064e+00
41.000      2.15727e+00
42.000      1.50645e+00
43.000      1.00350e+00
44.000      6.49639e-01
45.000      4.32542e-01
46.000      3.37401e-01
47.000      3.55306e-01
48.000      4.87371e-01
49.000      7.43954e-01
50.000      1.13916e+00
51.000      1.68161e+00
52.000      2.36362e+00
53.000      3.15181e+00
54.000      3.98315e+00
55.000      4.76928e+00
56.000      5.41014e+00
57.000      5.81418e+00
58.000      5.91967e+00
59.000      5.71008e+00
60.000      5.21845e+00
61.000      4.51902e+00
62.000      3.70931e+00
63.000      2.88881e+00
64.000      2.14100e+00
65.000      1.52344e+00
66.000      1.06712e+00
67.000      7.82925e-01
68.000      6.71284e-01
69.000      7.30523e-01
70.000      9.60783e-01
71.000      1.36212e+00
72.000      1.92762e+00
73.000      2.63424e+00
74.000      3.43561e+00
75.000      4.26085e+00
76.000      5.02246e+00
77.000      5.63301e+00
78.000      6.02693e+00
79.000      6.18089e+00
80.000      6.12555e+00
81.000      5.94363e+00
82.000      5.75374e+00
83.000      5.68411e+00
84.000      5.84385e+00
85.000      6.30019e+00
86.000      7.06776e+00
87.000      8.11160e+00
88.000      9.36103e+00
89.000      1.07281e+01
90.000      1.21235e+01
91.000      1.34658e+01
92.000      1.46822e+01
93.000      1.57053e+01
94.000      1.64697e+01
95.000      1.69136e+01
96.000      1.69876e+01
97.000      1.66663e+01
98.000      1.59612e+01
99.000      1.49267e+01
100.000      1.36572e+01
101.000      1.22749e+01
102.000      1.09096e+01
103.000      9.67750e+00
104.000      8.66386e+00
105.000      7.91521e+00
106.000      7.44248e+00
107.000      7.23344e+00
108.000      7.26931e+00
109.000      7.53943e+00
110.000      8.04862e+00
111.000      8.81510e+00
112.000      9.85992e+00
113.000      1.11917e+01
114.000      1.27917e+01
115.000      1.46035e+01
116.000      1.65306e+01
117.000      1.84436e+01
118.000      2.01957e+01
119.000      2.16435e+01
120.000      2.26700e+01
121.000      2.32025e+01
122.000      2.32231e+01
123.000      2.27673e+01
124.000      2.19138e+01
125.000      2.07677e+01
126.000      1.94438e+01
127.000      1.80527e+01
128.000      1.66928e+01
129.000      1.54464e+01
130.000      1.43789e+01
131.000      1.35373e+01
132.000      1.29481e+01
133.000      1.26156e+01
134.000      1.25194e+01
135.000      1.26160e+01
136.000      1.28420e+01
137.000      1.31219e+01
138.000      1.33768e+01
139.000      1.35352e+01
140.000      1.35423e+01
141.000      1.33664e+01
142.000      1.30014e+01
143.000      1.24647e+01
144.000      1.17920e+01
145.000      1.10283e+01
146.000      1.02202e+01
147.000      9.40779e+00
148.000      8.61971e+00
149.000      7.87058e+00
150.000      7.16158e+00
151.000      6.48357e+00
152.000      5.82222e+00
153.000      5.16393e+00
154.000      4.50118e+00
155.000      3.83586e+00
156.000      3.17982e+00
157.000      2.55243e+00
158.000      1.97593e+00
159.000      1.47017e+00
160.000      1.04834e+00
161.000      7.14770e-01
162.000      4.65120e-01
163.000      2.88545e-01
164.000      1.70779e-01
165.000      9.71844e-02
166.000      5.51258e-02
167.000      3.54333e-02
168.000      3.31373e-02
169.000      4.77796e-02
170.000      8.35466e-02
171.000      1.49259e-01
172.000      2.57997e-01
173.000      4.25973e-01
174.000      6.70291e-01
175.000      1.00554e+00
176.000      1.43960e+00
177.000      1.96977e+00
178.000      2.58043e+00
179.000      3.24360e+00
180.000      3.92297e+00
181.000      4.58086e+00
182.000      5.18659e+00
183.000      5.72383e+00
184.000      6.19497e+00
185.000      6.62071e+00
186.000      7.03514e+00
187.000      7.47705e+00
188.000      7.97986e+00
189.000      8.56239e+00
190.000      9.22280e+00
191.000      9.93701e+00
192.000      1.06623e+01
193.000      1.13452e+01
194.000      1.19322e+01
195.000      1.23808e+01
196.000      1.26677e+01
197.000      1.27937e+01
198.000      1.27833e+01
199.000      1.26796e+01
200.000      1.25366e+01
201.000      1.24091e+01
202.000      1.23442e+01
203.000      1.23736e+01
204.000      1.25094e+01
205.000      1.27442e+01
206.000      1.30530e+01
207.000      1.33998e+01
208.000      1.37439e+01
209.000      1.40475e+01
210.000      1.42817e+01
211.000      1.44307e+01
212.000      1.44937e+01
213.000      1.44828e+01
214.000      1.44208e+01
215.000      1.43355e+01
216.000      1.42568e+01
217.000      1.42133e+01
218.000      1.42318e+01
219.000      1.43373e+01
220.000      1.45521e+01
221.000      1.48931e+01
222.000      1.53674e+01
223.000      1.59678e+01
224.000      1.66700e+01
225.000      1.74338e+01
226.000      1.82094e+01
227.000      1.89447e+01
228.000      1.95938e+01
229.000      2.01224e+01
230.000      2.05087e+01
231.000      2.07407e+01
232.000      2.08113e+01
233.000      2.07141e+01
234.000      2.04408e+01
235.000      1.99830e+01
236.000      1.93368e+01
237.000      1.85087e+01
238.000      1.75221e+01
239.000      1.64215e+01
240.000      1.52721e+01
241.000      1.41562e+01
242.000      1.31636e+01
243.000      1.23800e+01
244.000      1.18730e+01
245.000      1.16804e+01
246.000      1.18019e+01
247.000      1.21955e+01
248.000      1.27807e+01
249.000      1.34475e+01
250.000      1.40702e+01
251.000      1.45241e+01
252.000      1.47049e+01
253.000      1.45449e+01
254.000      1.40257e+01
255.000      1.31815e+01
256.000      1.20934e+01
257.000      1.08730e+01
258.000      9.64037e+00
259.000      8.49971e+00
260.000      7.52084e+00
261.000      6.72964e+00
262.000      6.11032e+00
263.000      5.61772e+00
264.000      5.19516e+00
265.000      4.79210e+00
266.000      4.37631e+00
267.000      3.93779e+00
268.000      3.48490e+00
269.000      3.03557e+00
270.000      2.60804e+00
271.000      2.21448e+00
272.000      1.85906e+00
273.000      1.54003e+00
274.000      1.25345e+00
275.000      9.96493e-01
276.000      7.68898e-01
277.000      5.72393e-01
278.000      4.09024e-01
279.000      2.79436e-01
280.000      1.81960e-01
281.000      1.12685e-01
282.000      6.62614e-02
283.000      3.69553e-02
284.000      1.95338e-02
285.000      9.78234e-03
286.000      4.64588e-03
287.000      2.11107e-03
288.000      9.72588e-04
289.000      5.99102e-04
290.000      7.68701e-04
291.000      1.60961e-03
292.000      3.66653e-03
293.000      8.11002e-03
294.000      1.71016e-02
295.000      3.43045e-02
296.000      6.54776e-02
297.000      1.19007e-01
298.000      2.06137e-01
299.000      3.40592e-01
300.000      5.37333e-01
301.000      8.10322e-01
302.000      1.16951e+00
303.000      1.61768e+00
304.000      2.14798e+00
305.000      2.74332e+00
306.000      3.37821e+00
307.000      4.02326e+00
308.000      4.65122e+00
309.000      5.24322e+00
310.000      5.79291e+00
311.000      6.30714e+00
312.000      6.80281e+00
313.000      7.30063e+00
314.000      7.81812e+00
315.000      8.36406e+00
316.000      8.93625e+00
317.000      9.52326e+00
318.000      1.01093e+01
319.000      1.06804e+01
320.000      1.12297e+01
321.000      1.17601e+01
322.000      1.22838e+01
323.000      1.28194e+01
324.000      1.33877e+01
325.000      1.40078e+01
326.000      1.46947e+01
327.000      1.54592e+01
328.000      1.63079e+01
329.000      1.72441e+01
330.000      1.82674e+01
331.000      1.93740e+01
332.000      2.05550e+01
333.000      2.17961e+01
334.000      2.30760e+01
335.000      2.43664e+01
336.000      2.56314e+01
337.000      2.68285e+01
338.000      2.79087e+01
339.000      2.88186e+01
340.000      2.95027e+01
341.000      2.99067e+01
342.000      2.99820e+01
343.000      2.96906e+01
344.000      2.90110e+01
345.000      2.79428e+01
346.000      2.65101e+01
347.000      2.47622e+01
348.000      2.27716e+01
349.000      2.06293e+01
350.000      1.84384e+01
351.000      1.63061e+01
352.000      1.43347e+01
353.000      1.26118e+01
354.000      1.12007e+01
355.000      1.01325e+01
356.000      9.40122e+00
357.000      8.96459e+00
358.000      8.75219e+00
359.000      8.67886e+00
360.000      8.66096e+00
361.000      8.63103e+00
362.000      8.54657e+00
363.000      8.39105e+00
364.000      8.16760e+00
365.000      7.88862e+00
366.000      7.56561e+00
367.000      7.20324e+00
368.000      6.79938e+00
369.000      6.35039e+00
370.000      5.85894e+00
371.000      5.34020e+00
372.000      4.82369e+00
373.000      4.34959e+00
374.000      3.96098e+00
375.000      3.69525e+00
376.000      3.57791e+00
377.000      3.62096e+00
378.000      3.82558e+00
379.000      4.18709e+00
380.000      4.69884e+00
381.000      5.35275e+00
382.000      6.13555e+00
383.000      7.02230e+00
384.000      7.97024e+00
385.000      8.91634e+00
386.000      9.78082e+00
387.000      1.04767e+01
388.000      1.09234e+01
389.000      1.10612e+01
390.000      1.08622e+01
391.000      1.03353e+01
392.000      9.52486e+00
393.000      8.50197e+00
394.000      7.35244e+00
395.000      6.16317e+00
396.000      5.01060e+00
397.000      3.95291e+00
398.000      3.02709e+00
399.000      2.25007e+00
400.000      1.62252e+00
401.000      1.13377e+00
402.000      7.66462e-01
403.000      5.00250e-01
404.000      3.14486e-01
405.000      1.89967e-01
406.000      1.09999e-01
407.000      6.09225e-02
408.000      3.22101e-02
409.000      1.62291e-02
410.000      7.78160e-03
411.000      3.54650e-03
412.000      1.53486e-03
413.000      6.30291e-04
414.000      2.45440e-04
415.000      9.05876e-05
416.000      3.16768e-05
417.000      1.04913e-05
418.000      3.29024e-06
419.000      9.76908e-07
420.000      2.74562e-07
421.000      7.30364e-08
422.000      1.83869e-08
423.000      4.38041e-09
424.000      9.87493e-10
425.000      2.10643e-10
426.000      4.25146e-11
427.000      8.11886e-12
428.000      1.46692e-12
429.000      2.50765e-13
430.000      4.05573e-14
431.000      6.20593e-15
432.000      8.98418e-16
433.000      1.23050e-16
434.000      1.59444e-17
435.000      1.95462e-18
436.000      2.26695e-19
437.000      2.48738e-20
438.000      2.58205e-21
439.000      2.53576e-22
440.000      2.35598e-23
441.000      2.07088e-24
442.000      1.72209e-25
443.000      1.35481e-26
444.000      1.00837e-27
445.000      7.10030e-29
446.000      4.72992e-30
447.000      2.98091e-31
448.000      1.77730e-32
449.000      1.00252e-33
450.000      5.34985e-35
451.000      2.70090e-36
452.000      1.29001e-37
453.000      5.82902e-39
454.000      2.49181e-40
455.000      1.00775e-41
456.000      3.85575e-43
457.000      1.39567e-44
458.000      4.77939e-46
459.000      1.54839e-47
460.000      4.74578e-49
461.000      1.37610e-50
462.000      3.77496e-52
463.000      9.79696e-54
464.000      2.40540e-55
465.000      5.58730e-57
466.000      1.22782e-58
467.000      2.55260e-60
468.000      5.02054e-62
469.000      9.34190e-64
470.000      1.64451e-65
471.000      2.73878e-67
472.000      4.31514e-69
473.000      6.43205e-71
474.000      9.07031e-73
475.000      1.21008e-74
476.000      1.52729e-76
477.000      1.82367e-78
478.000      2.06010e-80
479.000      2.20166e-82
480.000      2.22601e-84
481.000      2.12924e-86
482.000      1.92680e-88
483.000      1.64956e-90
484.000      1.33603e-92
485.000      1.02372e-94
486.000      7.42108e-97
487.000      5.08942e-99
488.000     3.30208e-101
489.000     2.02686e-103
490.000     1.17701e-105
491.000     6.46622e-108
492.000     3.36078e-110
493.000     1.65252e-112
494.000     7.68726e-115
495.000     3.38309e-117
496.000     1.40855e-119
497.000     5.54819e-122
498.000     2.06750e-124
499.000     7.28884e-127
500.000     2.43102e-129
