# Gaussian folded, width=10 cm^-1
# [cm^-1] arbitrary
0.000      3.00000e+00
1.000      2.91796e+00
2.000      2.68508e+00
3.000      2.33749e+00
4.000      1.92514e+00
5.000      1.50000e+00
6.000      1.10570e+00
7.000      7.71085e-01
8.000      5.08727e-01
9.000      3.17529e-01
10.000      1.87500e-01
11.000      1.04746e-01
12.000      5.53594e-02
13.000      2.76809e-02
14.000      1.30980e-02
15.000      5.87555e-03
16.000      2.53202e-03
17.000      1.14779e-03
18.000      8.15179e-04
19.000      1.31679e-03
20.000      3.06075e-03
21.000      7.29822e-03
22.000      1.66666e-02
23.000      3.60969e-02
24.000      7.40484e-02
25.000      1.43851e-01
26.000      2.64637e-01
27.000      4.61033e-01
28.000      7.60600e-01
29.000      1.18829e+00
30.000      1.75806e+00
31.000      2.46314e+00
32.000      3.26801e+00
33.000      4.10600e+00
34.000      4.88530e+00
35.000      5.50427e+00
36.000      5.87272e+00
37.000      5.93346e+00
38.000      5.67677e+00
39.000      5.14298e+00
40.000      4.41210e+00
41.000      3.58419e+00
42.000      2.75711e+00
43.000      2.00850e+00
44.000      1.38610e+00
45.000      9.07421e-01
46.000      5.66491e-01
47.000      3.43906e-01
48.000      2.16912e-01
49.000      1.67261e-01
50.000      1.86080e-01
51.000      2.75767e-01
52.000      4.49156e-01
53.000      7.26012e-01
54.000      1.12681e+00
55.000      1.66417e+00
56.000      2.33328e+00
57.000      3.10386e+00
58.000      3.91689e+00
59.000      4.68883e+00
60.000      5.32431e+00
61.000      5.73494e+00
62.000      5.85934e+00
63.000      5.67821e+00
64.000      5.21924e+00
65.000      4.55040e+00
66.000      3.76371e+00
67.000      2.95527e+00
68.000      2.20760e+00
69.000      1.57913e+00
70.000      1.10236e+00
71.000      7.89205e-01
72.000      6.40040e-01
73.000      6.52350e-01
74.000      8.25738e-01
75.000      1.16163e+00
76.000      1.65782e+00
77.000      2.29988e+00
78.000      3.05274e+00
79.000      3.85656e+00
80.000      4.62998e+00
81.000      5.28204e+00
82.000      5.73091e+00
83.000      5.92452e+00
84.000      5.85699e+00
85.000      5.57520e+00
86.000      5.17290e+00
87.000      4.77341e+00
88.000      4.50542e+00
89.000      4.47812e+00
90.000      4.76163e+00
91.000      5.37694e+00
92.000      6.29674e+00
93.000      7.45597e+00
94.000      8.76808e+00
95.000      1.01421e+01
96.000      1.14957e+01
97.000      1.27612e+01
98.000      1.38845e+01
99.000      1.48203e+01
100.000      1.55260e+01
101.000      1.59606e+01
102.000      1.60869e+01
103.000      1.58788e+01
104.000      1.53297e+01
105.000      1.44609e+01
106.000      1.33247e+01
107.000      1.20039e+01
108.000      1.06044e+01
109.000      9.24175e+00
110.000      8.02551e+00
111.000      7.04261e+00
112.000      6.34599e+00
113.000      5.95122e+00
114.000      5.84271e+00
115.000      5.98769e+00
116.000      6.35325e+00
117.000      6.92059e+00
118.000      7.69128e+00
119.000      8.68340e+00
120.000      9.91855e+00
121.000      1.14044e+01
122.000      1.31186e+01
123.000      1.49997e+01
124.000      1.69483e+01
125.000      1.88382e+01
126.000      2.05354e+01
127.000      2.19182e+01
128.000      2.28940e+01
129.000      2.34088e+01
130.000      2.34476e+01
131.000      2.30283e+01
132.000      2.21931e+01
133.000      2.10008e+01
134.000      1.95229e+01
135.000      1.78431e+01
136.000      1.60573e+01
137.000      1.42726e+01
138.000      1.26011e+01
139.000      1.11506e+01
140.000      1.00117e+01
141.000      9.24588e+00
142.000      8.87765e+00
143.000      8.89120e+00
144.000      9.23407e+00
145.000      9.82535e+00
146.000      1.05669e+01
147.000      1.13550e+01
148.000      1.20911e+01
149.000      1.26898e+01
150.000      1.30853e+01
151.000      1.32352e+01
152.000      1.31231e+01
153.000      1.27589e+01
154.000      1.21760e+01
155.000      1.14271e+01
156.000      1.05755e+01
157.000      9.68557e+00
158.000      8.81323e+00
159.000      7.99790e+00
160.000      7.25866e+00
161.000      6.59484e+00
162.000      5.99064e+00
163.000      5.42229e+00
164.000      4.86586e+00
165.000      4.30398e+00
166.000      3.73008e+00
167.000      3.14956e+00
168.000      2.57792e+00
169.000      2.03648e+00
170.000      1.54706e+00
171.000      1.12703e+00
172.000      7.86156e-01
173.000      5.25799e-01
174.000      3.40368e-01
175.000      2.20220e-01
176.000      1.54902e-01
177.000      1.35774e-01
178.000      1.57393e-01
179.000      2.17517e-01
180.000      3.15939e-01
181.000      4.52678e-01
182.000      6.26214e-01
183.000      8.32436e-01
184.000      1.06480e+00
185.000      1.31571e+00
186.000      1.57867e+00
187.000      1.85025e+00
188.000      2.13104e+00
189.000      2.42489e+00
190.000      2.73662e+00
191.000      3.06899e+00
192.000      3.41997e+00
193.000      3.78156e+00
194.000      4.14061e+00
195.000      4.48148e+00
196.000      4.79002e+00
197.000      5.05760e+00
198.000      5.28422e+00
199.000      5.47970e+00
200.000      5.66265e+00
201.000      5.85701e+00
202.000      6.08718e+00
203.000      6.37266e+00
204.000      6.72383e+00
205.000      7.14000e+00
206.000      7.61041e+00
207.000      8.11754e+00
208.000      8.64165e+00
209.000      9.16484e+00
210.000      9.67321e+00
211.000      1.01567e+01
212.000      1.06068e+01
213.000      1.10142e+01
214.000      1.13659e+01
215.000      1.16459e+01
216.000      1.18369e+01
217.000      1.19241e+01
218.000      1.18998e+01
219.000      1.17666e+01
220.000      1.15381e+01
221.000      1.12377e+01
222.000      1.08950e+01
223.000      1.05408e+01
224.000      1.02032e+01
225.000      9.90386e+00
226.000      9.65726e+00
227.000      9.47027e+00
228.000      9.34345e+00
229.000      9.27221e+00
230.000      9.24780e+00
231.000      9.25759e+00
232.000      9.28497e+00
233.000      9.30914e+00
234.000      9.30563e+00
235.000      9.24824e+00
236.000      9.11281e+00
237.000      8.88253e+00
238.000      8.55352e+00
239.000      8.13889e+00
240.000      7.66928e+00
241.000      7.18915e+00
242.000      6.74905e+00
243.000      6.39570e+00
244.000      6.16247e+00
245.000      6.06278e+00
246.000      6.08784e+00
247.000      6.20920e+00
248.000      6.38484e+00
249.000      6.56699e+00
250.000      6.70970e+00
251.000      6.77486e+00
252.000      6.73628e+00
253.000      6.58180e+00
254.000      6.31372e+00
255.000      5.94764e+00
256.000      5.50928e+00
257.000      5.02949e+00
258.000      4.53817e+00
259.000      4.05861e+00
260.000      3.60406e+00
261.000      3.17752e+00
262.000      2.77486e+00
263.000      2.38964e+00
264.000      2.01786e+00
265.000      1.66062e+00
266.000      1.32432e+00
267.000      1.01837e+00
268.000      7.52077e-01
269.000      5.31722e-01
270.000      3.59014e-01
271.000      2.31062e-01
272.000      1.41553e-01
273.000      8.24546e-02
274.000      4.56374e-02
275.000      2.40104e-02
276.000      1.20724e-02
277.000      5.98943e-03
278.000      3.40264e-03
279.000      3.17468e-03
280.000      5.22568e-03
281.000      1.05456e-02
282.000      2.14049e-02
283.000      4.17207e-02
284.000      7.74645e-02
285.000      1.36922e-01
286.000      2.30561e-01
287.000      3.70287e-01
288.000      5.67965e-01
289.000      8.33321e-01
290.000      1.17160e+00
291.000      1.58154e+00
292.000      2.05435e+00
293.000      2.57410e+00
294.000      3.11955e+00
295.000      3.66734e+00
296.000      4.19563e+00
297.000      4.68762e+00
298.000      5.13412e+00
299.000      5.53488e+00
300.000      5.89828e+00
301.000      6.23982e+00
302.000      6.57937e+00
303.000      6.93806e+00
304.000      7.33492e+00
305.000      7.78409e+00
306.000      8.29259e+00
307.000      8.85923e+00
308.000      9.47423e+00
309.000      1.01198e+01
310.000      1.07713e+01
311.000      1.13993e+01
312.000      1.19724e+01
313.000      1.24616e+01
314.000      1.28453e+01
315.000      1.31143e+01
316.000      1.32764e+01
317.000      1.33577e+01
318.000      1.34010e+01
319.000      1.34610e+01
320.000      1.35978e+01
321.000      1.38694e+01
322.000      1.43257e+01
323.000      1.50044e+01
324.000      1.59292e+01
325.000      1.71100e+01
326.000      1.85427e+01
327.000      2.02090e+01
328.000      2.20748e+01
329.000      2.40887e+01
330.000      2.61802e+01
331.000      2.82613e+01
332.000      3.02313e+01
333.000      3.19863e+01
334.000      3.34323e+01
335.000      3.44996e+01
336.000      3.51564e+01
337.000      3.54174e+01
338.000      3.53439e+01
339.000      3.50361e+01
340.000      3.46148e+01
341.000      3.41989e+01
342.000      3.38805e+01
343.000      3.37054e+01
344.000      3.36631e+01
345.000      3.36903e+01
346.000      3.36845e+01
347.000      3.35274e+01
348.000      3.31087e+01
349.000      3.23474e+01
350.000      3.12039e+01
351.000      2.96833e+01
352.000      2.78303e+01
353.000      2.57191e+01
354.000      2.34418e+01
355.000      2.10977e+01
356.000      1.87848e+01
357.000      1.65934e+01
358.000      1.46005e+01
359.000      1.28656e+01
360.000      1.14266e+01
361.000      1.02977e+01
362.000      9.46903e+00
363.000      8.90969e+00
364.000      8.57185e+00
365.000      8.39628e+00
366.000      8.31774e+00
367.000      8.27000e+00
368.000      8.19075e+00
369.000      8.02679e+00
370.000      7.73966e+00
371.000      7.31107e+00
372.000      6.74708e+00
373.000      6.07946e+00
374.000      5.36357e+00
375.000      4.67258e+00
376.000      4.08882e+00
377.000      3.69363e+00
378.000      3.55729e+00
379.000      3.73029e+00
380.000      4.23715e+00
381.000      5.07334e+00
382.000      6.20607e+00
383.000      7.57848e+00
384.000      9.11668e+00
385.000      1.07381e+01
386.000      1.23591e+01
387.000      1.39001e+01
388.000      1.52873e+01
389.000      1.64523e+01
390.000      1.73302e+01
391.000      1.78603e+01
392.000      1.79901e+01
393.000      1.76835e+01
394.000      1.69311e+01
395.000      1.57583e+01
396.000      1.42293e+01
397.000      1.24431e+01
398.000      1.05224e+01
399.000      8.59707e+00
400.000      6.78659e+00
401.000      5.18569e+00
402.000      3.85527e+00
403.000      2.82024e+00
404.000      2.07283e+00
405.000      1.57980e+00
406.000      1.29118e+00
407.000      1.14907e+00
408.000      1.09566e+00
409.000      1.07981e+00
410.000      1.06212e+00
411.000      1.01775e+00
412.000      9.36781e-01
413.000      8.22072e-01
414.000      6.85159e-01
415.000      5.41307e-01
416.000      4.04991e-01
417.000      2.86803e-01
418.000      1.92199e-01
419.000      1.21870e-01
420.000      7.31116e-02
421.000      4.14964e-02
422.000      2.22823e-02
423.000      1.13196e-02
424.000      5.44029e-03
425.000      2.47362e-03
426.000      1.06405e-03
427.000      4.33019e-04
428.000      1.66713e-04
429.000      6.07228e-05
430.000      2.09243e-05
431.000      6.82132e-06
432.000      2.10379e-06
433.000      6.13839e-07
434.000      1.69443e-07
435.000      4.42498e-08
436.000      1.09324e-08
437.000      2.55528e-09
438.000      5.65040e-10
439.000      1.18205e-10
440.000      2.33944e-11
441.000      4.38031e-12
442.000      7.75917e-13
443.000      1.30030e-13
444.000      2.06153e-14
445.000      3.09209e-15
446.000      4.38766e-16
447.000      5.89022e-17
448.000      7.48080e-18
449.000      8.98838e-19
450.000      1.02172e-19
451.000      1.09876e-20
452.000      1.11786e-21
453.000      1.07595e-22
454.000      9.79747e-24
455.000      8.44021e-25
456.000      6.87876e-26
457.000      5.30377e-27
458.000      3.86880e-28
459.000      2.66985e-29
460.000      1.74307e-30
461.000      1.07661e-31
462.000      6.29102e-33
463.000      3.47777e-34
464.000      1.81886e-35
465.000      8.99941e-37
466.000      4.21257e-38
467.000      1.86551e-39
468.000      7.81566e-41
469.000      3.09779e-42
470.000      1.16159e-43
471.000      4.12074e-45
472.000      1.38297e-46
473.000      4.39107e-48
474.000      1.31900e-49
475.000      3.74831e-51
476.000      1.00773e-52
477.000      2.56313e-54
478.000      6.16758e-56
479.000      1.40403e-57
480.000      3.02382e-59
481.000      6.16102e-61
482.000      1.18759e-62
483.000      2.16570e-64
484.000      3.73636e-66
485.000      6.09840e-68
486.000      9.41675e-70
487.000      1.37564e-71
488.000      1.90118e-73
489.000      2.48577e-75
490.000      3.07480e-77
491.000      3.59823e-79
492.000      3.98364e-81
493.000      4.17242e-83
494.000      4.13441e-85
495.000      3.87576e-87
496.000      3.43730e-89
497.000      2.88401e-91
498.000      2.28925e-93
499.000      1.71912e-95
500.000      1.22134e-97
