4.500000000000000000e+01
4.376940000000000452e+01
4.027619999999999578e+01
3.506234999999999502e+01
2.887709999999999511e+01
2.250000000000000000e+01
1.658550000000000324e+01
1.156627499999999920e+01
7.630905000000002936e+00
4.762935000000000585e+00
2.812500000000000000e+00
1.571190000000000087e+00
8.303910999999997156e-01
4.152136000000000715e-01
1.964711999999999847e-01
8.813468000000002078e-02
3.798409999999999287e-02
1.722629999999999995e-02
1.224864300000000003e-02
1.979370000000000088e-02
4.598328000000000138e-02
1.095701600000000137e-01
2.500591000000000341e-01
5.412660000000000249e-01
1.109761600000000126e+00
2.154902000000000317e+00
3.962749000000000077e+00
6.901416999999999469e+00
1.138293900000000036e+01
1.778059000000000012e+01
2.630358000000000018e+01
3.685209999999999297e+01
4.889755999999999858e+01
6.144550000000000978e+01
7.312569999999999482e+01
8.241881000000000768e+01
8.797457000000001415e+01
8.893256999999998413e+01
8.514026999999998679e+01
7.719281999999999755e+01
6.628028000000000475e+01
5.389598000000000155e+01
4.150492000000000559e+01
3.027251999999999654e+01
2.091956999999999667e+01
1.371493499999999877e+01
8.574597999999999942e+00
5.211777000000000548e+00
3.287577000000000194e+00
2.529439000000000437e+00
2.804849999999999621e+00
4.150565000000000282e+00
6.760469999999999757e+00
1.093262600000000084e+01
1.697492000000000090e+01
2.507509999999999906e+01
3.515599999999999170e+01
4.675427000000000533e+01
5.897297999999999973e+01
7.054837999999999454e+01
8.004391999999999996e+01
8.613555999999999813e+01
8.791317999999996857e+01
8.510369000000000028e+01
7.814046999999999343e+01
6.805625999999999465e+01
5.623729000000000156e+01
4.412211999999999534e+01
3.293974999999999653e+01
2.355527999999999977e+01
1.644614999999999938e+01
1.178459499999999949e+01
9.573430000000000106e+00
9.774872999999999479e+00
1.238438399999999895e+01
1.742490999999999701e+01
2.486456999999999695e+01
3.448735999999999535e+01
4.576804999999999524e+01
5.780999999999999517e+01
6.939496999999998650e+01
7.916222000000000492e+01
8.588860999999999990e+01
8.879774000000001877e+01
8.780490999999999246e+01
8.361488999999998839e+01
7.763266999999999030e+01
7.170381000000000427e+01
6.775228999999998791e+01
6.740810000000000457e+01
7.171563999999999339e+01
8.098528999999999201e+01
9.481056000000002371e+01
1.122288700000000006e+02
1.319672400000000039e+02
1.526940000000000168e+02
1.732030000000000030e+02
1.924878000000000213e+02
2.097138999999999953e+02
2.241340000000000430e+02
2.350177000000000191e+02
2.416441999999999553e+02
2.433767999999999745e+02
2.397953999999999724e+02
2.308399000000000001e+02
2.169201000000000192e+02
1.989493000000000222e+02
1.782921000000000049e+02
1.566252999999999815e+02
1.357239400000000273e+02
1.172181400000000053e+02
1.023666300000000149e+02
9.191125999999999863e+01
8.605503000000000213e+01
8.457445000000001301e+01
8.703140000000000498e+01
9.301254000000000133e+01
1.023102400000000074e+02
1.149790200000000056e+02
1.312458699999999681e+02
1.513053199999999947e+02
1.750733000000000175e+02
2.019889000000000294e+02
2.309360000000000355e+02
2.603136999999999830e+02
2.882380999999999744e+02
3.128168000000000006e+02
3.324148000000000707e+02
3.458462999999999852e+02
3.524564000000000306e+02
3.520975000000000250e+02
3.450425999999999362e+02
3.318870000000000005e+02
3.134774000000000456e+02
2.908879999999999768e+02
2.654203000000000543e+02
2.385886000000000138e+02
2.120596999999999923e+02
1.875281999999999698e+02
1.665408999999999651e+02
1.503105300000000284e+02
1.395603599999999744e+02
1.344440400000000011e+02
1.345569099999999878e+02
1.390326100000000054e+02
1.466976400000000069e+02
1.562440600000000188e+02
1.663807999999999652e+02
1.759417999999999722e+02
1.839439999999999600e+02
1.896117999999999597e+02
1.923893999999999664e+02
1.919548000000000059e+02
1.882433000000000050e+02
1.814635000000000105e+02
1.720877999999999872e+02
1.608002800000000150e+02
1.484017000000000053e+02
1.356832200000000057e+02
1.233027199999999937e+02
1.116925099999999986e+02
1.010226499999999987e+02
9.122545000000002346e+01
8.207093000000001837e+01
7.326984000000000208e+01
6.457698999999999501e+01
5.586876999999999782e+01
4.717900999999999812e+01
3.868681999999999732e+01
3.066474000000000544e+01
2.340522999999999598e+01
1.714865500000000154e+01
1.203311400000000120e+01
8.077163000000002313e+00
5.194536999999999516e+00
3.230849999999999778e+00
2.007808499999999885e+00
1.362435099999999677e+00
1.173856700000000197e+00
1.375790899999999928e+00
1.956851280000000415e+00
2.952275429999999812e+00
4.430506600000000184e+00
6.477099699999998350e+00
9.177746299999999025e+00
1.260170500000000082e+01
1.678713700000000131e+01
2.173008399999999796e+01
2.737839600000000218e+01
3.363189799999999963e+01
4.034866999999999848e+01
4.735698000000000718e+01
5.447084000000000259e+01
6.150716000000000605e+01
6.830215000000001169e+01
7.472496000000001004e+01
8.068711000000000411e+01
8.614767000000000507e+01
9.111420999999998571e+01
9.564091999999999416e+01
9.982524000000000797e+01
1.038032599999999661e+02
1.077432799999999986e+02
1.118347500000000139e+02
1.162693500000000029e+02
1.212129400000000032e+02
1.267688899999999990e+02
1.329391399999999805e+02
1.395928800000000081e+02
1.464557800000000043e+02
1.531285599999999931e+02
1.591412999999999727e+02
1.640331400000000031e+02
1.674448500000000024e+02
1.691940000000000168e+02
1.693140099999999961e+02
1.680388499999999965e+02
1.657404799999999909e+02
1.628340799999999717e+02
1.596866100000000017e+02
1.565524199999999837e+02
1.535561600000000055e+02
1.507206799999999873e+02
1.480232000000000028e+02
1.454557500000000232e+02
1.430681700000000092e+02
1.409768699999999910e+02
1.393375699999999711e+02
1.382906599999999742e+02
1.378977800000000116e+02
1.380909599999999955e+02
1.386543100000000095e+02
1.392484000000000037e+02
1.394724900000000218e+02
1.389499700000000075e+02
1.374089799999999855e+02
1.347376700000000085e+02
1.309985999999999819e+02
1.264046599999999927e+02
1.212684799999999967e+02
1.159442499999999967e+02
1.107787699999999944e+02
1.060783899999999846e+02
1.020907300000000077e+02
9.899271000000000242e+01
9.687642999999999915e+01
9.572931999999998709e+01
9.541392999999999347e+01
9.565869999999999607e+01
9.607335000000000491e+01
9.619652999999998144e+01
9.557164999999999111e+01
9.383438000000001011e+01
9.078742999999998631e+01
8.643769000000001768e+01
8.098471000000000686e+01
7.476283999999999708e+01
6.815763000000001171e+01
6.152312000000000580e+01
5.512381999999999493e+01
4.911348000000000269e+01
4.354740000000000322e+01
3.841514999999999702e+01
3.367680000000000007e+01
2.929078999999999766e+01
2.522809999999999775e+01
2.147524299999999897e+01
1.803091500000000025e+01
1.490088100000000004e+01
1.209356300000000140e+01
9.616721699999999373e+00
7.474374699999999372e+00
5.664158700000001545e+00
4.175161400000000356e+00
2.986881459999999766e+00
2.069926199999999827e+00
1.388478989999999857e+00
9.041888310000001372e-01
5.809275400000000200e-01
3.900424399999999903e-01
3.158371300000000215e-01
3.612623299999999649e-01
5.536418699999999804e-01
9.497473599999999294e-01
1.638759999999999994e+00
2.740880399999999995e+00
4.399214500000000250e+00
6.763508999999999993e+00
9.966512000000001592e+00
1.409688399999999930e+01
1.917503699999999967e+01
2.513930900000000079e+01
3.184793000000000163e+01
3.909759999999999280e+01
4.665460000000000207e+01
5.429084000000000287e+01
6.181549999999999301e+01
6.909717000000000553e+01
7.607301999999999964e+01
8.274666000000000565e+01
8.917575999999999681e+01
9.545228000000000179e+01
1.016767300000000063e+02
1.079309599999999989e+02
1.142555400000000105e+02
1.206388600000000224e+02
1.270228900000000039e+02
1.333236899999999991e+02
1.394593900000000133e+02
1.453743200000000400e+02
1.510487200000000030e+02
1.564932299999999827e+02
1.617300199999999961e+02
1.667765600000000177e+02
1.716377999999999986e+02
1.763183000000000220e+02
1.808534000000000219e+02
1.853479999999999848e+02
1.900115000000000123e+02
1.951772000000000276e+02
2.012971000000000004e+02
2.089130999999999574e+02
2.186105999999999767e+02
2.309644999999999584e+02
2.464805999999999813e+02
2.655310000000000059e+02
2.882816000000000258e+02
3.146062999999999761e+02
3.440020000000000095e+02
3.755315000000000509e+02
4.078238000000000056e+02
4.391684999999999377e+02
4.677051000000000727e+02
4.916909000000000560e+02
5.097916000000000167e+02
5.213224999999999909e+02
5.263789999999999054e+02
5.258222999999999274e+02
5.211061000000000831e+02
5.140000000000001137e+02
5.062601000000000226e+02
4.993242999999999938e+02
4.940924999999999159e+02
4.908261999999999716e+02
4.891716999999999871e+02
4.882903000000000020e+02
4.870465999999999553e+02
4.842224000000001070e+02
4.786984999999999673e+02
4.695939999999999372e+02
4.563456999999999653e+02
4.387364999999999782e+02
4.168899999999999295e+02
3.912481999999999971e+02
3.625401999999999703e+02
3.317402999999999338e+02
3.000116000000000440e+02
2.686244000000000369e+02
2.388466999999999985e+02
2.118241999999999905e+02
1.884597999999999729e+02
1.693183900000000222e+02
1.545773399999999924e+02
1.440257100000000037e+02
1.371107900000000086e+02
1.330180400000000134e+02
1.307664900000000046e+02
1.293085800000000063e+02
1.276281699999999972e+02
1.248366199999999822e+02
1.202674299999999903e+02
1.135643899999999888e+02
1.047493000000000052e+02
9.425093000000001098e+01
8.287921000000000049e+01
7.173990999999999474e+01
6.210052999999999912e+01
5.523029999999999973e+01
5.224207999999999430e+01
5.395947000000000315e+01
6.082381999999999778e+01
7.284538000000000579e+01
8.960063000000000955e+01
1.102725800000000049e+02
1.337307100000000162e+02
1.586420900000000245e+02
1.835940999999999974e+02
2.072090000000000316e+02
2.282263000000000090e+02
2.455468999999999937e+02
2.582430999999999699e+02
2.655622999999999934e+02
2.669475999999999658e+02
2.620904000000000451e+02
2.510106000000000108e+02
2.341338000000000079e+02
2.123312999999999704e+02
1.868899999999999864e+02
1.594033000000000015e+02
1.315949400000000082e+02
1.051117000000000132e+02
8.133038000000000523e+01
6.121578000000000230e+01
4.525334999999999752e+01
3.345928999999999576e+01
2.545256000000000185e+01
2.056689000000000078e+01
1.797958000000000212e+01
1.683772000000000091e+01
1.636895000000000167e+01
1.596608000000000160e+01
1.523574799999999918e+01
1.400762799999999686e+01
1.230405499999999996e+01
1.028027000000000157e+01
8.151825999999999794e+00
6.127747000000000277e+00
4.364029999999999632e+00
2.943630999999999887e+00
1.880266700000000180e+00
1.137254499999999835e+00
6.512938999999999812e-01
3.531538599999999861e-01
1.813051799999999825e-01
8.812686000000000131e-02
4.055578199999999162e-02
1.767010700000000087e-02
7.288901999999999881e-03
2.846539099999999961e-03
1.052447699999999996e-03
3.683887799999999569e-04
1.220763399999999846e-04
3.829749500000000355e-05
1.137415499999999884e-05
3.197961899999999987e-06
8.511931700000001046e-07
2.144763099999999806e-07
5.115901299999999591e-08
1.155188509999999958e-08
2.469251199999999481e-09
4.996393100000000730e-10
9.570209100000000158e-11
1.735223189999999935e-11
2.978204300000000435e-12
4.838535000000000042e-13
7.440960299999999751e-14
1.083166679999999934e-14
1.492478040000000103e-15
1.946542009999999956e-16
2.403022259999999812e-17
2.807923309999999818e-18
3.105578290000000117e-19
3.251059029999999484e-20
3.221276190000000103e-21
3.020978730000000559e-22
2.681514360000000369e-23
2.252790950000000262e-24
1.791290599999999871e-25
1.348066440000000073e-26
9.601796510000000251e-28
6.472710899999999848e-29
4.129602429999999159e-30
2.493533160000000110e-31
1.424958976000000003e-32
7.706676410000000080e-34
3.944615869999999979e-35
1.910785097000000087e-36
8.759627839999999902e-38
3.800334229999999825e-39
1.560333547999999932e-40
6.062735530000000039e-42
2.229317893999999931e-43
7.757556820000000088e-45
2.554607358000000021e-46
7.960967669999999327e-48
2.347726497999999804e-49
6.551886400000001053e-51
1.730290476000000219e-52
4.324161984999999611e-54
1.022617622000000011e-55
2.288498139999999971e-57
4.846296672000000414e-59
9.711568587999999647e-61
1.841562851000000186e-62
3.304442845000000057e-64
5.610783881999999769e-66
9.014824116999999878e-68
1.370563324799999945e-69
1.971724699600000102e-71
2.684086317000000000e-73
3.457390418999999542e-75
4.214026050000000733e-77
4.860087010000000038e-79
5.303771301000000468e-81
5.476705769000000421e-83
5.351104680999999855e-85
4.947170511399999640e-87
4.327690151200000297e-89
3.582134575400000015e-91
2.805503698300000003e-93
2.079028707499999783e-95
