# Gaussian folded, width=10 cm^-1
# [cm^-1] arbitrary
0.000      3.00000e+00
1.000      2.91796e+00
2.000      2.68508e+00
3.000      2.33749e+00
4.000      1.92514e+00
5.000      1.50000e+00
6.000      1.10570e+00
7.000      7.71085e-01
8.000      5.08727e-01
9.000      3.17530e-01
10.000      1.87500e-01
11.000      1.04747e-01
12.000      5.53632e-02
13.000      2.76934e-02
14.000      1.31375e-02
15.000      5.99284e-03
16.000      2.86157e-03
17.000      2.02305e-03
18.000      3.01199e-03
19.000      6.52604e-03
20.000      1.47269e-02
21.000      3.19618e-02
22.000      6.58625e-02
23.000      1.28621e-01
24.000      2.37982e-01
25.000      4.17189e-01
26.000      6.92930e-01
27.000      1.09050e+00
28.000      1.62615e+00
29.000      2.29773e+00
30.000      3.07649e+00
31.000      3.90337e+00
32.000      4.69311e+00
33.000      5.34718e+00
34.000      5.77348e+00
35.000      5.90749e+00
36.000      5.72829e+00
37.000      5.26388e+00
38.000      4.58407e+00
39.000      3.78338e+00
40.000      2.95982e+00
41.000      2.19607e+00
42.000      1.54827e+00
43.000      1.04372e+00
44.000      6.86429e-01
45.000      4.66766e-01
46.000      3.71849e-01
47.000      3.93466e-01
48.000      5.31939e-01
49.000      7.95275e-01
50.000      1.19393e+00
51.000      1.73234e+00
52.000      2.39935e+00
53.000      3.16039e+00
54.000      3.95472e+00
55.000      4.70007e+00
56.000      5.30501e+00
57.000      5.68673e+00
58.000      5.78947e+00
59.000      5.59777e+00
60.000      5.14038e+00
61.000      4.48341e+00
62.000      3.71514e+00
63.000      2.92753e+00
64.000      2.20012e+00
65.000      1.59043e+00
66.000      1.13235e+00
67.000      8.40944e-01
68.000      7.20437e-01
69.000      7.71490e-01
70.000      9.94719e-01
71.000      1.38908e+00
72.000      1.94574e+00
73.000      2.64002e+00
74.000      3.42520e+00
75.000      4.23215e+00
76.000      4.97724e+00
77.000      5.57830e+00
78.000      5.97492e+00
79.000      6.14712e+00
80.000      6.12572e+00
81.000      5.98988e+00
82.000      5.85145e+00
83.000      5.82999e+00
84.000      6.02579e+00
85.000      6.49894e+00
86.000      7.26004e+00
87.000      8.27425e+00
88.000      9.47538e+00
89.000      1.07835e+01
90.000      1.21195e+01
91.000      1.34113e+01
92.000      1.45924e+01
93.000      1.55970e+01
94.000      1.63559e+01
95.000      1.67999e+01
96.000      1.68706e+01
97.000      1.65358e+01
98.000      1.58049e+01
99.000      1.47365e+01
100.000      1.34358e+01
101.000      1.20406e+01
102.000      1.06980e+01
103.000      9.53870e+00
104.000      8.65531e+00
105.000      8.09033e+00
106.000      7.83781e+00
107.000      7.85727e+00
108.000      8.09511e+00
109.000      8.50623e+00
110.000      9.06847e+00
111.000      9.78562e+00
112.000      1.06787e+01
113.000      1.17693e+01
114.000      1.30613e+01
115.000      1.45261e+01
116.000      1.60976e+01
117.000      1.76759e+01
118.000      1.91416e+01
119.000      2.03743e+01
120.000      2.12740e+01
121.000      2.17773e+01
122.000      2.18668e+01
123.000      2.15709e+01
124.000      2.09553e+01
125.000      2.01081e+01
126.000      1.91246e+01
127.000      1.80935e+01
128.000      1.70873e+01
129.000      1.61581e+01
130.000      1.53365e+01
131.000      1.46340e+01
132.000      1.40467e+01
133.000      1.35609e+01
134.000      1.31588e+01
135.000      1.28225e+01
136.000      1.25369e+01
137.000      1.22893e+01
138.000      1.20672e+01
139.000      1.18562e+01
140.000      1.16391e+01
141.000      1.13972e+01
142.000      1.11133e+01
143.000      1.07753e+01
144.000      1.03786e+01
145.000      9.92810e+00
146.000      9.43691e+00
147.000      8.92415e+00
148.000      8.41075e+00
149.000      7.91438e+00
150.000      7.44480e+00
151.000      7.00085e+00
152.000      6.57030e+00
153.000      6.13312e+00
154.000      5.66738e+00
155.000      5.15605e+00
156.000      4.59280e+00
157.000      3.98486e+00
158.000      3.35226e+00
159.000      2.72366e+00
160.000      2.13030e+00
161.000      1.59966e+00
162.000      1.15074e+00
163.000      7.91872e-01
164.000      5.21312e-01
165.000      3.29941e-01
166.000      2.05089e-01
167.000      1.34436e-01
168.000      1.09259e-01
169.000      1.26649e-01
170.000      1.90554e-01
171.000      3.11573e-01
172.000      5.05359e-01
173.000      7.89578e-01
174.000      1.17959e+00
175.000      1.68353e+00
176.000      2.29792e+00
177.000      3.00529e+00
178.000      3.77472e+00
179.000      4.56581e+00
180.000      5.33504e+00
181.000      6.04309e+00
182.000      6.66110e+00
183.000      7.17459e+00
184.000      7.58457e+00
185.000      7.90592e+00
186.000      8.16394e+00
187.000      8.38953e+00
188.000      8.61370e+00
189.000      8.86194e+00
190.000      9.14922e+00
191.000      9.47694e+00
192.000      9.83279e+00
193.000      1.01941e+01
194.000      1.05342e+01
195.000      1.08307e+01
196.000      1.10729e+01
197.000      1.12660e+01
198.000      1.14308e+01
199.000      1.15990e+01
200.000      1.18032e+01
201.000      1.20668e+01
202.000      1.23955e+01
203.000      1.27723e+01
204.000      1.31600e+01
205.000      1.35089e+01
206.000      1.37679e+01
207.000      1.38971e+01
208.000      1.38761e+01
209.000      1.37078e+01
210.000      1.34161e+01
211.000      1.30395e+01
212.000      1.26247e+01
213.000      1.22206e+01
214.000      1.18759e+01
215.000      1.16390e+01
216.000      1.15569e+01
217.000      1.16728e+01
218.000      1.20191e+01
219.000      1.26083e+01
220.000      1.34240e+01
221.000      1.44164e+01
222.000      1.55052e+01
223.000      1.65925e+01
224.000      1.75810e+01
225.000      1.83949e+01
226.000      1.89947e+01
227.000      1.93832e+01
228.000      1.95986e+01
229.000      1.96983e+01
230.000      1.97398e+01
231.000      1.97619e+01
232.000      1.97750e+01
233.000      1.97595e+01
234.000      1.96728e+01
235.000      1.94619e+01
236.000      1.90786e+01
237.000      1.84919e+01
238.000      1.76983e+01
239.000      1.67258e+01
240.000      1.56338e+01
241.000      1.45061e+01
242.000      1.34411e+01
243.000      1.25389e+01
244.000      1.18864e+01
245.000      1.15453e+01
246.000      1.15406e+01
247.000      1.18552e+01
248.000      1.24281e+01
249.000      1.31599e+01
250.000      1.39242e+01
251.000      1.45847e+01
252.000      1.50154e+01
253.000      1.51206e+01
254.000      1.48499e+01
255.000      1.42045e+01
256.000      1.32335e+01
257.000      1.20221e+01
258.000      1.06741e+01
259.000      9.29419e+00
260.000      7.97412e+00
261.000      6.78380e+00
262.000      5.76794e+00
263.000      4.94663e+00
264.000      4.31845e+00
265.000      3.86505e+00
266.000      3.55641e+00
267.000      3.35648e+00
268.000      3.22842e+00
269.000      3.13866e+00
270.000      3.05936e+00
271.000      2.96914e+00
272.000      2.85270e+00
273.000      2.70019e+00
274.000      2.50688e+00
275.000      2.27329e+00
276.000      2.00538e+00
277.000      1.71430e+00
278.000      1.41507e+00
279.000      1.12431e+00
280.000      8.57514e-01
281.000      6.26591e-01
282.000      4.38406e-01
283.000      2.94669e-01
284.000      1.93049e-01
285.000      1.29042e-01
286.000      9.79775e-02
287.000      9.65766e-02
288.000      1.23706e-01
289.000      1.80173e-01
290.000      2.67687e-01
291.000      3.87320e-01
292.000      5.38034e-01
293.000      7.15877e-01
294.000      9.14321e-01
295.000      1.12576e+00
296.000      1.34370e+00
297.000      1.56466e+00
298.000      1.78896e+00
299.000      2.02000e+00
300.000      2.26246e+00
301.000      2.52051e+00
302.000      2.79699e+00
303.000      3.09389e+00
304.000      3.41367e+00
305.000      3.76003e+00
306.000      4.13759e+00
307.000      4.55028e+00
308.000      4.99950e+00
309.000      5.48329e+00
310.000      5.99702e+00
311.000      6.53488e+00
312.000      7.09093e+00
313.000      7.65836e+00
314.000      8.22699e+00
315.000      8.78053e+00
316.000      9.29581e+00
317.000      9.74573e+00
318.000      1.01062e+01
319.000      1.03651e+01
320.000      1.05305e+01
321.000      1.06354e+01
322.000      1.07362e+01
323.000      1.09054e+01
324.000      1.12203e+01
325.000      1.17486e+01
326.000      1.25356e+01
327.000      1.35946e+01
328.000      1.49037e+01
329.000      1.64088e+01
330.000      1.80331e+01
331.000      1.96910e+01
332.000      2.13021e+01
333.000      2.28031e+01
334.000      2.41552e+01
335.000      2.53441e+01
336.000      2.63756e+01
337.000      2.72659e+01
338.000      2.80304e+01
339.000      2.86734e+01
340.000      2.91805e+01
341.000      2.95168e+01
342.000      2.96307e+01
343.000      2.94626e+01
344.000      2.89577e+01
345.000      2.80786e+01
346.000      2.68154e+01
347.000      2.51910e+01
348.000      2.32613e+01
349.000      2.11089e+01
350.000      1.88337e+01
351.000      1.65420e+01
352.000      1.43358e+01
353.000      1.23040e+01
354.000      1.05166e+01
355.000      9.02047e+00
356.000      7.83903e+00
357.000      6.97241e+00
358.000      6.40034e+00
359.000      6.08619e+00
360.000      5.98162e+00
361.000      6.03133e+00
362.000      6.17707e+00
363.000      6.36127e+00
364.000      6.53042e+00
365.000      6.63901e+00
366.000      6.65370e+00
367.000      6.55719e+00
368.000      6.35028e+00
369.000      6.05110e+00
370.000      5.69125e+00
371.000      5.30957e+00
372.000      4.94536e+00
373.000      4.63289e+00
374.000      4.39834e+00
375.000      4.25955e+00
376.000      4.22784e+00
377.000      4.31071e+00
378.000      4.51412e+00
379.000      4.84338e+00
380.000      5.30199e+00
381.000      5.88854e+00
382.000      6.59215e+00
383.000      7.38776e+00
384.000      8.23308e+00
385.000      9.06888e+00
386.000      9.82374e+00
387.000      1.04230e+01
388.000      1.08002e+01
389.000      1.09080e+01
390.000      1.07267e+01
391.000      1.02667e+01
392.000      9.56623e+00
393.000      8.68314e+00
394.000      7.68506e+00
395.000      6.63889e+00
396.000      5.60270e+00
397.000      4.62121e+00
398.000      3.72480e+00
399.000      2.93116e+00
400.000      2.24818e+00
401.000      1.67667e+00
402.000      1.21246e+00
403.000      8.47558e-01
404.000      5.70994e-01
405.000      3.69668e-01
406.000      2.29397e-01
407.000      1.36140e-01
408.000      7.71207e-02
409.000      4.16340e-02
410.000      2.13917e-02
411.000      1.04493e-02
412.000      4.84838e-03
413.000      2.13529e-03
414.000      8.92100e-04
415.000      3.53396e-04
416.000      1.32688e-04
417.000      4.72049e-05
418.000      1.59079e-05
419.000      5.07713e-06
420.000      1.53435e-06
421.000      4.39007e-07
422.000      1.18906e-07
423.000      3.04847e-08
424.000      7.39718e-09
425.000      1.69874e-09
426.000      3.69182e-10
427.000      7.59250e-11
428.000      1.47755e-11
429.000      2.72081e-12
430.000      4.74068e-13
431.000      7.81553e-14
432.000      1.21911e-14
433.000      1.79923e-15
434.000      2.51236e-16
435.000      3.31914e-17
436.000      4.14870e-18
437.000      4.90611e-19
438.000      5.48907e-20
439.000      5.81023e-21
440.000      5.81861e-22
441.000      5.51281e-23
442.000      4.94145e-24
443.000      4.19046e-25
444.000      3.36197e-26
445.000      2.55181e-27
446.000      1.83243e-28
447.000      1.24488e-29
448.000      8.00105e-31
449.000      4.86506e-32
450.000      2.79866e-33
451.000      1.52311e-34
452.000      7.84211e-36
453.000      3.81991e-37
454.000      1.76032e-38
455.000      7.67451e-40
456.000      3.16539e-41
457.000      1.23516e-42
458.000      4.55970e-44
459.000      1.59246e-45
460.000      5.26160e-47
461.000      1.64470e-48
462.000      4.86376e-50
463.000      1.36074e-51
464.000      3.60161e-53
465.000      9.01855e-55
466.000      2.13646e-56
467.000      4.78817e-58
468.000      1.01522e-59
469.000      2.03645e-61
470.000      3.86457e-63
471.000      6.93821e-65
472.000      1.17845e-66
473.000      1.89362e-68
474.000      2.87867e-70
475.000      4.14007e-72
476.000      5.63303e-74
477.000      7.25094e-76
478.000      8.83006e-78
479.000      1.01730e-79
480.000      1.10881e-81
481.000      1.14335e-83
482.000      1.11537e-85
483.000      1.02938e-87
484.000      8.98776e-90
485.000      7.42411e-92
486.000      5.80169e-94
487.000      4.28926e-96
488.000      3.00005e-98
489.000     1.98514e-100
490.000     1.24272e-102
491.000     7.35989e-105
492.000     4.12370e-107
493.000     2.18585e-109
494.000     1.09616e-111
495.000     5.20046e-114
496.000     2.33415e-116
497.000     9.91134e-119
498.000     3.98157e-121
499.000     1.51319e-123
500.000     5.44064e-126
