# Gaussian folded, width=10 cm^-1
# [cm^-1] arbitrary
0.000      3.00000e+00
1.000      2.91796e+00
2.000      2.68508e+00
3.000      2.33749e+00
4.000      1.92514e+00
5.000      1.50000e+00
6.000      1.10570e+00
7.000      7.71085e-01
8.000      5.08727e-01
9.000      3.17529e-01
10.000      1.87500e-01
11.000      1.04746e-01
12.000      5.53594e-02
13.000      2.76808e-02
14.000      1.30977e-02
15.000      5.87439e-03
16.000      2.52867e-03
17.000      1.13871e-03
18.000      7.91931e-04
19.000      1.26089e-03
20.000      2.93450e-03
21.000      7.03079e-03
22.000      1.61360e-02
23.000      3.51126e-02
24.000      7.23457e-02
25.000      1.41114e-01
26.000      2.60568e-01
27.000      4.55478e-01
28.000      7.53717e-01
29.000      1.18071e+00
30.000      1.75096e+00
31.000      2.45811e+00
32.000      3.26678e+00
33.000      4.10989e+00
34.000      4.89477e+00
35.000      5.51854e+00
36.000      5.88986e+00
37.000      5.95075e+00
38.000      5.69145e+00
39.000      5.15296e+00
40.000      4.41642e+00
41.000      3.58315e+00
42.000      2.75199e+00
43.000      2.00100e+00
44.000      1.37785e+00
45.000      8.99607e-01
46.000      5.59653e-01
47.000      3.37965e-01
48.000      2.11292e-01
49.000      1.61091e-01
50.000      1.78436e-01
51.000      2.65979e-01
52.000      4.37197e-01
53.000      7.12889e-01
54.000      1.11483e+00
55.000      1.65688e+00
56.000      2.33486e+00
57.000      3.11802e+00
58.000      3.94548e+00
59.000      4.73069e+00
60.000      5.37486e+00
61.000      5.78688e+00
62.000      5.90439e+00
63.000      5.70922e+00
64.000      5.23208e+00
65.000      4.54478e+00
66.000      3.74282e+00
67.000      2.92443e+00
68.000      2.17252e+00
69.000      1.54437e+00
70.000      1.07051e+00
71.000      7.60792e-01
72.000      6.14111e-01
73.000      6.27427e-01
74.000      8.00905e-01
75.000      1.13747e+00
76.000      1.63692e+00
77.000      2.28667e+00
78.000      3.05255e+00
79.000      3.87396e+00
80.000      4.66686e+00
81.000      5.33619e+00
82.000      5.79563e+00
83.000      5.98983e+00
84.000      5.91199e+00
85.000      5.61097e+00
86.000      5.18487e+00
87.000      4.76245e+00
88.000      4.47740e+00
89.000      4.44221e+00
90.000      4.72809e+00
91.000      5.35500e+00
92.000      6.29323e+00
93.000      7.47476e+00
94.000      8.81018e+00
95.000      1.02062e+01
96.000      1.15788e+01
97.000      1.28584e+01
98.000      1.39894e+01
99.000      1.49240e+01
100.000      1.56179e+01
101.000      1.60290e+01
102.000      1.61211e+01
103.000      1.58712e+01
104.000      1.52782e+01
105.000      1.43690e+01
106.000      1.32011e+01
107.000      1.18596e+01
108.000      1.04499e+01
109.000      9.08462e+00
110.000      7.86873e+00
111.000      6.88464e+00
112.000      6.18217e+00
113.000      5.77646e+00
114.000      5.65505e+00
115.000      5.79200e+00
116.000      6.16400e+00
117.000      6.76234e+00
118.000      7.59587e+00
119.000      8.68383e+00
120.000      1.00408e+01
121.000      1.16597e+01
122.000      1.34987e+01
123.000      1.54781e+01
124.000      1.74859e+01
125.000      1.93936e+01
126.000      2.10740e+01
127.000      2.24180e+01
128.000      2.33458e+01
129.000      2.38105e+01
130.000      2.37962e+01
131.000      2.33137e+01
132.000      2.23959e+01
133.000      2.10960e+01
134.000      1.94875e+01
135.000      1.76642e+01
136.000      1.57382e+01
137.000      1.38339e+01
138.000      1.20771e+01
139.000      1.05824e+01
140.000      9.43995e+00
141.000      8.70609e+00
142.000      8.39773e+00
143.000      8.49236e+00
144.000      8.93258e+00
145.000      9.63387e+00
146.000      1.04943e+01
147.000      1.14050e+01
148.000      1.22597e+01
149.000      1.29641e+01
150.000      1.34433e+01
151.000      1.36479e+01
152.000      1.35580e+01
153.000      1.31841e+01
154.000      1.25653e+01
155.000      1.17622e+01
156.000      1.08473e+01
157.000      9.89284e+00
158.000      8.95937e+00
159.000      8.08728e+00
160.000      7.29381e+00
161.000      6.57532e+00
162.000      5.91400e+00
163.000      5.28656e+00
164.000      4.67254e+00
165.000      4.06020e+00
166.000      3.44922e+00
167.000      2.84989e+00
168.000      2.27978e+00
169.000      1.75877e+00
170.000      1.30417e+00
171.000      9.26951e-01
172.000      6.30042e-01
173.000      4.08758e-01
174.000      2.52808e-01
175.000      1.49060e-01
176.000      8.41950e-02
177.000      4.66833e-02
178.000      2.79302e-02
179.000      2.27286e-02
180.000      2.93151e-02
181.000      4.92894e-02
182.000      8.75172e-02
183.000      1.51968e-01
184.000      2.53316e-01
185.000      4.04098e-01
186.000      6.17306e-01
187.000      9.04464e-01
188.000      1.27342e+00
189.000      1.72625e+00
190.000      2.25774e+00
191.000      2.85473e+00
192.000      3.49665e+00
193.000      4.15719e+00
194.000      4.80709e+00
195.000      5.41756e+00
196.000      5.96403e+00
197.000      6.42944e+00
198.000      6.80652e+00
199.000      7.09863e+00
200.000      7.31899e+00
201.000      7.48844e+00
202.000      7.63235e+00
203.000      7.77687e+00
204.000      7.94503e+00
205.000      8.15296e+00
206.000      8.40681e+00
207.000      8.70124e+00
208.000      9.02035e+00
209.000      9.34168e+00
210.000      9.64236e+00
211.000      9.90592e+00
212.000      1.01272e+01
213.000      1.03131e+01
214.000      1.04793e+01
215.000      1.06428e+01
216.000      1.08146e+01
217.000      1.09927e+01
218.000      1.11612e+01
219.000      1.12920e+01
220.000      1.13519e+01
221.000      1.13116e+01
222.000      1.11544e+01
223.000      1.08832e+01
224.000      1.05233e+01
225.000      1.01201e+01
226.000      9.73082e+00
227.000      9.41226e+00
228.000      9.20641e+00
229.000      9.12904e+00
230.000      9.16439e+00
231.000      9.26870e+00
232.000      9.38186e+00
233.000      9.44353e+00
234.000      9.40852e+00
235.000      9.25659e+00
236.000      8.99417e+00
237.000      8.64883e+00
238.000      8.25962e+00
239.000      7.86700e+00
240.000      7.50532e+00
241.000      7.19883e+00
242.000      6.96090e+00
243.000      6.79517e+00
244.000      6.69745e+00
245.000      6.65784e+00
246.000      6.66238e+00
247.000      6.69432e+00
248.000      6.73487e+00
249.000      6.76380e+00
250.000      6.76024e+00
251.000      6.70412e+00
252.000      6.57821e+00
253.000      6.37061e+00
254.000      6.07696e+00
255.000      5.70164e+00
256.000      5.25748e+00
257.000      4.76378e+00
258.000      4.24314e+00
259.000      3.71775e+00
260.000      3.20623e+00
261.000      2.72189e+00
262.000      2.27271e+00
263.000      1.86266e+00
264.000      1.49370e+00
265.000      1.16729e+00
266.000      8.84993e-01
267.000      6.48066e-01
268.000      4.56491e-01
269.000      3.08198e-01
270.000      1.98850e-01
271.000      1.22316e-01
272.000      7.15960e-02
273.000      3.98227e-02
274.000      2.10277e-02
275.000      1.05416e-02
276.000      5.04302e-03
277.000      2.38217e-03
278.000      1.32319e-03
279.000      1.32038e-03
280.000      2.40552e-03
281.000      5.22997e-03
282.000      1.12841e-02
283.000      2.32940e-02
284.000      4.57528e-02
285.000      8.54734e-02
286.000      1.51955e-01
287.000      2.57273e-01
288.000      4.15189e-01
289.000      6.39297e-01
290.000      9.40306e-01
291.000      1.32294e+00
292.000      1.78330e+00
293.000      2.30770e+00
294.000      2.87377e+00
295.000      3.45399e+00
296.000      4.02090e+00
297.000      4.55282e+00
298.000      5.03805e+00
299.000      5.47652e+00
300.000      5.87821e+00
301.000      6.25915e+00
302.000      6.63634e+00
303.000      7.02320e+00
304.000      7.42685e+00
305.000      7.84768e+00
306.000      8.28075e+00
307.000      8.71849e+00
308.000      9.15352e+00
309.000      9.58107e+00
310.000      9.99996e+00
311.000      1.04121e+01
312.000      1.08206e+01
313.000      1.12264e+01
314.000      1.16264e+01
315.000      1.20124e+01
316.000      1.23742e+01
317.000      1.27042e+01
318.000      1.30051e+01
319.000      1.32954e+01
320.000      1.36123e+01
321.000      1.40091e+01
322.000      1.45485e+01
323.000      1.52926e+01
324.000      1.62924e+01
325.000      1.75783e+01
326.000      1.91539e+01
327.000      2.09923e+01
328.000      2.30348e+01
329.000      2.51948e+01
330.000      2.73639e+01
331.000      2.94233e+01
332.000      3.12573e+01
333.000      3.27690e+01
334.000      3.38937e+01
335.000      3.46073e+01
336.000      3.49295e+01
337.000      3.49189e+01
338.000      3.46627e+01
339.000      3.42617e+01
340.000      3.38147e+01
341.000      3.34024e+01
342.000      3.30765e+01
343.000      3.28530e+01
344.000      3.27132e+01
345.000      3.26099e+01
346.000      3.24785e+01
347.000      3.22496e+01
348.000      3.18596e+01
349.000      3.12583e+01
350.000      3.04128e+01
351.000      2.93073e+01
352.000      2.79428e+01
353.000      2.63361e+01
354.000      2.45202e+01
355.000      2.25446e+01
356.000      2.04742e+01
357.000      1.83859e+01
358.000      1.63624e+01
359.000      1.44838e+01
360.000      1.28189e+01
361.000      1.14182e+01
362.000      1.03089e+01
363.000      9.49318e+00
364.000      8.94835e+00
365.000      8.62901e+00
366.000      8.47107e+00
367.000      8.39790e+00
368.000      8.32874e+00
369.000      8.18899e+00
370.000      7.92088e+00
371.000      7.49265e+00
372.000      6.90431e+00
373.000      6.18846e+00
374.000      5.40610e+00
375.000      4.63834e+00
376.000      3.97576e+00
377.000      3.50734e+00
378.000      3.31045e+00
379.000      3.44280e+00
380.000      3.93647e+00
381.000      4.79408e+00
382.000      5.98744e+00
383.000      7.45885e+00
384.000      9.12575e+00
385.000      1.08885e+01
386.000      1.26403e+01
387.000      1.42772e+01
388.000      1.57064e+01
389.000      1.68514e+01
390.000      1.76533e+01
391.000      1.80700e+01
392.000      1.80753e+01
393.000      1.76593e+01
394.000      1.68318e+01
395.000      1.56260e+01
396.000      1.41022e+01
397.000      1.23469e+01
398.000      1.04675e+01
399.000      8.58071e+00
400.000      6.79881e+00
401.000      5.21526e+00
402.000      3.89399e+00
403.000      2.86416e+00
404.000      2.12097e+00
405.000      1.63153e+00
406.000      1.34395e+00
407.000      1.19752e+00
408.000      1.13239e+00
409.000      1.09745e+00
410.000      1.05566e+00
411.000      9.86189e-01
412.000      8.83552e-01
413.000      7.54098e-01
414.000      6.11017e-01
415.000      4.69199e-01
416.000      3.41161e-01
417.000      2.34786e-01
418.000      1.52897e-01
419.000      9.42093e-02
420.000      5.49200e-02
421.000      3.02899e-02
422.000      1.58048e-02
423.000      7.80194e-03
424.000      3.64364e-03
425.000      1.60985e-03
426.000      6.72906e-04
427.000      2.66097e-04
428.000      9.95508e-05
429.000      3.52344e-05
430.000      1.17979e-05
431.000      3.73734e-06
432.000      1.12005e-06
433.000      3.17563e-07
434.000      8.51805e-08
435.000      2.16156e-08
436.000      5.18935e-09
437.000      1.17862e-09
438.000      2.53254e-10
439.000      5.14818e-11
440.000      9.90078e-12
441.000      1.80137e-12
442.000      3.10065e-13
443.000      5.04919e-14
444.000      7.77871e-15
445.000      1.13373e-15
446.000      1.56326e-16
447.000      2.03925e-17
448.000      2.51667e-18
449.000      2.93833e-19
450.000      3.24558e-20
451.000      3.39158e-21
452.000      3.35296e-22
453.000      3.13598e-23
454.000      2.77482e-24
455.000      2.32281e-25
456.000      1.83955e-26
457.000      1.37824e-27
458.000      9.76919e-29
459.000      6.55101e-30
460.000      4.15600e-31
461.000      2.49437e-32
462.000      1.41633e-33
463.000      7.60824e-35
464.000      3.86654e-36
465.000      1.85899e-37
466.000      8.45572e-39
467.000      3.63866e-40
468.000      1.48132e-41
469.000      5.70526e-43
470.000      2.07883e-44
471.000      7.16606e-46
472.000      2.33700e-47
473.000      7.21034e-49
474.000      2.10460e-50
475.000      5.81167e-52
476.000      1.51827e-53
477.000      3.75247e-55
478.000      8.77407e-57
479.000      1.94090e-58
480.000      4.06184e-60
481.000      8.04192e-62
482.000      1.50631e-63
483.000      2.66924e-65
484.000      4.47483e-67
485.000      7.09716e-69
486.000      1.06490e-70
487.000      1.51165e-72
488.000      2.03008e-74
489.000      2.57923e-76
490.000      3.10017e-78
491.000      3.52533e-80
492.000      3.79254e-82
493.000      3.85992e-84
494.000      3.71659e-86
495.000      3.38554e-88
496.000      2.91762e-90
497.000      2.37874e-92
498.000      1.83478e-94
499.000      1.33887e-96
500.000      9.24293e-99
