4.500000000000000000e+01
4.376940000000000452e+01
4.027619999999999578e+01
3.506234999999999502e+01
2.887709999999999511e+01
2.250000000000000000e+01
1.658550000000000324e+01
1.156627499999999920e+01
7.630905000000002936e+00
4.762950000000000017e+00
2.812529999999999752e+00
1.571282999999999763e+00
8.307111999999999830e-01
4.162155999999999634e-01
1.994400000000000062e-01
9.645267999999998509e-02
6.002446000000000170e-02
7.244717000000000517e-02
1.430383500000000085e-01
3.125499000000000471e-01
6.650650000000000173e-01
1.345816499999999971e+00
2.579937999999999843e+00
4.682418000000000191e+00
8.045035999999999632e+00
1.308515700000000059e+01
2.014762999999999593e+01
2.936739999999999995e+01
4.052333000000000141e+01
5.293519999999999470e+01
6.546151000000000408e+01
7.663566000000001566e+01
8.493381000000000824e+01
8.911218999999998402e+01
8.851220999999998185e+01
8.323103999999999303e+01
7.409713999999999601e+01
6.246068999999999249e+01
4.987367000000001127e+01
3.776816000000000173e+01
2.722783000000000087e+01
1.890305999999999642e+01
1.306192200000000092e+01
9.727935000000000443e+00
8.836973999999997886e+00
1.035268299999999897e+01
1.430189799999999956e+01
2.071986000000000416e+01
2.952434999999999832e+01
4.036322000000000543e+01
5.249783000000000044e+01
6.478301000000000442e+01
7.578265000000000384e+01
8.401407000000000380e+01
8.826227999999998985e+01
8.786867000000000871e+01
8.289668000000000347e+01
7.411632000000000176e+01
6.281330000000000524e+01
5.049065999999999121e+01
3.856319000000000585e+01
2.813572000000000628e+01
1.991380999999999801e+01
1.424392200000000130e+01
1.123500899999999980e+01
1.089630300000000140e+01
1.323080099999999781e+01
1.824776000000000309e+01
2.589060999999999879e+01
3.591111000000000786e+01
4.774710999999999217e+01
6.047334000000000032e+01
7.287943999999998823e+01
8.368925000000000125e+01
9.187786999999998727e+01
9.698937999999999704e+01
9.933964000000000283e+01
1.000121199999999959e+02
1.006267799999999824e+02
1.029453699999999969e+02
1.084407800000000037e+02
1.179706400000000173e+02
1.316486899999999878e+02
1.489243600000000356e+02
1.687974999999999852e+02
1.900512000000000512e+02
2.114087000000000387e+02
2.315696999999999832e+02
2.491880999999999915e+02
2.628673000000000570e+02
2.712657999999999561e+02
2.733273000000000366e+02
2.685733000000000175e+02
2.573313999999999737e+02
2.407891999999999655e+02
2.208170999999999822e+02
1.996031000000000120e+02
1.792273000000000138e+02
1.613213000000000079e+02
1.469215499999999679e+02
1.365318200000000104e+02
1.303287700000000200e+02
1.283877699999999891e+02
1.308223199999999906e+02
1.377886399999999867e+02
1.493807299999999998e+02
1.654860000000000184e+02
1.856756999999999778e+02
2.091639000000000408e+02
2.348301000000000158e+02
2.612708999999999264e+02
2.868605999999999767e+02
3.098340000000000032e+02
3.284242000000000417e+02
3.410819000000000187e+02
3.467624000000000706e+02
3.452087000000000216e+02
3.371256000000000199e+02
3.241540000000000532e+02
3.086032000000000153e+02
2.929953000000000429e+02
2.795394000000000005e+02
2.696791999999999803e+02
2.638495999999999526e+02
2.614855000000000018e+02
2.612701000000000136e+02
2.615227000000000430e+02
2.606047999999999547e+02
2.572418999999999869e+02
2.506985999999999990e+02
2.407978000000000236e+02
2.278282999999999561e+02
2.123990999999999758e+02
1.952935999999999979e+02
1.773536000000000001e+02
1.594027000000000100e+02
1.421915899999999908e+02
1.263516499999999922e+02
1.123502199999999931e+02
1.004456099999999878e+02
9.065561999999999898e+01
8.275283000000000300e+01
7.629838000000000875e+01
7.071692999999999074e+01
6.540388999999998987e+01
5.984454999999999814e+01
5.371533999999999764e+01
4.694113999999999720e+01
3.969030000000000769e+01
3.231093999999999511e+01
2.522898000000000351e+01
1.883992200000000139e+01
1.342578100000000241e+01
9.115280999999997746e+00
5.889425000000000132e+00
3.619616999999999862e+00
2.119692500000000202e+00
1.194904599999999872e+00
6.779539999999999456e-01
4.501542000000000043e-01
4.512243000000000226e-01
6.830716000000000010e-01
1.211420299999999894e+00
2.165850000000000275e+00
3.735298000000000673e+00
6.154141000000000972e+00
9.674506000000000938e+00
1.452451399999999992e+01
2.085800000000000054e+01
2.870742000000000616e+01
3.795476999999999634e+01
4.833214000000000965e+01
5.945675000000000665e+01
7.089373000000000502e+01
8.223268999999999096e+01
9.315862999999998806e+01
1.035016399999999948e+02
1.132549300000000159e+02
1.225581999999999994e+02
1.316508199999999817e+02
1.408033500000000231e+02
1.502411800000000142e+02
1.600766000000000417e+02
1.702634999999999650e+02
1.805911999999999864e+02
1.907142000000000053e+02
2.002160000000000082e+02
2.086897000000000162e+02
2.158159999999999741e+02
2.214190999999999860e+02
2.254907000000000039e+02
2.281855000000000189e+02
2.297875000000000227e+02
2.306684999999999945e+02
2.312471999999999923e+02
2.319516000000000133e+02
2.331973000000000127e+02
2.353675999999999817e+02
2.387961000000000240e+02
2.437472000000000207e+02
2.503841999999999643e+02
2.587304000000000315e+02
2.686269999999999527e+02
2.796964999999999577e+02
2.913350999999999544e+02
3.027447999999999979e+02
3.130229000000000497e+02
3.212903999999999201e+02
3.268450999999998885e+02
3.292820000000000391e+02
3.285617000000000303e+02
3.249944999999999595e+02
3.191576000000000022e+02
3.117753000000000156e+02
3.036077000000000794e+02
2.953773000000000479e+02
2.877380999999999744e+02
2.812727999999999611e+02
2.764820999999999458e+02
2.737497999999999934e+02
2.732832999999999970e+02
2.750593999999999824e+02
2.788101999999999521e+02
2.840741000000000440e+02
2.903075999999999794e+02
2.970271000000000186e+02
3.039232999999999834e+02
3.109158000000000470e+02
3.181127000000000180e+02
3.256927000000000021e+02
3.337478000000000407e+02
3.421323999999999614e+02
3.503763000000000147e+02
3.576902999999999793e+02
3.630812999999999988e+02
3.655468999999999937e+02
3.643091000000000008e+02
3.590225999999999544e+02
3.498997000000000526e+02
3.377235000000000014e+02
3.237484000000000037e+02
3.095272999999999683e+02
2.967097999999999729e+02
2.868600000000000136e+02
2.813064999999999714e+02
2.810163000000000011e+02
2.864707999999999402e+02
2.975364000000000715e+02
3.133469000000000619e+02
3.322456999999999994e+02
3.518579000000000292e+02
3.693242000000000758e+02
3.816988999999999805e+02
3.864380000000000450e+02
3.818636999999999944e+02
3.674736999999999512e+02
3.440145999999999731e+02
3.132950999999999908e+02
2.778078000000000429e+02
2.402713999999999999e+02
2.032150999999999783e+02
1.686920999999999822e+02
1.381455799999999954e+02
1.124088099999999741e+02
9.178572999999998672e+01
7.616628000000000043e+01
6.514217999999999620e+01
5.810849999999999227e+01
5.434719000000000477e+01
5.309321999999999520e+01
5.358475000000000676e+01
5.510036999999999097e+01
5.698766999999998717e+01
5.868741999999999592e+01
5.975689000000000561e+01
5.989084000000000430e+01
5.893619999999999237e+01
5.689369999999999550e+01
5.390115000000000123e+01
5.019660000000000366e+01
4.606542999999999921e+01
4.178127999999999531e+01
3.755534000000000816e+01
3.350779999999999603e+01
2.966834000000000060e+01
2.600442999999999572e+01
2.246463999999999928e+01
1.902022000000000190e+01
1.568960699999999875e+01
1.253888300000000200e+01
9.662030999999998926e+00
7.151124999999999510e+00
5.069772000000000389e+00
3.438629299999999667e+00
2.235754700000000206e+00
1.408604200000000306e+00
8.914140000000001507e-01
6.217847699999998756e-01
5.523212900000000758e-01
6.558151700000000028e-01
9.244795699999998062e-01
1.365023539999999924e+00
1.991890407000000085e+00
2.821246453000000542e+00
3.868095214999999865e+00
5.148117468000000585e+00
6.684061919999999546e+00
8.514386850000001061e+00
1.069932598000000112e+01
1.331977079999999880e+01
1.646502330000000214e+01
2.021097830000000428e+01
2.459395600000000215e+01
2.958993700000000615e+01
3.510836099999999504e+01
4.100581300000000340e+01
4.711733999999999867e+01
5.329680000000000462e+01
5.945284999999999087e+01
6.556919999999999504e+01
7.170305000000000462e+01
7.796356999999999005e+01
8.448163000000002398e+01
9.138380000000000791e+01
9.878216999999999359e+01
1.067846900000000119e+02
1.155190499999999929e+02
1.251557099999999991e+02
1.359107799999999600e+02
1.480155900000000031e+02
1.616501000000000090e+02
1.768537399999999877e+02
1.934379000000000133e+02
2.109281999999999755e+02
2.285600000000000023e+02
2.453304999999999723e+02
2.601003000000000043e+02
2.717225000000000250e+02
2.791774000000000342e+02
2.816848999999999705e+02
2.787937000000000012e+02
2.704309999999999832e+02
2.569197999999999524e+02
2.389562999999999988e+02
2.175508000000000095e+02
1.939354999999999905e+02
1.694453999999999496e+02
1.453944900000000189e+02
1.229665199999999743e+02
1.031353200000000072e+02
8.662283999999998230e+01
7.388765999999999678e+01
6.513062000000000751e+01
6.030494000000000199e+01
5.912416999999999234e+01
6.107353999999999417e+01
6.543610999999999933e+01
7.134576999999998748e+01
7.787059000000000708e+01
8.411740000000000350e+01
8.933782999999999674e+01
9.301149000000002331e+01
9.488660000000000139e+01
9.497129999999999939e+01
9.348237999999999204e+01
9.076986000000000843e+01
8.723709000000000913e+01
8.327406999999998050e+01
7.921111000000000502e+01
7.529311000000001286e+01
7.166962999999999795e+01
6.839583000000000368e+01
6.544322999999999979e+01
6.272050000000000125e+01
6.010592000000000468e+01
5.748817999999999984e+01
5.480850000000000222e+01
5.209236000000001354e+01
4.945942000000000860e+01
4.710500000000001108e+01
4.525491999999999138e+01
4.410300000000000153e+01
4.374676999999999794e+01
4.413780000000001280e+01
4.506104000000000553e+01
4.615160000000000196e+01
4.695017999999999603e+01
4.698873999999999995e+01
4.588806000000000296e+01
4.344357699999999767e+01
3.967440500000000725e+01
3.482089700000000221e+01
2.928983400000000259e+01
2.356430599999999842e+01
1.810479699999999781e+01
1.326908099999999990e+01
9.268809999999998439e+00
6.166775200000000012e+00
3.905920399999999848e+00
2.354205400000000115e+00
1.349830500000000155e+00
7.360507700000000764e-01
3.816132700000000599e-01
1.880757179999999473e-01
8.809357400000000782e-02
3.920762499999999595e-02
1.657784179999999621e-02
6.657805400000000283e-03
2.539183949999999652e-03
9.194628999999999953e-04
3.160579750000000205e-04
1.031117969999999960e-04
3.192097589999999752e-05
9.375441049999999675e-06
2.612007209999999833e-06
6.901627029999999921e-07
1.729212670000000326e-07
4.107696789999999919e-08
9.249882759999998141e-09
1.974234863000000297e-09
3.993273070000000859e-10
7.653738830000000920e-11
1.389895091999999813e-11
2.391157339999999678e-12
3.896797785000000232e-13
6.015083814999999701e-14
8.793727728999999514e-15
1.217500280000000110e-15
1.596240192999999956e-16
1.981672452600000326e-17
2.329404085099999946e-18
2.592467362699999602e-19
2.731593091399999610e-20
2.724781541199999868e-21
2.573019051799999616e-22
2.300031637000000165e-23
1.946205947499999780e-24
1.558812977700000125e-25
1.181780912599999677e-26
8.480191777100001015e-28
5.759572057500000354e-29
3.702363452600000377e-30
2.252496500329999545e-31
1.296995439059999646e-32
7.067941419599999948e-34
3.645192015050000193e-35
1.779159329029999578e-36
8.218071206509999569e-38
3.592362353780001515e-39
1.486071024710000237e-40
5.817596154849999970e-42
2.155200463010000178e-43
7.555600284809999184e-45
2.506579799729000680e-46
7.869029755520000117e-48
2.337681804320999811e-49
6.571601827080000998e-51
1.748134633494000723e-52
4.400401347821999781e-54
1.048147529878999956e-55
2.362448314797000309e-57
5.038564894125999383e-59
1.016848114132400066e-60
1.941810917245599748e-62
3.508786756730900093e-64
5.999356350101001393e-66
9.706135749055000874e-68
1.485871758646800346e-69
2.152321984999399869e-71
2.949998765320099530e-73
3.825808070221300025e-75
4.694735736380800102e-77
5.451067378951598164e-79
5.988743284375700309e-81
6.225429069776099982e-83
6.123242290315598392e-85
5.698650842278498308e-87
5.018086046626650334e-89
4.180984544712398949e-91
3.296046854615409491e-93
2.458546932015659786e-95
1.735146474306219824e-97
1.158673872548686791e-99
7.320743185894390556e-102
4.376390110696740135e-104
2.475385156991671767e-106
1.324751771585484943e-108
6.707945916583029557e-111
3.213713877894943951e-113
1.456749399793344948e-115
6.247777406216907546e-118
2.535275860746971891e-120
9.733791327787177510e-123
3.535883604778084880e-125
1.215260714828899597e-127
3.951823542982363830e-130
1.215849566650975380e-132
3.539298315914581162e-135
9.747810549970029635e-138
2.540089929561305144e-140
6.262439348693214372e-143
