# Gaussian folded, width=10 cm^-1
# [cm^-1] arbitrary
0.000      3.00000e+00
1.000      2.91796e+00
2.000      2.68508e+00
3.000      2.33749e+00
4.000      1.92514e+00
5.000      1.50000e+00
6.000      1.10570e+00
7.000      7.71085e-01
8.000      5.08727e-01
9.000      3.17529e-01
10.000      1.87500e-01
11.000      1.04746e-01
12.000      5.53594e-02
13.000      2.76810e-02
14.000      1.30984e-02
15.000      5.87669e-03
16.000      2.53534e-03
17.000      1.15688e-03
18.000      8.38526e-04
19.000      1.37308e-03
20.000      3.18799e-03
21.000      7.56743e-03
22.000      1.71986e-02
23.000      3.70759e-02
24.000      7.57196e-02
25.000      1.46481e-01
26.000      2.68421e-01
27.000      4.65931e-01
28.000      7.66141e-01
29.000      1.19341e+00
30.000      1.76105e+00
31.000      2.46187e+00
32.000      3.26047e+00
33.000      4.09094e+00
34.000      4.86294e+00
35.000      5.47665e+00
36.000      5.84352e+00
37.000      5.90720e+00
38.000      5.65767e+00
39.000      5.13386e+00
40.000      4.41368e+00
41.000      3.59509e+00
42.000      2.77447e+00
43.000      2.02881e+00
44.000      1.40618e+00
45.000      9.24986e-01
46.000      5.80325e-01
47.000      3.53733e-01
48.000      2.23058e-01
49.000      1.70325e-01
50.000      1.86703e-01
51.000      2.74555e-01
52.000      4.46735e-01
53.000      7.23140e-01
54.000      1.12446e+00
55.000      1.66348e+00
56.000      2.33539e+00
57.000      3.10952e+00
58.000      3.92613e+00
59.000      4.70078e+00
60.000      5.33722e+00
61.000      5.74662e+00
62.000      5.86773e+00
63.000      5.68196e+00
64.000      5.21810e+00
65.000      4.54512e+00
66.000      3.75574e+00
67.000      2.94620e+00
68.000      2.19870e+00
69.000      1.57105e+00
70.000      1.09514e+00
71.000      7.82501e-01
72.000      6.33541e-01
73.000      6.46265e-01
74.000      8.21267e-01
75.000      1.16124e+00
76.000      1.66517e+00
77.000      2.31914e+00
78.000      3.08743e+00
79.000      3.90802e+00
80.000      4.69598e+00
81.000      5.35626e+00
82.000      5.80355e+00
83.000      5.98425e+00
84.000      5.89357e+00
85.000      5.58198e+00
86.000      5.14824e+00
87.000      4.72065e+00
88.000      4.43162e+00
89.000      4.39217e+00
90.000      4.67260e+00
91.000      5.29320e+00
92.000      6.22602e+00
93.000      7.40578e+00
94.000      8.74601e+00
95.000      1.01553e+01
96.000      1.15493e+01
97.000      1.28556e+01
98.000      1.40130e+01
99.000      1.49672e+01
100.000      1.56678e+01
101.000      1.60693e+01
102.000      1.61365e+01
103.000      1.58526e+01
104.000      1.52264e+01
105.000      1.42956e+01
106.000      1.31259e+01
107.000      1.18057e+01
108.000      1.04361e+01
109.000      9.12029e+00
110.000      7.95057e+00
111.000      6.99843e+00
112.000      6.30784e+00
113.000      5.89486e+00
114.000      5.75364e+00
115.000      5.86721e+00
116.000      6.21925e+00
117.000      6.80247e+00
118.000      7.62027e+00
119.000      8.68084e+00
120.000      9.98590e+00
121.000      1.15184e+01
122.000      1.32340e+01
123.000      1.50595e+01
124.000      1.68995e+01
125.000      1.86482e+01
126.000      2.02039e+01
127.000      2.14805e+01
128.000      2.24146e+01
129.000      2.29664e+01
130.000      2.31171e+01
131.000      2.28651e+01
132.000      2.22242e+01
133.000      2.12249e+01
134.000      1.99188e+01
135.000      1.83817e+01
136.000      1.67138e+01
137.000      1.50330e+01
138.000      1.34619e+01
139.000      1.21103e+01
140.000      1.10594e+01
141.000      1.03492e+01
142.000      9.97525e+00
143.000      9.89376e+00
144.000      1.00336e+01
145.000      1.03116e+01
146.000      1.06476e+01
147.000      1.09750e+01
148.000      1.12457e+01
149.000      1.14303e+01
150.000      1.15134e+01
151.000      1.14892e+01
152.000      1.13574e+01
153.000      1.11209e+01
154.000      1.07857e+01
155.000      1.03619e+01
156.000      9.86426e+00
157.000      9.31193e+00
158.000      8.72690e+00
159.000      8.13092e+00
160.000      7.54185e+00
161.000      6.97039e+00
162.000      6.41829e+00
163.000      5.87891e+00
164.000      5.34039e+00
165.000      4.79048e+00
166.000      4.22176e+00
167.000      3.63565e+00
168.000      3.04358e+00
169.000      2.46517e+00
170.000      1.92392e+00
171.000      1.44184e+00
172.000      1.03477e+00
173.000      7.09848e-01
174.000      4.65373e-01
175.000      2.92909e-01
176.000      1.80525e-01
177.000      1.16153e-01
178.000      9.02748e-02
179.000      9.75235e-02
180.000      1.37178e-01
181.000      2.12707e-01
182.000      3.30603e-01
183.000      4.98783e-01
184.000      7.24863e-01
185.000      1.01459e+00
186.000      1.37065e+00
187.000      1.79195e+00
188.000      2.27314e+00
189.000      2.80430e+00
190.000      3.37065e+00
191.000      3.95265e+00
192.000      4.52689e+00
193.000      5.06849e+00
194.000      5.55471e+00
195.000      5.96936e+00
196.000      6.30640e+00
197.000      6.57155e+00
198.000      6.78092e+00
199.000      6.95696e+00
200.000      7.12316e+00
201.000      7.29933e+00
202.000      7.49906e+00
203.000      7.73000e+00
204.000      7.99623e+00
205.000      8.30090e+00
206.000      8.64751e+00
207.000      9.03852e+00
208.000      9.47183e+00
209.000      9.93634e+00
210.000      1.04092e+01
211.000      1.08560e+01
212.000      1.12356e+01
213.000      1.15070e+01
214.000      1.16390e+01
215.000      1.16166e+01
216.000      1.14451e+01
217.000      1.11495e+01
218.000      1.07692e+01
219.000      1.03507e+01
220.000      9.93965e+00
221.000      9.57335e+00
222.000      9.27617e+00
223.000      9.05709e+00
224.000      8.91039e+00
225.000      8.81897e+00
226.000      8.75972e+00
227.000      8.70985e+00
228.000      8.65236e+00
229.000      8.57914e+00
230.000      8.49091e+00
231.000      8.39443e+00
232.000      8.29828e+00
233.000      8.20926e+00
234.000      8.13033e+00
235.000      8.06050e+00
236.000      7.99570e+00
237.000      7.92960e+00
238.000      7.85382e+00
239.000      7.75784e+00
240.000      7.62952e+00
241.000      7.45695e+00
242.000      7.23180e+00
243.000      6.95323e+00
244.000      6.63072e+00
245.000      6.28437e+00
246.000      5.94187e+00
247.000      5.63274e+00
248.000      5.38119e+00
249.000      5.20013e+00
250.000      5.08778e+00
251.000      5.02811e+00
252.000      4.99473e+00
253.000      4.95692e+00
254.000      4.88615e+00
255.000      4.76156e+00
256.000      4.57352e+00
257.000      4.32472e+00
258.000      4.02917e+00
259.000      3.70930e+00
260.000      3.39155e+00
261.000      3.10110e+00
262.000      2.85661e+00
263.000      2.66604e+00
264.000      2.52481e+00
265.000      2.41704e+00
266.000      2.31964e+00
267.000      2.20844e+00
268.000      2.06438e+00
269.000      1.87808e+00
270.000      1.65162e+00
271.000      1.39703e+00
272.000      1.13252e+00
273.000      8.77649e-01
274.000      6.49006e-01
275.000      4.57433e-01
276.000      3.07254e-01
277.000      1.97221e-01
278.000      1.22522e-01
279.000      7.71350e-02
280.000      5.59204e-02
281.000      5.61716e-02
282.000      7.84892e-02
283.000      1.26965e-01
284.000      2.08633e-01
285.000      3.32152e-01
286.000      5.05761e-01
287.000      7.34844e-01
288.000      1.01972e+00
289.000      1.35446e+00
290.000      1.72755e+00
291.000      2.12431e+00
292.000      2.53079e+00
293.000      2.93737e+00
294.000      3.34093e+00
295.000      3.74437e+00
296.000      4.15381e+00
297.000      4.57468e+00
298.000      5.00842e+00
299.000      5.45122e+00
300.000      5.89491e+00
301.000      6.32934e+00
302.000      6.74480e+00
303.000      7.13341e+00
304.000      7.48947e+00
305.000      7.80925e+00
306.000      8.09127e+00
307.000      8.33743e+00
308.000      8.55452e+00
309.000      8.75532e+00
310.000      8.95803e+00
311.000      9.18383e+00
312.000      9.45292e+00
313.000      9.78016e+00
314.000      1.01717e+01
315.000      1.06236e+01
316.000      1.11227e+01
317.000      1.16506e+01
318.000      1.21884e+01
319.000      1.27235e+01
320.000      1.32562e+01
321.000      1.38048e+01
322.000      1.44080e+01
323.000      1.51239e+01
324.000      1.60232e+01
325.000      1.71779e+01
326.000      1.86455e+01
327.000      2.04514e+01
328.000      2.25747e+01
329.000      2.49389e+01
330.000      2.74147e+01
331.000      2.98340e+01
332.000      3.20142e+01
333.000      3.37894e+01
334.000      3.50401e+01
335.000      3.57151e+01
336.000      3.58406e+01
337.000      3.55148e+01
338.000      3.48877e+01
339.000      3.41324e+01
340.000      3.34133e+01
341.000      3.28571e+01
342.000      3.25337e+01
343.000      3.24494e+01
344.000      3.25512e+01
345.000      3.27425e+01
346.000      3.29034e+01
347.000      3.29128e+01
348.000      3.26666e+01
349.000      3.20916e+01
350.000      3.11520e+01
351.000      2.98501e+01
352.000      2.82217e+01
353.000      2.63288e+01
354.000      2.42507e+01
355.000      2.20757e+01
356.000      1.98942e+01
357.000      1.77933e+01
358.000      1.58516e+01
359.000      1.41345e+01
360.000      1.26890e+01
361.000      1.15395e+01
362.000      1.06862e+01
363.000      1.01055e+01
364.000      9.75400e+00
365.000      9.57430e+00
366.000      9.50091e+00
367.000      9.46574e+00
368.000      9.40261e+00
369.000      9.25177e+00
370.000      8.96537e+00
371.000      8.51415e+00
372.000      7.89401e+00
373.000      7.13039e+00
374.000      6.27811e+00
375.000      5.41566e+00
376.000      4.63478e+00
377.000      4.02775e+00
378.000      3.67525e+00
379.000      3.63699e+00
380.000      3.94622e+00
381.000      4.60759e+00
382.000      5.59779e+00
383.000      6.86800e+00
384.000      8.34797e+00
385.000      9.95165e+00
386.000      1.15840e+01
387.000      1.31482e+01
388.000      1.45524e+01
389.000      1.57152e+01
390.000      1.65689e+01
391.000      1.70620e+01
392.000      1.71618e+01
393.000      1.68560e+01
394.000      1.61558e+01
395.000      1.50966e+01
396.000      1.37377e+01
397.000      1.21585e+01
398.000      1.04523e+01
399.000      8.71752e+00
400.000      7.04814e+00
401.000      5.52500e+00
402.000      4.20868e+00
403.000      3.13535e+00
404.000      2.31592e+00
405.000      1.73805e+00
406.000      1.37053e+00
407.000      1.16916e+00
408.000      1.08325e+00
409.000      1.06226e+00
410.000      1.06179e+00
411.000      1.04833e+00
412.000      1.00199e+00
413.000      9.16777e-01
414.000      7.98280e-01
415.000      6.59556e-01
416.000      5.16309e-01
417.000      3.82656e-01
418.000      2.68403e-01
419.000      1.78142e-01
420.000      1.11868e-01
421.000      6.64635e-02
422.000      3.73585e-02
423.000      1.98664e-02
424.000      9.99467e-03
425.000      4.75705e-03
426.000      2.14203e-03
427.000      9.12494e-04
428.000      3.67750e-04
429.000      1.40215e-04
430.000      5.05769e-05
431.000      1.72595e-05
432.000      5.57214e-06
433.000      1.70190e-06
434.000      4.91770e-07
435.000      1.34434e-07
436.000      3.47675e-08
437.000      8.50657e-09
438.000      1.96904e-09
439.000      4.31192e-10
440.000      8.93316e-11
441.000      1.75088e-11
442.000      3.24659e-12
443.000      5.69527e-13
444.000      9.45190e-14
445.000      1.48403e-14
446.000      2.20436e-15
447.000      3.09770e-16
448.000      4.11827e-17
449.000      5.17974e-18
450.000      6.16337e-19
451.000      6.93819e-20
452.000      7.38911e-21
453.000      7.44484e-22
454.000      7.09637e-23
455.000      6.39933e-24
456.000      5.45947e-25
457.000      4.40641e-26
458.000      3.36462e-27
459.000      2.43055e-28
460.000      1.66108e-29
461.000      1.07398e-30
462.000      6.56927e-32
463.000      3.80151e-33
464.000      2.08120e-34
465.000      1.07792e-35
466.000      5.28177e-37
467.000      2.44844e-38
468.000      1.07378e-39
469.000      4.45514e-41
470.000      1.74874e-42
471.000      6.49388e-44
472.000      2.28140e-45
473.000      7.58259e-47
474.000      2.38424e-48
475.000      7.09252e-50
476.000      1.99604e-51
477.000      5.31441e-53
478.000      1.33862e-54
479.000      3.18991e-56
480.000      7.19147e-58
481.000      1.53382e-59
482.000      3.09490e-61
483.000      5.90797e-63
484.000      1.06696e-64
485.000      1.82295e-66
486.000      2.94658e-68
487.000      4.50588e-70
488.000      6.51867e-72
489.000      8.92187e-74
490.000      1.15524e-75
491.000      1.41515e-77
492.000      1.64003e-79
493.000      1.79812e-81
494.000      1.86511e-83
495.000      1.83024e-85
496.000      1.69913e-87
497.000      1.49233e-89
498.000      1.24000e-91
499.000      9.74750e-94
500.000      7.24909e-96
