3.000000000000000000e+00
2.917959999999999887e+00
2.685080000000000133e+00
2.337489999999999846e+00
1.925140000000000073e+00
1.500000000000000000e+00
1.105699999999999905e+00
7.710850000000000204e-01
5.087270000000000403e-01
3.175290000000000057e-01
1.875000000000000000e-01
1.047460000000000058e-01
5.535899999999999849e-02
2.767959999999999865e-02
1.309349999999999924e-02
5.860330000000000400e-03
2.484160000000000014e-03
1.005489999999999943e-03
4.151399999999999860e-04
2.538120000000000155e-04
3.916090000000000109e-04
9.668100000000000218e-04
2.484370000000000068e-03
6.112089999999999711e-03
1.424579999999999944e-02
3.141780000000000267e-02
6.555239999999999678e-02
1.293960000000000110e-01
2.416409999999999947e-01
4.269109999999999849e-01
7.135460000000000136e-01
1.128300000000000081e+00
1.687889999999999890e+00
2.388809999999999878e+00
3.198430000000000106e+00
4.051449999999999996e+00
4.855129999999999946e+00
5.504380000000000273e+00
5.903830000000000133e+00
5.990689999999999849e+00
5.750930000000000319e+00
5.222959999999999603e+00
4.487580000000000346e+00
3.647759999999999891e+00
2.805159999999999876e+00
2.040840000000000209e+00
1.404700000000000060e+00
9.147640000000000216e-01
5.637790000000000301e-01
3.292800000000000171e-01
1.834069999999999867e-01
1.002519999999999939e-01
6.019290000000000057e-02
5.182019999999999682e-02
7.253429999999999600e-02
1.286210000000000131e-01
2.350279999999999869e-01
4.143390000000000128e-01
6.939659999999999718e-01
1.100589999999999957e+00
1.651629999999999932e+00
2.344959999999999933e+00
3.149770000000000181e+00
4.002589999999999648e+00
4.811950000000000394e+00
5.472909999999999719e+00
5.888889999999999958e+00
5.994690000000000296e+00
5.773240000000000371e+00
5.260119999999999685e+00
4.534290000000000376e+00
3.698339999999999961e+00
2.855239999999999778e+00
2.088960000000000150e+00
1.454039999999999999e+00
9.752480000000000038e-01
6.551649999999999974e-01
4.855229999999999824e-01
4.579170000000000185e-01
5.706809999999999938e-01
8.300849999999999618e-01
1.245579999999999909e+00
1.820300000000000029e+00
2.539470000000000116e+00
3.360879999999999868e+00
4.211710000000000065e+00
4.995009999999999728e+00
5.606270000000000309e+00
5.956430000000000113e+00
5.994790000000000063e+00
5.724350000000000271e+00
5.204489999999999839e+00
4.540280000000000094e+00
3.862330000000000041e+00
3.303319999999999812e+00
2.977460000000000218e+00
2.965980000000000061e+00
3.309439999999999937e+00
4.005519999999999747e+00
5.011420000000000208e+00
6.250350000000000072e+00
7.622889999999999944e+00
9.022510000000000474e+00
1.035330000000000084e+01
1.154570000000000007e+01
1.256550000000000011e+01
1.341200000000000081e+01
1.410599999999999987e+01
1.466910000000000025e+01
1.510350000000000037e+01
1.537770000000000081e+01
1.542839999999999989e+01
1.517629999999999946e+01
1.455550000000000033e+01
1.354260000000000019e+01
1.217719999999999914e+01
1.056390000000000029e+01
8.854749999999999233e+00
7.217959999999999710e+00
5.803279999999999994e+00
4.714470000000000383e+00
3.996509999999999785e+00
3.639460000000000139e+00
3.596530000000000005e+00
3.810179999999999900e+00
4.238699999999999690e+00
4.875510000000000232e+00
5.755069999999999908e+00
6.942370000000000374e+00
8.508139999999999148e+00
1.049629999999999974e+01
1.289400000000000013e+01
1.561350000000000016e+01
1.849299999999999855e+01
2.131579999999999941e+01
2.384299999999999997e+01
2.585140000000000171e+01
2.716679999999999851e+01
2.768769999999999953e+01
2.739519999999999911e+01
2.634789999999999921e+01
2.466469999999999985e+01
2.250120000000000076e+01
2.002439999999999998e+01
1.739280000000000115e+01
1.474579999999999913e+01
1.220170000000000066e+01
9.860789999999999722e+00
7.809499999999999886e+00
6.121959999999999624e+00
4.857750000000000234e+00
4.057220000000000049e+00
3.736689999999999845e+00
3.885209999999999830e+00
4.464439999999999742e+00
5.411990000000000300e+00
6.647829999999999906e+00
8.081839999999999691e+00
9.620240000000000791e+00
1.116840000000000011e+01
1.262969999999999970e+01
1.390370000000000061e+01
1.488700000000000045e+01
1.548339999999999961e+01
1.562020000000000053e+01
1.526800000000000068e+01
1.445390000000000086e+01
1.326179999999999914e+01
1.181739999999999924e+01
1.026360000000000028e+01
8.733589999999999520e+00
7.331649999999999778e+00
6.123739999999999739e+00
5.137789999999999857e+00
4.369650000000000034e+00
3.791180000000000216e+00
3.358620000000000161e+00
3.021150000000000002e+00
2.729719999999999924e+00
2.445349999999999913e+00
2.145039999999999836e+00
1.823620000000000019e+00
1.491000000000000103e+00
1.165960000000000107e+00
8.688219999999999832e-01
6.153640000000000221e-01
4.135949999999999904e-01
2.635089999999999932e-01
1.590340000000000087e-01
9.087889999999999857e-02
4.915710000000000218e-02
2.516389999999999946e-02
1.218950000000000068e-02
5.586930000000000368e-03
2.422810000000000068e-03
9.940560000000001062e-04
3.858660000000000085e-04
1.417070000000000037e-04
4.923449999999999761e-05
1.618349999999999845e-05
5.032609999999999746e-06
1.480589999999999999e-06
4.120930000000000095e-07
1.085109999999999980e-07
2.703159999999999835e-08
6.370690000000000052e-09
1.420430000000000026e-09
2.996189999999999866e-10
5.979129999999999545e-11
1.128820000000000031e-11
2.016169999999999880e-12
3.406820000000000119e-13
5.446120000000000073e-14
8.236519999999999976e-15
1.178469999999999998e-15
1.595179999999999920e-16
2.042770000000000109e-17
2.474830000000000104e-18
2.836549999999999940e-19
3.075759999999999966e-20
3.155229999999999917e-21
3.062169999999999839e-22
2.811540000000000213e-23
2.442169999999999890e-24
2.006900000000000012e-25
1.560250000000000002e-26
1.147570000000000036e-27
7.985129999999999562e-29
5.256570000000000328e-30
3.273710000000000142e-31
1.929409999999999864e-32
1.187509999999999983e-33
2.160230000000000061e-33
3.726079999999999764e-32
6.243180000000000273e-31
9.897149999999999414e-30
1.484339999999999993e-28
2.106070000000000113e-27
2.827019999999999972e-26
3.590080000000000157e-25
4.313170000000000287e-24
4.902380000000000281e-23
5.271509999999999531e-22
5.362660000000000034e-21
5.161110000000000029e-20
4.699199999999999616e-19
4.047819999999999620e-18
3.298660000000000288e-17
2.543140000000000043e-16
1.854910000000000001e-15
1.279940000000000047e-14
8.355579999999999824e-14
5.160360000000000036e-13
3.015099999999999946e-12
1.666639999999999854e-11
8.715600000000000385e-11
4.311930000000000122e-10
2.018199999999999917e-09
8.936630000000000396e-09
3.743709999999999845e-08
1.483709999999999989e-07
5.563039999999999765e-07
1.973310000000000085e-06
6.622139999999999925e-06
2.102430000000000130e-05
6.314929999999999524e-05
1.794490000000000093e-04
4.824380000000000183e-04
1.227100000000000066e-03
2.953009999999999836e-03
6.723790000000000322e-03
1.448619999999999942e-02
2.953400000000000122e-02
5.698840000000000156e-02
1.040979999999999961e-01
1.800710000000000088e-01
2.951409999999999867e-01
4.587359999999999771e-01
6.770230000000000414e-01
9.505879999999999885e-01
1.273430000000000062e+00
1.634319999999999995e+00
2.020789999999999864e+00
2.424669999999999881e+00
2.846530000000000005e+00
3.296149999999999913e+00
3.786919999999999842e+00
4.325059999999999683e+00
4.897319999999999673e+00
5.463400000000000034e+00
5.958210000000000228e+00
6.306280000000000108e+00
6.445280000000000342e+00
6.351440000000000197e+00
6.058370000000000033e+00
5.662359999999999616e+00
5.311890000000000001e+00
5.183320000000000149e+00
5.447530000000000427e+00
6.233679999999999666e+00
7.595950000000000202e+00
9.489679999999999893e+00
1.176329999999999920e+01
1.417130000000000045e+01
1.641079999999999828e+01
1.817599999999999838e+01
1.921979999999999933e+01
1.940660000000000096e+01
1.874050000000000082e+01
1.736400000000000077e+01
1.552720000000000056e+01
1.353819999999999979e+01
1.170819999999999972e+01
1.030250000000000021e+01
9.501789999999999736e+00
9.378729999999999123e+00
9.889120000000000132e+00
1.088109999999999999e+01
1.212449999999999939e+01
1.335909999999999975e+01
1.435640000000000072e+01
1.498119999999999941e+01
1.523579999999999934e+01
1.527299999999999969e+01
1.537129999999999974e+01
1.587650000000000006e+01
1.712440000000000140e+01
1.936199999999999832e+01
2.268700000000000117e+01
2.701569999999999894e+01
3.208749999999999858e+01
3.750240000000000151e+01
4.278379999999999939e+01
4.745609999999999928e+01
5.111869999999999692e+01
5.350300000000000011e+01
5.450000000000000000e+01
5.415460000000000207e+01
5.263210000000000122e+01
5.017099999999999937e+01
4.703739999999999810e+01
4.349439999999999884e+01
3.979180000000000206e+01
3.617009999999999792e+01
3.286730000000000018e+01
3.011690000000000111e+01
2.812940000000000040e+01
2.705679999999999907e+01
2.695080000000000098e+01
2.772879999999999967e+01
2.916489999999999938e+01
3.091519999999999868e+01
3.257750000000000057e+01
3.377210000000000178e+01
3.422030000000000172e+01
3.379509999999999792e+01
3.252850000000000108e+01
3.057529999999999859e+01
2.815030000000000143e+01
2.546490000000000009e+01
2.268759999999999977e+01
1.993619999999999948e+01
1.729530000000000101e+01
1.484169999999999945e+01
1.265799999999999947e+01
1.082649999999999935e+01
9.406919999999999504e+00
8.410800000000000054e+00
7.788009999999999877e+00
7.433130000000000237e+00
7.211490000000000400e+00
6.994979999999999976e+00
6.694700000000000095e+00
6.279410000000000380e+00
5.775190000000000268e+00
5.249690000000000190e+00
4.789480000000000182e+00
4.479750000000000121e+00
4.392540000000000333e+00
4.583409999999999762e+00
5.091759999999999842e+00
5.939009999999999678e+00
7.121319999999999872e+00
8.599439999999999529e+00
1.029260000000000019e+01
1.208380000000000010e+01
1.384019999999999939e+01
1.544239999999999924e+01
1.681299999999999883e+01
1.793080000000000140e+01
1.882460000000000022e+01
1.954840000000000089e+01
2.015180000000000149e+01
2.065719999999999956e+01
2.105389999999999873e+01
2.130760000000000076e+01
2.137659999999999982e+01
2.122429999999999950e+01
2.082219999999999871e+01
2.014580000000000126e+01
1.917220000000000013e+01
1.788429999999999964e+01
1.628359999999999985e+01
1.440520000000000067e+01
1.232620000000000005e+01
1.016019999999999968e+01
8.039780000000000371e+00
6.090309999999999668e+00
4.407499999999999751e+00
3.043470000000000120e+00
2.005660000000000220e+00
1.266059999999999963e+00
7.759129999999999638e-01
4.802879999999999927e-01
3.289610000000000034e-01
2.818379999999999774e-01
3.094990000000000241e-01
3.904480000000000173e-01
5.070850000000000080e-01
6.421970000000000178e-01
7.772270000000000012e-01
8.928260000000000085e-01
9.713209999999999900e-01
1.000059999999999949e+00
9.742070000000000451e-01
8.978660000000000529e-01
7.828789999999999916e-01
6.457979999999999832e-01
5.039850000000000163e-01
3.720959999999999823e-01
2.599029999999999951e-01
1.717450000000000088e-01
1.073680000000000051e-01
6.350150000000000239e-02
3.553130000000000177e-02
1.880849999999999883e-02
9.419240000000000598e-03
4.462670000000000178e-03
2.000280000000000113e-03
8.482140000000000209e-04
3.402810000000000036e-04
1.291479999999999907e-04
4.637180000000000213e-05
1.575210000000000119e-05
5.062220000000000128e-06
1.539080000000000094e-06
4.426879999999999999e-07
1.204630000000000114e-07
3.101169999999999704e-08
7.552940000000000597e-09
1.740300000000000080e-09
3.793580000000000046e-10
7.823339999999999580e-11
1.526349999999999853e-11
2.817290000000000004e-12
4.919570000000000413e-13
8.127190000000000229e-14
1.270200000000000011e-14
1.878110000000000062e-15
2.627159999999999878e-16
3.476720000000000094e-17
4.352829999999999664e-18
5.155729999999999644e-19
5.777330000000000587e-20
6.124649999999999999e-21
6.142610000000000308e-22
5.828309999999999835e-23
5.231780000000000193e-24
4.442980000000000222e-25
3.569580000000000101e-26
2.713169999999999875e-27
1.950979999999999994e-28
1.327239999999999865e-29
8.542039999999999970e-31
5.201059999999999773e-32
2.995979999999999983e-33
1.632689999999999993e-34
8.417589999999999507e-36
4.105710000000000271e-37
1.894549999999999911e-38
8.270709999999999583e-40
3.415829999999999848e-41
1.334649999999999923e-42
4.933510000000000053e-44
1.725290000000000104e-45
5.708029999999999681e-47
1.786599999999999869e-48
5.290370000000000154e-50
1.482050000000000085e-51
3.927870000000000147e-53
9.848479999999999761e-55
2.336139999999999792e-56
5.242590000000000055e-58
1.113039999999999954e-59
2.235590000000000058e-61
4.248080000000000035e-63
7.636769999999999810e-65
1.298809999999999881e-66
2.089769999999999876e-68
3.181030000000000156e-70
4.580949999999999762e-72
