# Gaussian folded, width=10 cm^-1
# [cm^-1] arbitrary
0.000      3.00000e+00
1.000      2.91796e+00
2.000      2.68508e+00
3.000      2.33749e+00
4.000      1.92514e+00
5.000      1.50000e+00
6.000      1.10570e+00
7.000      7.71085e-01
8.000      5.08727e-01
9.000      3.17529e-01
10.000      1.87500e-01
11.000      1.04746e-01
12.000      5.53594e-02
13.000      2.76808e-02
14.000      1.30976e-02
15.000      5.87437e-03
16.000      2.52862e-03
17.000      1.13858e-03
18.000      7.91661e-04
19.000      1.26033e-03
20.000      2.93337e-03
21.000      7.02845e-03
22.000      1.61309e-02
23.000      3.51008e-02
24.000      7.23179e-02
25.000      1.41049e-01
26.000      2.60427e-01
27.000      4.55187e-01
28.000      7.53163e-01
29.000      1.17973e+00
30.000      1.74936e+00
31.000      2.45571e+00
32.000      3.26347e+00
33.000      4.10572e+00
34.000      4.88999e+00
35.000      5.51363e+00
36.000      5.88545e+00
37.000      5.94751e+00
38.000      5.68992e+00
39.000      5.15339e+00
40.000      4.41872e+00
41.000      3.58691e+00
42.000      2.75661e+00
43.000      2.00585e+00
44.000      1.38243e+00
45.000      9.03642e-01
46.000      5.63137e-01
47.000      3.41160e-01
48.000      2.14691e-01
49.000      1.65347e-01
50.000      1.84247e-01
51.000      2.73902e-01
52.000      4.47376e-01
53.000      7.24745e-01
54.000      1.12681e+00
55.000      1.66642e+00
56.000      2.33877e+00
57.000      3.11320e+00
58.000      3.92996e+00
59.000      4.70456e+00
60.000      5.34073e+00
61.000      5.74955e+00
62.000      5.86974e+00
63.000      5.68274e+00
64.000      5.21744e+00
65.000      4.54304e+00
66.000      3.75256e+00
67.000      2.94256e+00
68.000      2.19550e+00
69.000      1.56940e+00
70.000      1.09623e+00
71.000      7.87453e-01
72.000      6.43114e-01
73.000      6.60429e-01
74.000      8.38655e-01
75.000      1.17865e+00
76.000      1.67738e+00
77.000      2.31945e+00
78.000      3.06897e+00
79.000      3.86577e+00
80.000      4.62891e+00
81.000      5.26869e+00
82.000      5.70509e+00
83.000      5.88787e+00
84.000      5.81241e+00
85.000      5.52591e+00
86.000      5.12142e+00
87.000      4.72105e+00
88.000      4.45239e+00
89.000      4.42425e+00
90.000      4.70737e+00
91.000      5.32417e+00
92.000      6.24920e+00
93.000      7.41909e+00
94.000      8.74851e+00
95.000      1.01470e+01
96.000      1.15319e+01
97.000      1.28342e+01
98.000      1.39975e+01
99.000      1.49727e+01
100.000      1.57133e+01
101.000      1.61736e+01
102.000      1.63127e+01
103.000      1.61018e+01
104.000      1.55336e+01
105.000      1.46292e+01
106.000      1.34427e+01
107.000      1.20585e+01
108.000      1.05842e+01
109.000      9.13701e+00
110.000      7.82828e+00
111.000      6.74806e+00
112.000      5.95521e+00
113.000      5.47511e+00
114.000      5.30557e+00
115.000      5.42856e+00
116.000      5.82357e+00
117.000      6.47793e+00
118.000      7.39067e+00
119.000      8.56880e+00
120.000      1.00169e+01
121.000      1.17232e+01
122.000      1.36468e+01
123.000      1.57101e+01
124.000      1.77998e+01
125.000      1.97775e+01
126.000      2.14987e+01
127.000      2.28344e+01
128.000      2.36905e+01
129.000      2.40199e+01
130.000      2.38243e+01
131.000      2.31470e+01
132.000      2.20603e+01
133.000      2.06521e+01
134.000      1.90155e+01
135.000      1.72445e+01
136.000      1.54328e+01
137.000      1.36750e+01
138.000      1.20656e+01
139.000      1.06952e+01
140.000      9.64165e+00
141.000      8.95992e+00
142.000      8.67241e+00
143.000      8.76339e+00
144.000      9.17957e+00
145.000      9.83718e+00
146.000      1.06338e+01
147.000      1.14619e+01
148.000      1.22223e+01
149.000      1.28330e+01
150.000      1.32347e+01
151.000      1.33931e+01
152.000      1.32969e+01
153.000      1.29563e+01
154.000      1.23989e+01
155.000      1.16668e+01
156.000      1.08116e+01
157.000      9.88962e+00
158.000      8.95568e+00
159.000      8.05636e+00
160.000      7.22440e+00
161.000      6.47502e+00
162.000      5.80566e+00
163.000      5.19961e+00
164.000      4.63274e+00
165.000      4.08185e+00
166.000      3.53199e+00
167.000      2.98073e+00
168.000      2.43811e+00
169.000      1.92277e+00
170.000      1.45583e+00
171.000      1.05481e+00
172.000      7.29589e-01
173.000      4.81062e-01
174.000      3.02525e-01
175.000      1.82610e-01
176.000      1.08622e-01
177.000      6.93568e-02
178.000      5.68959e-02
179.000      6.73688e-02
180.000      1.00821e-01
181.000      1.60406e-01
182.000      2.51087e-01
183.000      3.78048e-01
184.000      5.45131e-01
185.000      7.53740e-01
186.000      1.00264e+00
187.000      1.28889e+00
188.000      1.60971e+00
189.000      1.96454e+00
190.000      2.35634e+00
191.000      2.79111e+00
192.000      3.27537e+00
193.000      3.81197e+00
194.000      4.39567e+00
195.000      5.01013e+00
196.000      5.62799e+00
197.000      6.21458e+00
198.000      6.73486e+00
199.000      7.16175e+00
200.000      7.48338e+00
201.000      7.70687e+00
202.000      7.85726e+00
203.000      7.97184e+00
204.000      8.09127e+00
205.000      8.25018e+00
206.000      8.46960e+00
207.000      8.75308e+00
208.000      9.08703e+00
209.000      9.44475e+00
210.000      9.79290e+00
211.000      1.00987e+01
212.000      1.03361e+01
213.000      1.04901e+01
214.000      1.05580e+01
215.000      1.05477e+01
216.000      1.04749e+01
217.000      1.03576e+01
218.000      1.02133e+01
219.000      1.00557e+01
220.000      9.89423e+00
221.000      9.73554e+00
222.000      9.58507e+00
223.000      9.44929e+00
224.000      9.33684e+00
225.000      9.25825e+00
226.000      9.22429e+00
227.000      9.24332e+00
228.000      9.31844e+00
229.000      9.44528e+00
230.000      9.61099e+00
231.000      9.79445e+00
232.000      9.96766e+00
233.000      1.00980e+01
234.000      1.01517e+01
235.000      1.00975e+01
236.000      9.91288e+00
237.000      9.58863e+00
238.000      9.13386e+00
239.000      8.57717e+00
240.000      7.96400e+00
241.000      7.34971e+00
242.000      6.79017e+00
243.000      6.33229e+00
244.000      6.00717e+00
245.000      5.82706e+00
246.000      5.78617e+00
247.000      5.86390e+00
248.000      6.02900e+00
249.000      6.24367e+00
250.000      6.46725e+00
251.000      6.65970e+00
252.000      6.78512e+00
253.000      6.81472e+00
254.000      6.72904e+00
255.000      6.51875e+00
256.000      6.18430e+00
257.000      5.73503e+00
258.000      5.18811e+00
259.000      4.56764e+00
260.000      3.90347e+00
261.000      3.22910e+00
262.000      2.57852e+00
263.000      1.98220e+00
264.000      1.46330e+00
265.000      1.03505e+00
266.000      7.00150e-01
267.000      4.52164e-01
268.000      2.78399e-01
269.000      1.63229e-01
270.000      9.10447e-02
271.000      4.82717e-02
272.000      2.43127e-02
273.000      1.16291e-02
274.000      5.28986e-03
275.000      2.31740e-03
276.000      1.06254e-03
277.000      7.28221e-04
278.000      1.08276e-03
279.000      2.36376e-03
280.000      5.36594e-03
281.000      1.17076e-02
282.000      2.42577e-02
283.000      4.76573e-02
284.000      8.87836e-02
285.000      1.56897e-01
286.000      2.63141e-01
287.000      4.19118e-01
288.000      6.34494e-01
289.000      9.14020e-01
290.000      1.25483e+00
291.000      1.64522e+00
292.000      2.06589e+00
293.000      2.49406e+00
294.000      2.90960e+00
295.000      3.30139e+00
296.000      3.67153e+00
297.000      4.03542e+00
298.000      4.41727e+00
299.000      4.84225e+00
300.000      5.32769e+00
301.000      5.87669e+00
302.000      6.47613e+00
303.000      7.09998e+00
304.000      7.71670e+00
305.000      8.29815e+00
306.000      8.82730e+00
307.000      9.30207e+00
308.000      9.73430e+00
309.000      1.01442e+01
310.000      1.05521e+01
311.000      1.09702e+01
312.000      1.13974e+01
313.000      1.18184e+01
314.000      1.22082e+01
315.000      1.25400e+01
316.000      1.27957e+01
317.000      1.29739e+01
318.000      1.30953e+01
319.000      1.32035e+01
320.000      1.33608e+01
321.000      1.36397e+01
322.000      1.41128e+01
323.000      1.48413e+01
324.000      1.58660e+01
325.000      1.72011e+01
326.000      1.88320e+01
327.000      2.07169e+01
328.000      2.27910e+01
329.000      2.49711e+01
330.000      2.71609e+01
331.000      2.92571e+01
332.000      3.11557e+01
333.000      3.27618e+01
334.000      3.40018e+01
335.000      3.48354e+01
336.000      3.52645e+01
337.000      3.53361e+01
338.000      3.51342e+01
339.000      3.47651e+01
340.000      3.43360e+01
341.000      3.39350e+01
342.000      3.36155e+01
343.000      3.33897e+01
344.000      3.32305e+01
345.000      3.30813e+01
346.000      3.28695e+01
347.000      3.25218e+01
348.000      3.19763e+01
349.000      3.11905e+01
350.000      3.01449e+01
351.000      2.88408e+01
352.000      2.72972e+01
353.000      2.55458e+01
354.000      2.36289e+01
355.000      2.15983e+01
356.000      1.95153e+01
357.000      1.74507e+01
358.000      1.54811e+01
359.000      1.36826e+01
360.000      1.21224e+01
361.000      1.08487e+01
362.000      9.88365e+00
363.000      9.21924e+00
364.000      8.81833e+00
365.000      8.62008e+00
366.000      8.54861e+00
367.000      8.52304e+00
368.000      8.46732e+00
369.000      8.31867e+00
370.000      8.03398e+00
371.000      7.59416e+00
372.000      7.00637e+00
373.000      6.30395e+00
374.000      5.54378e+00
375.000      4.80084e+00
376.000      4.16037e+00
377.000      3.70817e+00
378.000      3.52055e+00
379.000      3.65525e+00
380.000      4.14447e+00
381.000      4.99079e+00
382.000      6.16629e+00
383.000      7.61477e+00
384.000      9.25663e+00
385.000      1.09959e+01
386.000      1.27286e+01
387.000      1.43506e+01
388.000      1.57658e+01
389.000      1.68911e+01
390.000      1.76608e+01
391.000      1.80290e+01
392.000      1.79709e+01
393.000      1.74844e+01
394.000      1.65916e+01
395.000      1.53394e+01
396.000      1.37987e+01
397.000      1.20602e+01
398.000      1.02276e+01
399.000      8.40751e+00
400.000      6.69839e+00
401.000      5.18039e+00
402.000      3.90790e+00
403.000      2.90610e+00
404.000      2.17177e+00
405.000      1.67750e+00
406.000      1.37844e+00
407.000      1.22032e+00
408.000      1.14761e+00
409.000      1.11082e+00
410.000      1.07220e+00
411.000      1.00872e+00
412.000      9.12313e-01
413.000      7.87179e-01
414.000      6.45369e-01
415.000      5.01691e-01
416.000      3.69392e-01
417.000      2.57466e-01
418.000      1.69828e-01
419.000      1.05995e-01
420.000      6.25920e-02
421.000      3.49695e-02
422.000      1.84837e-02
423.000      9.24297e-03
424.000      4.37275e-03
425.000      1.95712e-03
426.000      8.28700e-04
427.000      3.31968e-04
428.000      1.25809e-04
429.000      4.51073e-05
430.000      1.53003e-05
431.000      4.90986e-06
432.000      1.49058e-06
433.000      4.28116e-07
434.000      1.16328e-07
435.000      2.99036e-08
436.000      7.27247e-09
437.000      1.67324e-09
438.000      3.64209e-10
439.000      7.49999e-11
440.000      1.46113e-11
441.000      2.69299e-12
442.000      4.69568e-13
443.000      7.74603e-14
444.000      1.20886e-14
445.000      1.78482e-15
446.000      2.49303e-16
447.000      3.29442e-17
448.000      4.11858e-18
449.000      4.87118e-19
450.000      5.45053e-20
451.000      5.76980e-21
452.000      5.77830e-22
453.000      5.47466e-23
454.000      4.90717e-24
455.000      4.16125e-25
456.000      3.33836e-26
457.000      2.53373e-27
458.000      1.81931e-28
459.000      1.23586e-29
460.000      7.94234e-31
461.000      4.82888e-32
462.000      2.77755e-33
463.000      1.51145e-34
464.000      7.78118e-36
465.000      3.78977e-37
466.000      1.74622e-38
467.000      7.61207e-40
468.000      3.13923e-41
469.000      1.22479e-42
470.000      4.52083e-44
471.000      1.57867e-45
472.000      5.21535e-47
473.000      1.63002e-48
474.000      4.81969e-50
475.000      1.34823e-51
476.000      3.56800e-53
477.000      8.93315e-55
478.000      2.11593e-56
479.000      4.74150e-58
480.000      1.00519e-59
481.000      2.01603e-61
482.000      3.82530e-63
483.000      6.86674e-65
484.000      1.16615e-66
485.000      1.87358e-68
486.000      2.84781e-70
487.000      4.09512e-72
488.000      5.57108e-74
489.000      7.17018e-76
490.000      8.73048e-78
491.000      1.00569e-79
492.000      1.09599e-81
493.000      1.12997e-83
494.000      1.10217e-85
495.000      1.01705e-87
496.000      8.87885e-90
497.000      7.33311e-92
498.000      5.72977e-94
499.000      4.23549e-96
500.000      2.96202e-98
