# Gaussian folded, width=10 cm^-1
# [cm^-1] arbitrary
0.000      3.00000e+00
1.000      2.91796e+00
2.000      2.68508e+00
3.000      2.33749e+00
4.000      1.92514e+00
5.000      1.50000e+00
6.000      1.10570e+00
7.000      7.71085e-01
8.000      5.08727e-01
9.000      3.17530e-01
10.000      1.87500e-01
11.000      1.04747e-01
12.000      5.53631e-02
13.000      2.76931e-02
14.000      1.31366e-02
15.000      5.99038e-03
16.000      2.85538e-03
17.000      2.00840e-03
18.000      2.97935e-03
19.000      6.45744e-03
20.000      1.45909e-02
21.000      3.17075e-02
22.000      6.54131e-02
23.000      1.27870e-01
24.000      2.36791e-01
25.000      4.15396e-01
26.000      6.90360e-01
27.000      1.08699e+00
28.000      1.62156e+00
29.000      2.29203e+00
30.000      3.06975e+00
31.000      3.89585e+00
32.000      4.68527e+00
33.000      5.33970e+00
34.000      5.76719e+00
35.000      5.90325e+00
36.000      5.72677e+00
37.000      5.26542e+00
38.000      4.58856e+00
39.000      3.79026e+00
40.000      2.96819e+00
41.000      2.20495e+00
42.000      1.55677e+00
43.000      1.05125e+00
44.000      6.92702e-01
45.000      4.71814e-01
46.000      3.75880e-01
47.000      3.96730e-01
48.000      5.34615e-01
49.000      7.97413e-01
50.000      1.19547e+00
51.000      1.73320e+00
52.000      2.39953e+00
53.000      3.16009e+00
54.000      3.95434e+00
55.000      4.70007e+00
56.000      5.30575e+00
57.000      5.68832e+00
58.000      5.79163e+00
59.000      5.59997e+00
60.000      5.14201e+00
61.000      4.48402e+00
62.000      3.71462e+00
63.000      2.92618e+00
64.000      2.19855e+00
65.000      1.58938e+00
66.000      1.13249e+00
67.000      8.42640e-01
68.000      7.23506e-01
69.000      7.74955e-01
70.000      9.96639e-01
71.000      1.38658e+00
72.000      1.93539e+00
73.000      2.61864e+00
74.000      3.39095e+00
75.000      4.18559e+00
76.000      4.92189e+00
77.000      5.52028e+00
78.000      5.92161e+00
79.000      6.10514e+00
80.000      6.09894e+00
81.000      5.97823e+00
82.000      5.85099e+00
83.000      5.83434e+00
84.000      6.02833e+00
85.000      6.49516e+00
86.000      7.24923e+00
87.000      8.26021e+00
88.000      9.46595e+00
89.000      1.07893e+01
90.000      1.21517e+01
91.000      1.34793e+01
92.000      1.47018e+01
93.000      1.57474e+01
94.000      1.65400e+01
95.000      1.70042e+01
96.000      1.70776e+01
97.000      1.67275e+01
98.000      1.59660e+01
99.000      1.48569e+01
100.000      1.35111e+01
101.000      1.20697e+01
102.000      1.06800e+01
103.000      9.47019e+00
104.000      8.52973e+00
105.000      7.90062e+00
106.000      7.58143e+00
107.000      7.54184e+00
108.000      7.74198e+00
109.000      8.14990e+00
110.000      8.75146e+00
111.000      9.54988e+00
112.000      1.05564e+01
113.000      1.17759e+01
114.000      1.31930e+01
115.000      1.47631e+01
116.000      1.64105e+01
117.000      1.80347e+01
118.000      1.95225e+01
119.000      2.07634e+01
120.000      2.16651e+01
121.000      2.21669e+01
122.000      2.22468e+01
123.000      2.19231e+01
124.000      2.12507e+01
125.000      2.03114e+01
126.000      1.92037e+01
127.000      1.80306e+01
128.000      1.68894e+01
129.000      1.58611e+01
130.000      1.50030e+01
131.000      1.43423e+01
132.000      1.38745e+01
133.000      1.35675e+01
134.000      1.33698e+01
135.000      1.32239e+01
136.000      1.30787e+01
137.000      1.28985e+01
138.000      1.26666e+01
139.000      1.23819e+01
140.000      1.20523e+01
141.000      1.16855e+01
142.000      1.12840e+01
143.000      1.08435e+01
144.000      1.03563e+01
145.000      9.81743e+00
146.000      9.23059e+00
147.000      8.61091e+00
148.000      7.98347e+00
149.000      7.37749e+00
150.000      6.81838e+00
151.000      6.32030e+00
152.000      5.88190e+00
153.000      5.48655e+00
154.000      5.10726e+00
155.000      4.71453e+00
156.000      4.28493e+00
157.000      3.80776e+00
158.000      3.28790e+00
159.000      2.74433e+00
160.000      2.20501e+00
161.000      1.69984e+00
162.000      1.25410e+00
163.000      8.83901e-01
164.000      5.94752e-01
165.000      3.82920e-01
166.000      2.38677e-01
167.000      1.50216e-01
168.000      1.07222e-01
169.000      1.03479e-01
170.000      1.38306e-01
171.000      2.16844e-01
172.000      3.49271e-01
173.000      5.49034e-01
174.000      8.30245e-01
175.000      1.20457e+00
176.000      1.67815e+00
177.000      2.24911e+00
178.000      2.90643e+00
179.000      3.63008e+00
180.000      4.39270e+00
181.000      5.16222e+00
182.000      5.90521e+00
183.000      6.59069e+00
184.000      7.19416e+00
185.000      7.70147e+00
186.000      8.11169e+00
187.000      8.43785e+00
188.000      8.70467e+00
189.000      8.94325e+00
190.000      9.18370e+00
191.000      9.44796e+00
192.000      9.74493e+00
193.000      1.00695e+01
194.000      1.04058e+01
195.000      1.07331e+01
196.000      1.10334e+01
197.000      1.12971e+01
198.000      1.15269e+01
199.000      1.17380e+01
200.000      1.19542e+01
201.000      1.22024e+01
202.000      1.25043e+01
203.000      1.28690e+01
204.000      1.32877e+01
205.000      1.37323e+01
206.000      1.41591e+01
207.000      1.45160e+01
208.000      1.47530e+01
209.000      1.48331e+01
210.000      1.47400e+01
211.000      1.44837e+01
212.000      1.41003e+01
213.000      1.36482e+01
214.000      1.32011e+01
215.000      1.28377e+01
216.000      1.26324e+01
217.000      1.26440e+01
218.000      1.29073e+01
219.000      1.34255e+01
220.000      1.41673e+01
221.000      1.50701e+01
222.000      1.60487e+01
223.000      1.70115e+01
224.000      1.78784e+01
225.000      1.85958e+01
226.000      1.91449e+01
227.000      1.95393e+01
228.000      1.98136e+01
229.000      2.00069e+01
230.000      2.01475e+01
231.000      2.02419e+01
232.000      2.02727e+01
233.000      2.02030e+01
234.000      1.99851e+01
235.000      1.95730e+01
236.000      1.89335e+01
237.000      1.80575e+01
238.000      1.69680e+01
239.000      1.57246e+01
240.000      1.44210e+01
241.000      1.31751e+01
242.000      1.21124e+01
243.000      1.13444e+01
244.000      1.09475e+01
245.000      1.09481e+01
246.000      1.13158e+01
247.000      1.19690e+01
248.000      1.27872e+01
249.000      1.36305e+01
250.000      1.43594e+01
251.000      1.48534e+01
252.000      1.50253e+01
253.000      1.48305e+01
254.000      1.42704e+01
255.000      1.33883e+01
256.000      1.22601e+01
257.000      1.09804e+01
258.000      9.64672e+00
259.000      8.34689e+00
260.000      7.15096e+00
261.000      6.10870e+00
262.000      5.25098e+00
263.000      4.59239e+00
264.000      4.13289e+00
265.000      3.85783e+00
266.000      3.73746e+00
267.000      3.72787e+00
268.000      3.77491e+00
269.000      3.82124e+00
270.000      3.81507e+00
271.000      3.71853e+00
272.000      3.51328e+00
273.000      3.20215e+00
274.000      2.80635e+00
275.000      2.35952e+00
276.000      1.89994e+00
277.000      1.46318e+00
278.000      1.07644e+00
279.000      7.55780e-01
280.000      5.06066e-01
281.000      3.23199e-01
282.000      1.97451e-01
283.000      1.16946e-01
284.000      7.05109e-02
285.000      4.95638e-02
286.000      4.90222e-02
287.000      6.74015e-02
288.000      1.06276e-01
289.000      1.69218e-01
290.000      2.60319e-01
291.000      3.82459e-01
292.000      5.35680e-01
293.000      7.16145e-01
294.000      9.16176e-01
295.000      1.12558e+00
296.000      1.33411e+00
297.000      1.53425e+00
298.000      1.72363e+00
299.000      1.90595e+00
300.000      2.09010e+00
301.000      2.28758e+00
302.000      2.50877e+00
303.000      2.75921e+00
304.000      3.03737e+00
305.000      3.33490e+00
306.000      3.64032e+00
307.000      3.94522e+00
308.000      4.25133e+00
309.000      4.57513e+00
310.000      4.94743e+00
311.000      5.40664e+00
312.000      5.98715e+00
313.000      6.70639e+00
314.000      7.55541e+00
315.000      8.49637e+00
316.000      9.46833e+00
317.000      1.03997e+01
318.000      1.12235e+01
319.000      1.18923e+01
320.000      1.23874e+01
321.000      1.27228e+01
322.000      1.29420e+01
323.000      1.31095e+01
324.000      1.32989e+01
325.000      1.35798e+01
326.000      1.40068e+01
327.000      1.46113e+01
328.000      1.53995e+01
329.000      1.63537e+01
330.000      1.74393e+01
331.000      1.86125e+01
332.000      1.98283e+01
333.000      2.10463e+01
334.000      2.22341e+01
335.000      2.33675e+01
336.000      2.44284e+01
337.000      2.54019e+01
338.000      2.62733e+01
339.000      2.70253e+01
340.000      2.76363e+01
341.000      2.80792e+01
342.000      2.83220e+01
343.000      2.83287e+01
344.000      2.80629e+01
345.000      2.74917e+01
346.000      2.65925e+01
347.000      2.53585e+01
348.000      2.38049e+01
349.000      2.19727e+01
350.000      1.99299e+01
351.000      1.77690e+01
352.000      1.55992e+01
353.000      1.35348e+01
354.000      1.16811e+01
355.000      1.01195e+01
356.000      8.89723e+00
357.000      8.02312e+00
358.000      7.47091e+00
359.000      7.18894e+00
360.000      7.11244e+00
361.000      7.17456e+00
362.000      7.31335e+00
363.000      7.47394e+00
364.000      7.60759e+00
365.000      7.67061e+00
366.000      7.62570e+00
367.000      7.44633e+00
368.000      7.12286e+00
369.000      6.66716e+00
370.000      6.11306e+00
371.000      5.51133e+00
372.000      4.92056e+00
373.000      4.39692e+00
374.000      3.98611e+00
375.000      3.71950e+00
376.000      3.61466e+00
377.000      3.67857e+00
378.000      3.91117e+00
379.000      4.30750e+00
380.000      4.85736e+00
381.000      5.54312e+00
382.000      6.33677e+00
383.000      7.19772e+00
384.000      8.07248e+00
385.000      8.89726e+00
386.000      9.60346e+00
387.000      1.01257e+01
388.000      1.04113e+01
389.000      1.04287e+01
390.000      1.01732e+01
391.000      9.66822e+00
392.000      8.96071e+00
393.000      8.11232e+00
394.000      7.18844e+00
395.000      6.24791e+00
396.000      5.33619e+00
397.000      4.48300e+00
398.000      3.70414e+00
399.000      3.00573e+00
400.000      2.38886e+00
401.000      1.85294e+00
402.000      1.39707e+00
403.000      1.01977e+00
404.000      7.17903e-01
405.000      4.85788e-01
406.000      3.15062e-01
407.000      1.95378e-01
408.000      1.15620e-01
409.000      6.51885e-02
410.000      3.49731e-02
411.000      1.78348e-02
412.000      8.63788e-03
413.000      3.97058e-03
414.000      1.73128e-03
415.000      7.15727e-04
416.000      2.80438e-04
417.000      1.04112e-04
418.000      3.66124e-05
419.000      1.21936e-05
420.000      3.84534e-06
421.000      1.14809e-06
422.000      3.24491e-07
423.000      8.68106e-08
424.000      2.19811e-08
425.000      5.26747e-09
426.000      1.19456e-09
427.000      2.56355e-10
428.000      5.20582e-11
429.000      1.00031e-11
430.000      1.81872e-12
431.000      3.12875e-13
432.000      5.09262e-14
433.000      7.84279e-15
434.000      1.14275e-15
435.000      1.57536e-16
436.000      2.05471e-17
437.000      2.53547e-18
438.000      2.96008e-19
439.000      3.26948e-20
440.000      3.41654e-21
441.000      3.37770e-22
442.000      3.15924e-23
443.000      2.79556e-24
444.000      2.34035e-25
445.000      1.85359e-26
446.000      1.38890e-27
447.000      9.84575e-29
448.000      6.60310e-30
449.000      4.18955e-31
450.000      2.51482e-32
451.000      1.42812e-33
452.000      7.67263e-35
453.000      3.89979e-36
454.000      1.87524e-37
455.000      8.53086e-39
456.000      3.67152e-40
457.000      1.49492e-41
458.000      5.75848e-43
459.000      2.09854e-44
460.000      7.23507e-46
461.000      2.35986e-47
462.000      7.28198e-49
463.000      2.12583e-50
464.000      5.87120e-52
465.000      1.53406e-53
466.000      3.79207e-55
467.000      8.86804e-57
468.000      1.96199e-58
469.000      4.10661e-60
470.000      8.13182e-62
471.000      1.52339e-63
472.000      2.69991e-65
473.000      4.52696e-67
474.000      7.18095e-69
475.000      1.07764e-70
476.000      1.52998e-72
477.000      2.05500e-74
478.000      2.61131e-76
479.000      3.13922e-78
480.000      3.57028e-80
481.000      3.84150e-82
482.000      3.91036e-84
483.000      3.76574e-86
484.000      3.43085e-88
485.000      2.95713e-90
486.000      2.41133e-92
487.000      1.86021e-94
488.000      1.35763e-96
489.000      9.37394e-99
490.000     6.12321e-101
491.000     3.78402e-103
492.000     2.21231e-105
493.000     1.22364e-107
494.000     6.40298e-110
495.000     3.16977e-112
496.000     1.48453e-114
497.000     6.57764e-117
498.000     2.75719e-119
499.000     1.09341e-121
500.000     4.10219e-124
