# Gaussian folded, width=10 cm^-1
# [cm^-1] arbitrary
0.000      3.00000e+00
1.000      2.91796e+00
2.000      2.68508e+00
3.000      2.33749e+00
4.000      1.92514e+00
5.000      1.50000e+00
6.000      1.10570e+00
7.000      7.71085e-01
8.000      5.08727e-01
9.000      3.17530e-01
10.000      1.87500e-01
11.000      1.04747e-01
12.000      5.53624e-02
13.000      2.76912e-02
14.000      1.31308e-02
15.000      5.97437e-03
16.000      2.81339e-03
17.000      1.90481e-03
18.000      2.73913e-03
19.000      5.93438e-03
20.000      1.35228e-02
21.000      2.96651e-02
22.000      6.17642e-02
23.000      1.21795e-01
24.000      2.27403e-01
25.000      4.02002e-01
26.000      6.72866e-01
27.000      1.06636e+00
28.000      1.60016e+00
29.000      2.27358e+00
30.000      3.05882e+00
31.000      3.89673e+00
32.000      4.70060e+00
33.000      5.36934e+00
34.000      5.80772e+00
35.000      5.94859e+00
36.000      5.76964e+00
37.000      5.29927e+00
38.000      4.60918e+00
39.000      3.79658e+00
40.000      2.96204e+00
41.000      2.18997e+00
42.000      1.53704e+00
43.000      1.03008e+00
44.000      6.71919e-01
45.000      4.51651e-01
46.000      3.55404e-01
47.000      3.74627e-01
48.000      5.10160e-01
49.000      7.71436e-01
50.000      1.17105e+00
51.000      1.71577e+00
52.000      2.39609e+00
53.000      3.17749e+00
54.000      3.99696e+00
55.000      4.76765e+00
56.000      5.39218e+00
57.000      5.78225e+00
58.000      5.87883e+00
59.000      5.66686e+00
60.000      5.17912e+00
61.000      4.48818e+00
62.000      3.68917e+00
63.000      2.87935e+00
64.000      2.14078e+00
65.000      1.53068e+00
66.000      1.08055e+00
67.000      8.02301e-01
68.000      6.97156e-01
69.000      7.63554e-01
70.000      1.00070e+00
71.000      1.40667e+00
72.000      1.97194e+00
73.000      2.67106e+00
74.000      3.45643e+00
75.000      4.25793e+00
76.000      4.99098e+00
77.000      5.57242e+00
78.000      5.94084e+00
79.000      6.07517e+00
80.000      6.00527e+00
81.000      5.81006e+00
82.000      5.60271e+00
83.000      5.50682e+00
84.000      5.63041e+00
85.000      6.04528e+00
86.000      6.77721e+00
87.000      7.80815e+00
88.000      9.08723e+00
89.000      1.05443e+01
90.000      1.20999e+01
91.000      1.36679e+01
92.000      1.51531e+01
93.000      1.64488e+01
94.000      1.74397e+01
95.000      1.80156e+01
96.000      1.80926e+01
97.000      1.76354e+01
98.000      1.66732e+01
99.000      1.53011e+01
100.000      1.36666e+01
101.000      1.19434e+01
102.000      1.03004e+01
103.000      8.87388e+00
104.000      7.75041e+00
105.000      6.96343e+00
106.000      6.50332e+00
107.000      6.33676e+00
108.000      6.42874e+00
109.000      6.76036e+00
110.000      7.33719e+00
111.000      8.18575e+00
112.000      9.33957e+00
113.000      1.08192e+01
114.000      1.26121e+01
115.000      1.46591e+01
116.000      1.68508e+01
117.000      1.90365e+01
118.000      2.10436e+01
119.000      2.27026e+01
120.000      2.38730e+01
121.000      2.44642e+01
122.000      2.44470e+01
123.000      2.38550e+01
124.000      2.27769e+01
125.000      2.13418e+01
126.000      1.97015e+01
127.000      1.80125e+01
128.000      1.64206e+01
129.000      1.50473e+01
130.000      1.39805e+01
131.000      1.32677e+01
132.000      1.29138e+01
133.000      1.28822e+01
134.000      1.31010e+01
135.000      1.34729e+01
136.000      1.38888e+01
137.000      1.42429e+01
138.000      1.44466e+01
139.000      1.44401e+01
140.000      1.41975e+01
141.000      1.37267e+01
142.000      1.30628e+01
143.000      1.22579e+01
144.000      1.13702e+01
145.000      1.04538e+01
146.000      9.55246e+00
147.000      8.69548e+00
148.000      7.89758e+00
149.000      7.16021e+00
150.000      6.47439e+00
151.000      5.82466e+00
152.000      5.19390e+00
153.000      4.56834e+00
154.000      3.94188e+00
155.000      3.31835e+00
156.000      2.71107e+00
157.000      2.13957e+00
158.000      1.62455e+00
159.000      1.18280e+00
160.000      8.23524e-01
161.000      5.47125e-01
162.000      3.46257e-01
163.000      2.08488e-01
164.000      1.19395e-01
165.000      6.52107e-02
166.000      3.45368e-02
167.000      1.91130e-02
168.000      1.39214e-02
169.000      1.70119e-02
170.000      2.93600e-02
171.000      5.49079e-02
172.000      1.00757e-01
173.000      1.77312e-01
174.000      2.98080e-01
175.000      4.78814e-01
176.000      7.35811e-01
177.000      1.08343e+00
178.000      1.53120e+00
179.000      2.08111e+00
180.000      2.72599e+00
181.000      3.44935e+00
182.000      4.22723e+00
183.000      5.03155e+00
184.000      5.83435e+00
185.000      6.61176e+00
186.000      7.34681e+00
187.000      8.03036e+00
188.000      8.66048e+00
189.000      9.24066e+00
190.000      9.77797e+00
191.000      1.02818e+01
192.000      1.07632e+01
193.000      1.12336e+01
194.000      1.17035e+01
195.000      1.21803e+01
196.000      1.26654e+01
197.000      1.31533e+01
198.000      1.36332e+01
199.000      1.40923e+01
200.000      1.45203e+01
201.000      1.49124e+01
202.000      1.52697e+01
203.000      1.55964e+01
204.000      1.58961e+01
205.000      1.61687e+01
206.000      1.64091e+01
207.000      1.66089e+01
208.000      1.67596e+01
209.000      1.68560e+01
210.000      1.68985e+01
211.000      1.68948e+01
212.000      1.68606e+01
213.000      1.68188e+01
214.000      1.67963e+01
215.000      1.68191e+01
216.000      1.69042e+01
217.000      1.70524e+01
218.000      1.72434e+01
219.000      1.74376e+01
220.000      1.75848e+01
221.000      1.76387e+01
222.000      1.75719e+01
223.000      1.73871e+01
224.000      1.71188e+01
225.000      1.68253e+01
226.000      1.65722e+01
227.000      1.64127e+01
228.000      1.63714e+01
229.000      1.64363e+01
230.000      1.65613e+01
231.000      1.66794e+01
232.000      1.67212e+01
233.000      1.66337e+01
234.000      1.63931e+01
235.000      1.60088e+01
236.000      1.55168e+01
237.000      1.49662e+01
238.000      1.44040e+01
239.000      1.38628e+01
240.000      1.33565e+01
241.000      1.28834e+01
242.000      1.24355e+01
243.000      1.20088e+01
244.000      1.16107e+01
245.000      1.12608e+01
246.000      1.09859e+01
247.000      1.08106e+01
248.000      1.07472e+01
249.000      1.07882e+01
250.000      1.09045e+01
251.000      1.10493e+01
252.000      1.11662e+01
253.000      1.12004e+01
254.000      1.11083e+01
255.000      1.08646e+01
256.000      1.04642e+01
257.000      9.92181e+00
258.000      9.26723e+00
259.000      8.54073e+00
260.000      7.78786e+00
261.000      7.05468e+00
262.000      6.38303e+00
263.000      5.80595e+00
264.000      5.34335e+00
265.000      4.99919e+00
266.000      4.76077e+00
267.000      4.60114e+00
268.000      4.48400e+00
269.000      4.37034e+00
270.000      4.22520e+00
271.000      4.02313e+00
272.000      3.75146e+00
273.000      3.41085e+00
274.000      3.01369e+00
275.000      2.58076e+00
276.000      2.13709e+00
277.000      1.70776e+00
278.000      1.31436e+00
279.000      9.72438e-01
280.000      6.90364e-01
281.000      4.69464e-01
282.000      3.05296e-01
283.000      1.89573e-01
284.000      1.12248e-01
285.000      6.33039e-02
286.000      3.39832e-02
287.000      1.73941e-02
288.000      8.60734e-03
289.000      4.44365e-03
290.000      3.16165e-03
291.000      4.21677e-03
292.000      8.19627e-03
293.000      1.69689e-02
294.000      3.40096e-02
295.000      6.47618e-02
296.000      1.16787e-01
297.000      1.99367e-01
298.000      3.22233e-01
299.000      4.93326e-01
300.000      7.15918e-01
301.000      9.85985e-01
302.000      1.29115e+00
303.000      1.61240e+00
304.000      1.92908e+00
305.000      2.22615e+00
306.000      2.50132e+00
307.000      2.76893e+00
308.000      3.05783e+00
309.000      3.40294e+00
310.000      3.83241e+00
311.000      4.35524e+00
312.000      4.95462e+00
313.000      5.59059e+00
314.000      6.21247e+00
315.000      6.77719e+00
316.000      7.26702e+00
317.000      7.69989e+00
318.000      8.12785e+00
319.000      8.62384e+00
320.000      9.26112e+00
321.000      1.00922e+01
322.000      1.11343e+01
323.000      1.23650e+01
324.000      1.37294e+01
325.000      1.51538e+01
326.000      1.65623e+01
327.000      1.78915e+01
328.000      1.90983e+01
329.000      2.01621e+01
330.000      2.10816e+01
331.000      2.18675e+01
332.000      2.25362e+01
333.000      2.31038e+01
334.000      2.35825e+01
335.000      2.39796e+01
336.000      2.42987e+01
337.000      2.45418e+01
338.000      2.47116e+01
339.000      2.48140e+01
340.000      2.48574e+01
341.000      2.48517e+01
342.000      2.48040e+01
343.000      2.47148e+01
344.000      2.45737e+01
345.000      2.43589e+01
346.000      2.40380e+01
347.000      2.35740e+01
348.000      2.29334e+01
349.000      2.20965e+01
350.000      2.10664e+01
351.000      1.98746e+01
352.000      1.85806e+01
353.000      1.72636e+01
354.000      1.60086e+01
355.000      1.48903e+01
356.000      1.39587e+01
357.000      1.32318e+01
358.000      1.26965e+01
359.000      1.23173e+01
360.000      1.20487e+01
361.000      1.18471e+01
362.000      1.16778e+01
363.000      1.15168e+01
364.000      1.13462e+01
365.000      1.11481e+01
366.000      1.08989e+01
367.000      1.05689e+01
368.000      1.01267e+01
369.000      9.54783e+00
370.000      8.82538e+00
371.000      7.97777e+00
372.000      7.05096e+00
373.000      6.11375e+00
374.000      5.24681e+00
375.000      4.52823e+00
376.000      4.01941e+00
377.000      3.75477e+00
378.000      3.73778e+00
379.000      3.94372e+00
380.000      4.32762e+00
381.000      4.83456e+00
382.000      5.40875e+00
383.000      5.99928e+00
384.000      6.56161e+00
385.000      7.05628e+00
386.000      7.44684e+00
387.000      7.69966e+00
388.000      7.78638e+00
389.000      7.68865e+00
390.000      7.40325e+00
391.000      6.94537e+00
392.000      6.34830e+00
393.000      5.65902e+00
394.000      4.93062e+00
395.000      4.21327e+00
396.000      3.54634e+00
397.000      2.95354e+00
398.000      2.44250e+00
399.000      2.00812e+00
400.000      1.63833e+00
401.000      1.32007e+00
402.000      1.04344e+00
403.000      8.03214e-01
404.000      5.98019e-01
405.000      4.28157e-01
406.000      2.93438e-01
407.000      1.91852e-01
408.000      1.19364e-01
409.000      7.05455e-02
410.000      3.95558e-02
411.000      2.10243e-02
412.000      1.05862e-02
413.000      5.04758e-03
414.000      2.27839e-03
415.000      9.73394e-04
416.000      3.93553e-04
417.000      1.50567e-04
418.000      5.45054e-05
419.000      1.86687e-05
420.000      6.04974e-06
421.000      1.85481e-06
422.000      5.38019e-07
423.000      1.47646e-07
424.000      3.83330e-08
425.000      9.41558e-09
426.000      2.18797e-09
427.000      4.81013e-10
428.000      1.00044e-10
429.000      1.96854e-11
430.000      3.66452e-12
431.000      6.45367e-13
432.000      1.07526e-13
433.000      1.69489e-14
434.000      2.52747e-15
435.000      3.56572e-16
436.000      4.75912e-17
437.000      6.00929e-18
438.000      7.17857e-19
439.000      8.11280e-20
440.000      8.67402e-21
441.000      8.77381e-22
442.000      8.39602e-23
443.000      7.60110e-24
444.000      6.51023e-25
445.000      5.27515e-26
446.000      4.04381e-27
447.000      2.93267e-28
448.000      2.01212e-29
449.000      1.30606e-30
450.000      8.02027e-32
451.000      4.65943e-33
452.000      2.56091e-34
453.000      1.33160e-35
454.000      6.55042e-37
455.000      3.04848e-38
456.000      1.34219e-39
457.000      5.59067e-41
458.000      2.20308e-42
459.000      8.21326e-44
460.000      2.89679e-45
461.000      9.66579e-47
462.000      3.05123e-48
463.000      9.11233e-50
464.000      2.57455e-51
465.000      6.88164e-53
466.000      1.74020e-54
467.000      4.16318e-56
468.000      9.42253e-58
469.000      2.01757e-59
470.000      4.08702e-61
471.000      7.83253e-63
472.000      1.42009e-64
473.000      2.43582e-66
474.000      3.95271e-68
475.000      6.06821e-70
476.000      8.81342e-72
477.000      1.21100e-73
478.000      1.57422e-75
479.000      1.93598e-77
480.000      2.25245e-79
481.000      2.47929e-81
482.000      2.58176e-83
483.000      2.54345e-85
484.000      2.37054e-87
485.000      2.09021e-89
486.000      1.74361e-91
487.000      1.37602e-93
488.000      1.02736e-95
489.000      7.25661e-98
490.000     4.84913e-100
491.000     3.06557e-102
492.000     1.83348e-104
493.000     1.03743e-106
494.000     5.55341e-109
495.000     2.81241e-111
496.000     1.34745e-113
497.000     6.10755e-116
498.000     2.61901e-118
499.000     1.06249e-120
500.000     4.07786e-123
