# Gaussian folded, width=10 cm^-1
# [cm^-1] arbitrary
0.000      3.00000e+00
1.000      2.91796e+00
2.000      2.68508e+00
3.000      2.33749e+00
4.000      1.92514e+00
5.000      1.50000e+00
6.000      1.10570e+00
7.000      7.71085e-01
8.000      5.08727e-01
9.000      3.17530e-01
10.000      1.87502e-01
11.000      1.04752e-01
12.000      5.53805e-02
13.000      2.77470e-02
14.000      1.32941e-02
15.000      6.42542e-03
16.000      3.99033e-03
17.000      4.80466e-03
18.000      9.48342e-03
19.000      2.07343e-02
20.000      4.41514e-02
21.000      8.94058e-02
22.000      1.71502e-01
23.000      3.11449e-01
24.000      5.35401e-01
25.000      8.71249e-01
26.000      1.34207e+00
27.000      1.95695e+00
28.000      2.70122e+00
29.000      3.52950e+00
30.000      4.36559e+00
31.000      5.11152e+00
32.000      5.66546e+00
33.000      5.94429e+00
34.000      5.90402e+00
35.000      5.55115e+00
36.000      4.94110e+00
37.000      4.16413e+00
38.000      3.32394e+00
39.000      2.51616e+00
40.000      1.81310e+00
41.000      1.25806e+00
42.000      8.68830e-01
43.000      6.46908e-01
44.000      5.87996e-01
45.000      6.89724e-01
46.000      9.53979e-01
47.000      1.38320e+00
48.000      1.97193e+00
49.000      2.69654e+00
50.000      3.50748e+00
51.000      4.32796e+00
52.000      5.06180e+00
53.000      5.60980e+00
54.000      5.89093e+00
55.000      5.86155e+00
56.000      5.52642e+00
57.000      4.93755e+00
58.000      4.18125e+00
59.000      3.35810e+00
60.000      2.56251e+00
61.000      1.86798e+00
62.000      1.32120e+00
63.000      9.44921e-01
64.000      7.46050e-01
65.000      7.24951e-01
66.000      8.81658e-01
67.000      1.21671e+00
68.000      1.72636e+00
69.000      2.39419e+00
70.000      3.18300e+00
71.000      4.03149e+00
72.000      4.85942e+00
73.000      5.58214e+00
74.000      6.13160e+00
75.000      6.47751e+00
76.000      6.64075e+00
77.000      6.69316e+00
78.000      6.74207e+00
79.000      6.90399e+00
80.000      7.27603e+00
81.000      7.91417e+00
82.000      8.82500e+00
83.000      9.97130e+00
84.000      1.12866e+01
85.000      1.26911e+01
86.000      1.41013e+01
87.000      1.54329e+01
88.000      1.65976e+01
89.000      1.75033e+01
90.000      1.80596e+01
91.000      1.81944e+01
92.000      1.78730e+01
93.000      1.71150e+01
94.000      1.59987e+01
95.000      1.46495e+01
96.000      1.32164e+01
97.000      1.18425e+01
98.000      1.06417e+01
99.000      9.68744e+00
100.000      9.01519e+00
101.000      8.63528e+00
102.000      8.54737e+00
103.000      8.75047e+00
104.000      9.24514e+00
105.000      1.00293e+01
106.000      1.10914e+01
107.000      1.24056e+01
108.000      1.39285e+01
109.000      1.55991e+01
110.000      1.73384e+01
111.000      1.90485e+01
112.000      2.06152e+01
113.000      2.19150e+01
114.000      2.28319e+01
115.000      2.32796e+01
116.000      2.32256e+01
117.000      2.27066e+01
118.000      2.18297e+01
119.000      2.07546e+01
120.000      1.96608e+01
121.000      1.87098e+01
122.000      1.80110e+01
123.000      1.76027e+01
124.000      1.74509e+01
125.000      1.74650e+01
126.000      1.75243e+01
127.000      1.75058e+01
128.000      1.73085e+01
129.000      1.68679e+01
130.000      1.61610e+01
131.000      1.52049e+01
132.000      1.40485e+01
133.000      1.27633e+01
134.000      1.14315e+01
135.000      1.01350e+01
136.000      8.94483e+00
137.000      7.91227e+00
138.000      7.06364e+00
139.000      6.39897e+00
140.000      5.89483e+00
141.000      5.51058e+00
142.000      5.19651e+00
143.000      4.90262e+00
144.000      4.58651e+00
145.000      4.21953e+00
146.000      3.79016e+00
147.000      3.30442e+00
148.000      2.78290e+00
149.000      2.25519e+00
150.000      1.75308e+00
151.000      1.30393e+00
152.000      9.26093e-01
153.000      6.27018e-01
154.000      4.04182e-01
155.000      2.47873e-01
156.000      1.44747e-01
157.000      8.10765e-02
158.000      4.50921e-02
159.000      2.83245e-02
160.000      2.61948e-02
161.000      3.82371e-02
162.000      6.82451e-02
163.000      1.24408e-01
164.000      2.19249e-01
165.000      3.68989e-01
166.000      5.91949e-01
167.000      9.05803e-01
168.000      1.32393e+00
169.000      1.85160e+00
170.000      2.48320e+00
171.000      3.20150e+00
172.000      3.97981e+00
173.000      4.78665e+00
174.000      5.59202e+00
175.000      6.37337e+00
176.000      7.11942e+00
177.000      7.83085e+00
178.000      8.51725e+00
179.000      9.19157e+00
180.000      9.86372e+00
181.000      1.05354e+01
182.000      1.11983e+01
183.000      1.18350e+01
184.000      1.24243e+01
185.000      1.29462e+01
186.000      1.33869e+01
187.000      1.37410e+01
188.000      1.40113e+01
189.000      1.42062e+01
190.000      1.43379e+01
191.000      1.44208e+01
192.000      1.44725e+01
193.000      1.45147e+01
194.000      1.45747e+01
195.000      1.46838e+01
196.000      1.48743e+01
197.000      1.51741e+01
198.000      1.56007e+01
199.000      1.61577e+01
200.000      1.68328e+01
201.000      1.75985e+01
202.000      1.84155e+01
203.000      1.92349e+01
204.000      2.00013e+01
205.000      2.06563e+01
206.000      2.11428e+01
207.000      2.14123e+01
208.000      2.14333e+01
209.000      2.11987e+01
210.000      2.07315e+01
211.000      2.00842e+01
212.000      1.93338e+01
213.000      1.85725e+01
214.000      1.78959e+01
215.000      1.73913e+01
216.000      1.71270e+01
217.000      1.71438e+01
218.000      1.74485e+01
219.000      1.80115e+01
220.000      1.87698e+01
221.000      1.96364e+01
222.000      2.05145e+01
223.000      2.13152e+01
224.000      2.19736e+01
225.000      2.24590e+01
226.000      2.27769e+01
227.000      2.29638e+01
228.000      2.30748e+01
229.000      2.31691e+01
230.000      2.32952e+01
231.000      2.34786e+01
232.000      2.37149e+01
233.000      2.39673e+01
234.000      2.41733e+01
235.000      2.42570e+01
236.000      2.41473e+01
237.000      2.37967e+01
238.000      2.31965e+01
239.000      2.23846e+01
240.000      2.14425e+01
241.000      2.04831e+01
242.000      1.96328e+01
243.000      1.90114e+01
244.000      1.87150e+01
245.000      1.88031e+01
246.000      1.92907e+01
247.000      2.01445e+01
248.000      2.12825e+01
249.000      2.25775e+01
250.000      2.38661e+01
251.000      2.49653e+01
252.000      2.56943e+01
253.000      2.59019e+01
254.000      2.54911e+01
255.000      2.44366e+01
256.000      2.27896e+01
257.000      2.06686e+01
258.000      1.82383e+01
259.000      1.56827e+01
260.000      1.31777e+01
261.000      1.08696e+01
262.000      8.86155e+00
263.000      7.20965e+00
264.000      5.92609e+00
265.000      4.98836e+00
266.000      4.35098e+00
267.000      3.95733e+00
268.000      3.74930e+00
269.000      3.67315e+00
270.000      3.68173e+00
271.000      3.73416e+00
272.000      3.79510e+00
273.000      3.83510e+00
274.000      3.83252e+00
275.000      3.77591e+00
276.000      3.66509e+00
277.000      3.50962e+00
278.000      3.32453e+00
279.000      3.12474e+00
280.000      2.92014e+00
281.000      2.71332e+00
282.000      2.50041e+00
283.000      2.27465e+00
284.000      2.03067e+00
285.000      1.76810e+00
286.000      1.49290e+00
287.000      1.21644e+00
288.000      9.52717e-01
289.000      7.14968e-01
290.000      5.12885e-01
291.000      3.51117e-01
292.000      2.29313e-01
293.000      1.43338e-01
294.000      8.71034e-02
295.000      5.44039e-02
296.000      4.03707e-02
297.000      4.23489e-02
298.000      6.01664e-02
299.000      9.58076e-02
300.000      1.52502e-01
301.000      2.33276e-01
302.000      3.39153e-01
303.000      4.67432e-01
304.000      6.10677e-01
305.000      7.57107e-01
306.000      8.92802e-01
307.000      1.00553e+00
308.000      1.08928e+00
309.000      1.14810e+00
310.000      1.19765e+00
311.000      1.26357e+00
312.000      1.37666e+00
313.000      1.56602e+00
314.000      1.85190e+00
315.000      2.24031e+00
316.000      2.72098e+00
317.000      3.26894e+00
318.000      3.84957e+00
319.000      4.42561e+00
320.000      4.96466e+00
321.000      5.44565e+00
322.000      5.86317e+00
323.000      6.22916e+00
324.000      6.57143e+00
325.000      6.92953e+00
326.000      7.34825e+00
327.000      7.87025e+00
328.000      8.52890e+00
329.000      9.34301e+00
330.000      1.03139e+01
331.000      1.14249e+01
332.000      1.26434e+01
333.000      1.39230e+01
334.000      1.52070e+01
335.000      1.64312e+01
336.000      1.75263e+01
337.000      1.84203e+01
338.000      1.90420e+01
339.000      1.93257e+01
340.000      1.92185e+01
341.000      1.86896e+01
342.000      1.77408e+01
343.000      1.64131e+01
344.000      1.47882e+01
345.000      1.29812e+01
346.000      1.11257e+01
347.000      9.35421e+00
348.000      7.77892e+00
349.000      6.47770e+00
350.000      5.48817e+00
351.000      4.81030e+00
352.000      4.41517e+00
353.000      4.25631e+00
354.000      4.28006e+00
355.000      4.43271e+00
356.000      4.66393e+00
357.000      4.92770e+00
358.000      5.18256e+00
359.000      5.39282e+00
360.000      5.53140e+00
361.000      5.58339e+00
362.000      5.54875e+00
363.000      5.44227e+00
364.000      5.29000e+00
365.000      5.12277e+00
366.000      4.96871e+00
367.000      4.84690e+00
368.000      4.76400e+00
369.000      4.71430e+00
370.000      4.68256e+00
371.000      4.64848e+00
372.000      4.59140e+00
373.000      4.49456e+00
374.000      4.34838e+00
375.000      4.15256e+00
376.000      3.91665e+00
377.000      3.65901e+00
378.000      3.40387e+00
379.000      3.17706e+00
380.000      3.00112e+00
381.000      2.89108e+00
382.000      2.85162e+00
383.000      2.87627e+00
384.000      2.94837e+00
385.000      3.04346e+00
386.000      3.13259e+00
387.000      3.18619e+00
388.000      3.17819e+00
389.000      3.09010e+00
390.000      2.91425e+00
391.000      2.65545e+00
392.000      2.33035e+00
393.000      1.96444e+00
394.000      1.58727e+00
395.000      1.22706e+00
396.000      9.06197e-01
397.000      6.38500e-01
398.000      4.28748e-01
399.000      2.74117e-01
400.000      1.66730e-01
401.000      9.64120e-02
402.000      5.29694e-02
403.000      2.76356e-02
404.000      1.36856e-02
405.000      6.43035e-03
406.000      2.86572e-03
407.000      1.21096e-03
408.000      4.85069e-04
409.000      1.84144e-04
410.000      6.62371e-05
411.000      2.25713e-05
412.000      7.28545e-06
413.000      2.22710e-06
414.000      6.44690e-07
415.000      1.76704e-07
416.000      4.58544e-08
417.000      1.12647e-08
418.000      2.61959e-09
419.000      5.76620e-10
420.000      1.20133e-10
421.000      2.36882e-11
422.000      4.42055e-12
423.000      7.80691e-13
424.000      1.30474e-13
425.000      2.06346e-14
426.000      3.08805e-15
427.000      4.37297e-16
428.000      5.85956e-17
429.000      7.42915e-18
430.000      8.91235e-19
431.000      1.01162e-19
432.000      1.08645e-20
433.000      1.10398e-21
434.000      1.06137e-22
435.000      9.65438e-24
436.000      8.30864e-25
437.000      6.76519e-26
438.000      5.21161e-27
439.000      3.79841e-28
440.000      2.61920e-29
441.000      1.70871e-30
442.000      1.05463e-31
443.000      6.15835e-33
444.000      3.40218e-34
445.000      1.77819e-35
446.000      8.79277e-37
447.000      4.11338e-38
448.000      1.82053e-39
449.000      7.62288e-41
450.000      3.01970e-42
451.000      1.13170e-43
452.000      4.01257e-45
453.000      1.34597e-46
454.000      4.27137e-48
455.000      1.28239e-49
456.000      3.64246e-51
457.000      9.78789e-53
458.000      2.48830e-54
459.000      5.98462e-56
460.000      1.36173e-57
461.000      2.93131e-59
462.000      5.96970e-61
463.000      1.15017e-62
464.000      2.09648e-64
465.000      3.61525e-66
466.000      5.89799e-68
467.000      9.10307e-70
468.000      1.32920e-71
469.000      1.83616e-73
470.000      2.39965e-75
471.000      2.96692e-77
472.000      3.47040e-79
473.000      3.84037e-81
474.000      4.02053e-83
475.000      3.98209e-85
476.000      3.73128e-87
477.000      3.30767e-89
478.000      2.77398e-91
479.000      2.20092e-93
480.000      1.65204e-95
481.000      1.17316e-97
482.000     7.88150e-100
483.000     5.00933e-102
484.000     3.01209e-104
485.000     1.71346e-106
486.000     9.22142e-109
487.000     4.69504e-111
488.000     2.26151e-113
489.000     1.03056e-115
490.000     4.44293e-118
491.000     1.81210e-120
492.000     6.99215e-123
493.000     2.55246e-125
494.000     8.81502e-128
495.000     2.88009e-130
496.000     8.90237e-133
497.000     2.60330e-135
498.000     7.20210e-138
499.000     1.88500e-140
500.000     4.66748e-143
