# Gaussian folded, width=10 cm^-1
# [cm^-1] arbitrary
0.000      3.00000e+00
1.000      2.91796e+00
2.000      2.68508e+00
3.000      2.33749e+00
4.000      1.92514e+00
5.000      1.50000e+00
6.000      1.10570e+00
7.000      7.71085e-01
8.000      5.08727e-01
9.000      3.17530e-01
10.000      1.87500e-01
11.000      1.04747e-01
12.000      5.53628e-02
13.000      2.76921e-02
14.000      1.31337e-02
15.000      5.98221e-03
16.000      2.83383e-03
17.000      1.95490e-03
18.000      2.85450e-03
19.000      6.18384e-03
20.000      1.40285e-02
21.000      3.06250e-02
22.000      6.34660e-02
23.000      1.24606e-01
24.000      2.31711e-01
25.000      4.08096e-01
26.000      6.80753e-01
27.000      1.07557e+00
28.000      1.60961e+00
29.000      2.28163e+00
30.000      3.06349e+00
31.000      3.89622e+00
32.000      4.69389e+00
33.000      5.35662e+00
34.000      5.79057e+00
35.000      5.92964e+00
36.000      5.75195e+00
37.000      5.28548e+00
38.000      4.60091e+00
39.000      3.79413e+00
40.000      2.96452e+00
41.000      2.19581e+00
42.000      1.54453e+00
43.000      1.03785e+00
44.000      6.79190e-01
45.000      4.58269e-01
46.000      3.61694e-01
47.000      3.81136e-01
48.000      5.17350e-01
49.000      7.79368e-01
50.000      1.17912e+00
51.000      1.72258e+00
52.000      2.39958e+00
53.000      3.17536e+00
54.000      3.98735e+00
55.000      4.74991e+00
56.000      5.36746e+00
57.000      5.75351e+00
58.000      5.85036e+00
59.000      5.64320e+00
60.000      5.16388e+00
61.000      4.48314e+00
62.000      3.69397e+00
63.000      2.89177e+00
64.000      2.15752e+00
65.000      1.54822e+00
66.000      1.09578e+00
67.000      8.12742e-01
68.000      7.00921e-01
69.000      7.59099e-01
70.000      9.86711e-01
71.000      1.38222e+00
72.000      1.93698e+00
73.000      2.62707e+00
74.000      3.40702e+00
75.000      4.20904e+00
76.000      4.95051e+00
77.000      5.54933e+00
78.000      5.94392e+00
79.000      6.11191e+00
80.000      6.08112e+00
81.000      5.92814e+00
82.000      5.76380e+00
83.000      5.70920e+00
84.000      5.86928e+00
85.000      6.31166e+00
86.000      7.05647e+00
87.000      8.07884e+00
88.000      9.32075e+00
89.000      1.07064e+01
90.000      1.21545e+01
91.000      1.35830e+01
92.000      1.49086e+01
93.000      1.60436e+01
94.000      1.68966e+01
95.000      1.73813e+01
96.000      1.74322e+01
97.000      1.70221e+01
98.000      1.61754e+01
99.000      1.49714e+01
100.000      1.35340e+01
101.000      1.20119e+01
102.000      1.05523e+01
103.000      9.27734e+00
104.000      8.26772e+00
105.000      7.55832e+00
106.000      7.14587e+00
107.000      7.00528e+00
108.000      7.10882e+00
109.000      7.44154e+00
110.000      8.00793e+00
111.000      8.82785e+00
112.000      9.92360e+00
113.000      1.13024e+01
114.000      1.29406e+01
115.000      1.47739e+01
116.000      1.66979e+01
117.000      1.85788e+01
118.000      2.02722e+01
119.000      2.16449e+01
120.000      2.25951e+01
121.000      2.30661e+01
122.000      2.30508e+01
123.000      2.25879e+01
124.000      2.17516e+01
125.000      2.06395e+01
126.000      1.93608e+01
127.000      1.80268e+01
128.000      1.67433e+01
129.000      1.56033e+01
130.000      1.46794e+01
131.000      1.40162e+01
132.000      1.36243e+01
133.000      1.34780e+01
134.000      1.35187e+01
135.000      1.36649e+01
136.000      1.38254e+01
137.000      1.39145e+01
138.000      1.38659e+01
139.000      1.36410e+01
140.000      1.32317e+01
141.000      1.26568e+01
142.000      1.19549e+01
143.000      1.11742e+01
144.000      1.03638e+01
145.000      9.56743e+00
146.000      8.81909e+00
147.000      8.14152e+00
148.000      7.54518e+00
149.000      7.02792e+00
150.000      6.57553e+00
151.000      6.16383e+00
152.000      5.76280e+00
153.000      5.34269e+00
154.000      4.88060e+00
155.000      4.36600e+00
156.000      3.80334e+00
157.000      3.21103e+00
158.000      2.61702e+00
159.000      2.05239e+00
160.000      1.54479e+00
161.000      1.11358e+00
162.000      7.67512e-01
163.000      5.05178e-01
164.000      3.17485e-01
165.000      1.91115e-01
166.000      1.11925e-01
167.000      6.76234e-02
168.000      4.94970e-02
169.000      5.32820e-02
170.000      7.94287e-02
171.000      1.32940e-01
172.000      2.22825e-01
173.000      3.61076e-01
174.000      5.61089e-01
175.000      8.35555e-01
176.000      1.19413e+00
177.000      1.64136e+00
178.000      2.17546e+00
179.000      2.78828e+00
180.000      3.46640e+00
181.000      4.19292e+00
182.000      4.94920e+00
183.000      5.71594e+00
184.000      6.47357e+00
185.000      7.20250e+00
186.000      7.88395e+00
187.000      8.50210e+00
188.000      9.04717e+00
189.000      9.51831e+00
190.000      9.92491e+00
191.000      1.02850e+01
192.000      1.06210e+01
193.000      1.09534e+01
194.000      1.12962e+01
195.000      1.16535e+01
196.000      1.20199e+01
197.000      1.23837e+01
198.000      1.27311e+01
199.000      1.30497e+01
200.000      1.33319e+01
201.000      1.35754e+01
202.000      1.37837e+01
203.000      1.39650e+01
204.000      1.41299e+01
205.000      1.42895e+01
206.000      1.44519e+01
207.000      1.46204e+01
208.000      1.47924e+01
209.000      1.49603e+01
210.000      1.51139e+01
211.000      1.52439e+01
212.000      1.53439e+01
213.000      1.54113e+01
214.000      1.54459e+01
215.000      1.54477e+01
216.000      1.54166e+01
217.000      1.53532e+01
218.000      1.52635e+01
219.000      1.51641e+01
220.000      1.50843e+01
221.000      1.50646e+01
222.000      1.51489e+01
223.000      1.53721e+01
224.000      1.57496e+01
225.000      1.62694e+01
226.000      1.68925e+01
227.000      1.75596e+01
228.000      1.82026e+01
229.000      1.87555e+01
230.000      1.91642e+01
231.000      1.93917e+01
232.000      1.94195e+01
233.000      1.92467e+01
234.000      1.88878e+01
235.000      1.83682e+01
236.000      1.77208e+01
237.000      1.69805e+01
238.000      1.61811e+01
239.000      1.53541e+01
240.000      1.45293e+01
241.000      1.37383e+01
242.000      1.30185e+01
243.000      1.24136e+01
244.000      1.19708e+01
245.000      1.17324e+01
246.000      1.17233e+01
247.000      1.19386e+01
248.000      1.23354e+01
249.000      1.28330e+01
250.000      1.33234e+01
251.000      1.36899e+01
252.000      1.38305e+01
253.000      1.36792e+01
254.000      1.32184e+01
255.000      1.24799e+01
256.000      1.15342e+01
257.000      1.04712e+01
258.000      9.37934e+00
259.000      8.32934e+00
260.000      7.36589e+00
261.000      6.50873e+00
262.000      5.75999e+00
263.000      5.11371e+00
264.000      4.56341e+00
265.000      4.10526e+00
266.000      3.73706e+00
267.000      3.45463e+00
268.000      3.24832e+00
269.000      3.10138e+00
270.000      2.99116e+00
271.000      2.89234e+00
272.000      2.78116e+00
273.000      2.63918e+00
274.000      2.45578e+00
275.000      2.22906e+00
276.000      1.96525e+00
277.000      1.67696e+00
278.000      1.38067e+00
279.000      1.09374e+00
280.000      8.31619e-01
281.000      6.05556e-01
282.000      4.21478e-01
283.000      2.79997e-01
284.000      1.77462e-01
285.000      1.07632e-01
286.000      6.34610e-02
287.000      3.86183e-02
288.000      2.85437e-02
289.000      3.10273e-02
290.000      4.63834e-02
291.000      7.72769e-02
292.000      1.28197e-01
293.000      2.04545e-01
294.000      3.11367e-01
295.000      4.51933e-01
296.000      6.26552e-01
297.000      8.32124e-01
298.000      1.06278e+00
299.000      1.31161e+00
300.000      1.57300e+00
301.000      1.84470e+00
302.000      2.12877e+00
303.000      2.43089e+00
304.000      2.75829e+00
305.000      3.11697e+00
306.000      3.50923e+00
307.000      3.93247e+00
308.000      4.37927e+00
309.000      4.83899e+00
310.000      5.29985e+00
311.000      5.75115e+00
312.000      6.18471e+00
313.000      6.59555e+00
314.000      6.98164e+00
315.000      7.34344e+00
316.000      7.68397e+00
317.000      8.00998e+00
318.000      8.33448e+00
319.000      8.67947e+00
320.000      9.07756e+00
321.000      9.57049e+00
322.000      1.02036e+01
323.000      1.10168e+01
324.000      1.20343e+01
325.000      1.32555e+01
326.000      1.46514e+01
327.000      1.61666e+01
328.000      1.77274e+01
329.000      1.92541e+01
330.000      2.06735e+01
331.000      2.19295e+01
332.000      2.29892e+01
333.000      2.38447e+01
334.000      2.45105e+01
335.000      2.50170e+01
336.000      2.54032e+01
337.000      2.57077e+01
338.000      2.59600e+01
339.000      2.61737e+01
340.000      2.63437e+01
341.000      2.64463e+01
342.000      2.64443e+01
343.000      2.62946e+01
344.000      2.59570e+01
345.000      2.54010e+01
346.000      2.46113e+01
347.000      2.35902e+01
348.000      2.23585e+01
349.000      2.09554e+01
350.000      1.94370e+01
351.000      1.78734e+01
352.000      1.63430e+01
353.000      1.49233e+01
354.000      1.36794e+01
355.000      1.26530e+01
356.000      1.18548e+01
357.000      1.12643e+01
358.000      1.08366e+01
359.000      1.05155e+01
360.000      1.02475e+01
361.000      9.99284e+00
362.000      9.73038e+00
363.000      9.45446e+00
364.000      9.16742e+00
365.000      8.87076e+00
366.000      8.55934e+00
367.000      8.22070e+00
368.000      7.83945e+00
369.000      7.40463e+00
370.000      6.91642e+00
371.000      6.38957e+00
372.000      5.85196e+00
373.000      5.33901e+00
374.000      4.88629e+00
375.000      4.52333e+00
376.000      4.27073e+00
377.000      4.14108e+00
378.000      4.14238e+00
379.000      4.28131e+00
380.000      4.56400e+00
381.000      4.99310e+00
382.000      5.56183e+00
383.000      6.24734e+00
384.000      7.00635e+00
385.000      7.77574e+00
386.000      8.47898e+00
387.000      9.03743e+00
388.000      9.38390e+00
389.000      9.47456e+00
390.000      9.29617e+00
391.000      8.86680e+00
392.000      8.23016e+00
393.000      7.44557e+00
394.000      6.57667e+00
395.000      5.68161e+00
396.000      4.80687e+00
397.000      3.98514e+00
398.000      3.23646e+00
399.000      2.57133e+00
400.000      1.99394e+00
401.000      1.50467e+00
402.000      1.10121e+00
403.000      7.78907e-01
404.000      5.30683e-01
405.000      3.47213e-01
406.000      2.17575e-01
407.000      1.30284e-01
408.000      7.44072e-02
409.000      4.04679e-02
410.000      2.09329e-02
411.000      1.02879e-02
412.000      4.80006e-03
413.000      2.12472e-03
414.000      8.91789e-04
415.000      3.54767e-04
416.000      1.33720e-04
417.000      4.77416e-05
418.000      1.61419e-05
419.000      5.16755e-06
420.000      1.56613e-06
421.000      4.49291e-07
422.000      1.21996e-07
423.000      3.13505e-08
424.000      7.62425e-09
425.000      1.75460e-09
426.000      3.82095e-10
427.000      7.87334e-11
428.000      1.53507e-11
429.000      2.83184e-12
430.000      4.94276e-13
431.000      8.16256e-14
432.000      1.27535e-14
433.000      1.88529e-15
434.000      2.63673e-16
435.000      3.48889e-17
436.000      4.36759e-18
437.000      5.17280e-19
438.000      5.79613e-20
439.000      6.14437e-21
440.000      6.16227e-22
441.000      5.84693e-23
442.000      5.24853e-24
443.000      4.45727e-25
444.000      3.58114e-26
445.000      2.72204e-27
446.000      1.95744e-28
447.000      1.33168e-29
448.000      8.57104e-31
449.000      5.21897e-32
450.000      3.00646e-33
451.000      1.63849e-34
452.000      8.44795e-36
453.000      4.12075e-37
454.000      1.90161e-38
455.000      8.30199e-40
456.000      3.42896e-41
457.000      1.33986e-42
458.000      4.95308e-44
459.000      1.73224e-45
460.000      5.73140e-47
461.000      1.79403e-48
462.000      5.31272e-50
463.000      1.48840e-51
464.000      3.94497e-53
465.000      9.89198e-55
466.000      2.34661e-56
467.000      5.26643e-58
468.000      1.11817e-59
469.000      2.24605e-61
470.000      4.26823e-63
471.000      7.67351e-65
472.000      1.30514e-66
473.000      2.10009e-68
474.000      3.19696e-70
475.000      4.60419e-72
476.000      6.27317e-74
477.000      8.08610e-76
478.000      9.86071e-78
479.000      1.13761e-79
480.000      1.24165e-81
481.000      1.28210e-83
482.000      1.25245e-85
483.000      1.15749e-87
484.000      1.01203e-89
485.000      8.37115e-92
486.000      6.55081e-94
487.000      4.84979e-96
488.000      3.39678e-98
489.000     2.25077e-100
490.000     1.41095e-102
491.000     8.36776e-105
492.000     4.69488e-107
493.000     2.49206e-109
494.000     1.25144e-111
495.000     5.94535e-114
496.000     2.67216e-116
497.000     1.13623e-118
498.000     4.57075e-121
499.000     1.73951e-123
500.000     6.26301e-126
