# Gaussian folded, width=10 cm^-1
# [cm^-1] arbitrary
0.000      3.00000e+00
1.000      2.91796e+00
2.000      2.68508e+00
3.000      2.33749e+00
4.000      1.92514e+00
5.000      1.50000e+00
6.000      1.10570e+00
7.000      7.71085e-01
8.000      5.08727e-01
9.000      3.17530e-01
10.000      1.87500e-01
11.000      1.04747e-01
12.000      5.53623e-02
13.000      2.76908e-02
14.000      1.31298e-02
15.000      5.97153e-03
16.000      2.80638e-03
17.000      1.88877e-03
18.000      2.70531e-03
19.000      5.86951e-03
20.000      1.34117e-02
21.000      2.95021e-02
22.000      6.15808e-02
23.000      1.21713e-01
24.000      2.27718e-01
25.000      4.03278e-01
26.000      6.76021e-01
27.000      1.07266e+00
28.000      1.61108e+00
29.000      2.29045e+00
30.000      3.08231e+00
31.000      3.92630e+00
32.000      4.73415e+00
33.000      5.40324e+00
34.000      5.83739e+00
35.000      5.96946e+00
36.000      5.77836e+00
37.000      5.29452e+00
38.000      4.59205e+00
39.000      3.77018e+00
40.000      2.93059e+00
41.000      2.15774e+00
42.000      1.50743e+00
43.000      1.00511e+00
44.000      6.52136e-01
45.000      4.36421e-01
46.000      3.43325e-01
47.000      3.63977e-01
48.000      4.99274e-01
49.000      7.59009e-01
50.000      1.15637e+00
51.000      1.69886e+00
52.000      2.37781e+00
53.000      3.15940e+00
54.000      3.98107e+00
55.000      4.75598e+00
56.000      5.38634e+00
57.000      5.78302e+00
58.000      5.88600e+00
59.000      5.67928e+00
60.000      5.19498e+00
61.000      4.50540e+00
62.000      3.70573e+00
63.000      2.89350e+00
64.000      2.15112e+00
65.000      1.53604e+00
66.000      1.07994e+00
67.000      7.94837e-01
68.000      6.82325e-01
69.000      7.41675e-01
70.000      9.73570e-01
71.000      1.37812e+00
72.000      1.94795e+00
73.000      2.65908e+00
74.000      3.46387e+00
75.000      4.29022e+00
76.000      5.04979e+00
77.000      5.65515e+00
78.000      6.04178e+00
79.000      6.18840e+00
80.000      6.12829e+00
81.000      5.94675e+00
82.000      5.76409e+00
83.000      5.70863e+00
84.000      5.88733e+00
85.000      6.36280e+00
86.000      7.14277e+00
87.000      8.18419e+00
88.000      9.40900e+00
89.000      1.07252e+01
90.000      1.20457e+01
91.000      1.32986e+01
92.000      1.44281e+01
93.000      1.53871e+01
94.000      1.61283e+01
95.000      1.65993e+01
96.000      1.67462e+01
97.000      1.65253e+01
98.000      1.59205e+01
99.000      1.49573e+01
100.000      1.37095e+01
101.000      1.22936e+01
102.000      1.08501e+01
103.000      9.51887e+00
104.000      8.41455e+00
105.000      7.61012e+00
106.000      7.13332e+00
107.000      6.97573e+00
108.000      7.11026e+00
109.000      7.50982e+00
110.000      8.16064e+00
111.000      9.06549e+00
112.000      1.02363e+01
113.000      1.16788e+01
114.000      1.33754e+01
115.000      1.52703e+01
116.000      1.72644e+01
117.000      1.92209e+01
118.000      2.09819e+01
119.000      2.23927e+01
120.000      2.33281e+01
121.000      2.37144e+01
122.000      2.35411e+01
123.000      2.28598e+01
124.000      2.17719e+01
125.000      2.04078e+01
126.000      1.89058e+01
127.000      1.73940e+01
128.000      1.59794e+01
129.000      1.47438e+01
130.000      1.37440e+01
131.000      1.30130e+01
132.000      1.25606e+01
133.000      1.23730e+01
134.000      1.24128e+01
135.000      1.26217e+01
136.000      1.29257e+01
137.000      1.32443e+01
138.000      1.35006e+01
139.000      1.36311e+01
140.000      1.35924e+01
141.000      1.33650e+01
142.000      1.29525e+01
143.000      1.23782e+01
144.000      1.16797e+01
145.000      1.09022e+01
146.000      1.00917e+01
147.000      9.28796e+00
148.000      8.51944e+00
149.000      7.80011e+00
150.000      7.12911e+00
151.000      6.49361e+00
152.000      5.87436e+00
153.000      5.25257e+00
154.000      4.61641e+00
155.000      3.96533e+00
156.000      3.31100e+00
157.000      2.67463e+00
158.000      2.08169e+00
159.000      1.55574e+00
160.000      1.11330e+00
161.000      7.61143e-01
162.000      4.96266e-01
163.000      3.08160e-01
164.000      1.82142e-01
165.000      1.02681e-01
166.000      5.59425e-02
167.000      3.12810e-02
168.000      2.18735e-02
169.000      2.48714e-02
170.000      4.14497e-02
171.000      7.69471e-02
172.000      1.41032e-01
173.000      2.47574e-01
174.000      4.13764e-01
175.000      6.58071e-01
176.000      9.96988e-01
177.000      1.44104e+00
178.000      1.99113e+00
179.000      2.63655e+00
180.000      3.35576e+00
181.000      4.12008e+00
182.000      4.89945e+00
183.000      5.66843e+00
184.000      6.41059e+00
185.000      7.12004e+00
186.000      7.80000e+00
187.000      8.45930e+00
188.000      9.10807e+00
189.000      9.75374e+00
190.000      1.03981e+01
191.000      1.10354e+01
192.000      1.16521e+01
193.000      1.22280e+01
194.000      1.27387e+01
195.000      1.31598e+01
196.000      1.34712e+01
197.000      1.36616e+01
198.000      1.37319e+01
199.000      1.36965e+01
200.000      1.35822e+01
201.000      1.34251e+01
202.000      1.32652e+01
203.000      1.31405e+01
204.000      1.30813e+01
205.000      1.31050e+01
206.000      1.32143e+01
207.000      1.33975e+01
208.000      1.36328e+01
209.000      1.38941e+01
210.000      1.41573e+01
211.000      1.44045e+01
212.000      1.46245e+01
213.000      1.48098e+01
214.000      1.49522e+01
215.000      1.50399e+01
216.000      1.50588e+01
217.000      1.49994e+01
218.000      1.48661e+01
219.000      1.46847e+01
220.000      1.45040e+01
221.000      1.43893e+01
222.000      1.44077e+01
223.000      1.46118e+01
224.000      1.50248e+01
225.000      1.56345e+01
226.000      1.63948e+01
227.000      1.72362e+01
228.000      1.80781e+01
229.000      1.88426e+01
230.000      1.94629e+01
231.000      1.98889e+01
232.000      2.00874e+01
233.000      2.00413e+01
234.000      1.97470e+01
235.000      1.92141e+01
236.000      1.84650e+01
237.000      1.75360e+01
238.000      1.64777e+01
239.000      1.53541e+01
240.000      1.42388e+01
241.000      1.32090e+01
242.000      1.23385e+01
243.000      1.16893e+01
244.000      1.13049e+01
245.000      1.12042e+01
246.000      1.13775e+01
247.000      1.17843e+01
248.000      1.23539e+01
249.000      1.29912e+01
250.000      1.35861e+01
251.000      1.40283e+01
252.000      1.42242e+01
253.000      1.41124e+01
254.000      1.36753e+01
255.000      1.29411e+01
256.000      1.19775e+01
257.000      1.08774e+01
258.000      9.74005e+00
259.000      8.65408e+00
260.000      7.68442e+00
261.000      6.86702e+00
262.000      6.21006e+00
263.000      5.70023e+00
264.000      5.31088e+00
265.000      5.00957e+00
266.000      4.76344e+00
267.000      4.54212e+00
268.000      4.31888e+00
269.000      4.07141e+00
270.000      3.78305e+00
271.000      3.44475e+00
272.000      3.05701e+00
273.000      2.63061e+00
274.000      2.18517e+00
275.000      1.74545e+00
276.000      1.33639e+00
277.000      9.78213e-01
278.000      6.83122e-01
279.000      4.54373e-01
280.000      2.87482e-01
281.000      1.72844e-01
282.000      9.86732e-02
283.000      5.34572e-02
284.000      2.74817e-02
285.000      1.34348e-02
286.000      6.33719e-03
287.000      3.12821e-03
288.000      2.18821e-03
289.000      2.97877e-03
290.000      5.89088e-03
291.000      1.23274e-02
292.000      2.50019e-02
293.000      4.83901e-02
294.000      8.92102e-02
295.000      1.56735e-01
296.000      2.62678e-01
297.000      4.20386e-01
298.000      6.43162e-01
299.000      9.41726e-01
300.000      1.32113e+00
301.000      1.77778e+00
302.000      2.29738e+00
303.000      2.85492e+00
304.000      3.41717e+00
305.000      3.94813e+00
306.000      4.41630e+00
307.000      4.80240e+00
308.000      5.10487e+00
309.000      5.34129e+00
310.000      5.54439e+00
311.000      5.75346e+00
312.000      6.00345e+00
313.000      6.31545e+00
314.000      6.69161e+00
315.000      7.11633e+00
316.000      7.56319e+00
317.000      8.00514e+00
318.000      8.42455e+00
319.000      8.81991e+00
320.000      9.20751e+00
321.000      9.61832e+00
322.000      1.00917e+01
323.000      1.06680e+01
324.000      1.13826e+01
325.000      1.22615e+01
326.000      1.33182e+01
327.000      1.45528e+01
328.000      1.59500e+01
329.000      1.74788e+01
330.000      1.90932e+01
331.000      2.07351e+01
332.000      2.23402e+01
333.000      2.38452e+01
334.000      2.51968e+01
335.000      2.63588e+01
336.000      2.73158e+01
337.000      2.80739e+01
338.000      2.86550e+01
339.000      2.90884e+01
340.000      2.93989e+01
341.000      2.95959e+01
342.000      2.96649e+01
343.000      2.95650e+01
344.000      2.92345e+01
345.000      2.86025e+01
346.000      2.76064e+01
347.000      2.62093e+01
348.000      2.44150e+01
349.000      2.22751e+01
350.000      1.98867e+01
351.000      1.73817e+01
352.000      1.49080e+01
353.000      1.26095e+01
354.000      1.06063e+01
355.000      8.98111e+00
356.000      7.77314e+00
357.000      6.97991e+00
358.000      6.56522e+00
359.000      6.46991e+00
360.000      6.62225e+00
361.000      6.94546e+00
362.000      7.36217e+00
363.000      7.79668e+00
364.000      8.17732e+00
365.000      8.44009e+00
366.000      8.53430e+00
367.000      8.42888e+00
368.000      8.11785e+00
369.000      7.62275e+00
370.000      6.99089e+00
371.000      6.28903e+00
372.000      5.59353e+00
373.000      4.97875e+00
374.000      4.50658e+00
375.000      4.21919e+00
376.000      4.13656e+00
377.000      4.25872e+00
378.000      4.57095e+00
379.000      5.04956e+00
380.000      5.66586e+00
381.000      6.38726e+00
382.000      7.17574e+00
383.000      7.98559e+00
384.000      8.76274e+00
385.000      9.44719e+00
386.000      9.97899e+00
387.000      1.03062e+01
388.000      1.03928e+01
389.000      1.02235e+01
390.000      9.80569e+00
391.000      9.16649e+00
392.000      8.34840e+00
393.000      7.40335e+00
394.000      6.38715e+00
395.000      5.35469e+00
396.000      4.35589e+00
397.000      3.43247e+00
398.000      2.61533e+00
399.000      1.92313e+00
400.000      1.36215e+00
401.000      9.27621e-01
402.000      6.06285e-01
403.000      3.79688e-01
404.000      2.27490e-01
405.000      1.30221e-01
406.000      7.11275e-02
407.000      3.70299e-02
408.000      1.83567e-02
409.000      8.65736e-03
410.000      3.88146e-03
411.000      1.65323e-03
412.000      6.68579e-04
413.000      2.56587e-04
414.000      9.34097e-05
415.000      3.22453e-05
416.000      1.05516e-05
417.000      3.27211e-06
418.000      9.61384e-07
419.000      2.67569e-07
420.000      7.05295e-08
421.000      1.76050e-08
422.000      4.16081e-09
423.000      9.30999e-10
424.000      1.97200e-10
425.000      3.95383e-11
426.000      7.50328e-12
427.000      1.34766e-12
428.000      2.29078e-13
429.000      3.68501e-14
430.000      5.60958e-15
431.000      8.08062e-16
432.000      1.10146e-16
433.000      1.42065e-17
434.000      1.73379e-18
435.000      2.00208e-19
436.000      2.18747e-20
437.000      2.26134e-21
438.000      2.21182e-22
439.000      2.04686e-23
440.000      1.79216e-24
441.000      1.48460e-25
442.000      1.16356e-26
443.000      8.62791e-28
444.000      6.05285e-29
445.000      4.01744e-30
446.000      2.52274e-31
447.000      1.49874e-32
448.000      8.42384e-34
449.000      4.47942e-35
450.000      2.25351e-36
451.000      1.07257e-37
452.000      4.82964e-39
453.000      2.05744e-40
454.000      8.29211e-42
455.000      3.16173e-43
456.000      1.14053e-44
457.000      3.89233e-46
458.000      1.25671e-47
459.000      3.83866e-49
460.000      1.10929e-50
461.000      3.03271e-52
462.000      7.84398e-54
463.000      1.91938e-55
464.000      4.44330e-57
465.000      9.73127e-59
466.000      2.01628e-60
467.000      3.95233e-62
468.000      7.32947e-64
469.000      1.28591e-65
470.000      2.13436e-67
471.000      3.35153e-69
472.000      4.97893e-71
473.000      6.99758e-73
474.000      9.30417e-75
475.000      1.17038e-76
476.000      1.39281e-78
477.000      1.56810e-80
478.000      1.67023e-82
479.000      1.68305e-84
480.000      1.60448e-86
481.000      1.44707e-88
482.000      1.23470e-90
483.000      9.96671e-93
484.000      7.61133e-95
485.000      5.49904e-97
486.000      3.75864e-99
487.000     2.43048e-101
488.000     1.48687e-103
489.000     8.60535e-106
490.000     4.71176e-108
491.000     2.44071e-110
492.000     1.19610e-112
493.000     5.54541e-115
494.000     2.43231e-117
495.000     1.00930e-119
496.000     3.96225e-122
497.000     1.47157e-124
498.000     5.17055e-127
499.000     1.71874e-129
500.000     5.40507e-132
