# Gaussian folded, width=10 cm^-1
# [cm^-1] arbitrary
0.000      3.00000e+00
1.000      2.91796e+00
2.000      2.68508e+00
3.000      2.33749e+00
4.000      1.92514e+00
5.000      1.50000e+00
6.000      1.10570e+00
7.000      7.71085e-01
8.000      5.08727e-01
9.000      3.17530e-01
10.000      1.87500e-01
11.000      1.04747e-01
12.000      5.53626e-02
13.000      2.76917e-02
14.000      1.31325e-02
15.000      5.97902e-03
16.000      2.82572e-03
17.000      1.93561e-03
18.000      2.81162e-03
19.000      6.09511e-03
20.000      1.38583e-02
21.000      3.03242e-02
22.000      6.29813e-02
23.000      1.23906e-01
24.000      2.30837e-01
25.000      4.07233e-01
26.000      6.80308e-01
27.000      1.07622e+00
28.000      1.61226e+00
29.000      2.28724e+00
30.000      3.07282e+00
31.000      3.90946e+00
32.000      4.71034e+00
33.000      5.37463e+00
34.000      5.80774e+00
35.000      5.94334e+00
36.000      5.75998e+00
37.000      5.28664e+00
38.000      4.59529e+00
39.000      3.78301e+00
40.000      2.94995e+00
41.000      2.18000e+00
42.000      1.52929e+00
43.000      1.02423e+00
44.000      6.67342e-01
45.000      4.47553e-01
46.000      3.50899e-01
47.000      3.68815e-01
48.000      5.02228e-01
49.000      7.60803e-01
50.000      1.15755e+00
51.000      1.69981e+00
52.000      2.37878e+00
53.000      3.16055e+00
54.000      3.98244e+00
55.000      4.75753e+00
56.000      5.38791e+00
57.000      5.78438e+00
58.000      5.88691e+00
59.000      5.67954e+00
60.000      5.19450e+00
61.000      4.50418e+00
62.000      3.70383e+00
63.000      2.89090e+00
64.000      2.14758e+00
65.000      1.53092e+00
66.000      1.07204e+00
67.000      7.82365e-01
68.000      6.62961e-01
69.000      7.12920e-01
70.000      9.33361e-01
71.000      1.32568e+00
72.000      1.88465e+00
73.000      2.58897e+00
74.000      3.39353e+00
75.000      4.22752e+00
76.000      5.00185e+00
77.000      5.62572e+00
78.000      6.02896e+00
79.000      6.18348e+00
80.000      6.11635e+00
81.000      5.90915e+00
82.000      5.68263e+00
83.000      5.57059e+00
84.000      5.69056e+00
85.000      6.11980e+00
86.000      6.88268e+00
87.000      7.95170e+00
88.000      9.25935e+00
89.000      1.07152e+01
90.000      1.22214e+01
91.000      1.36824e+01
92.000      1.50077e+01
93.000      1.61118e+01
94.000      1.69146e+01
95.000      1.73470e+01
96.000      1.73623e+01
97.000      1.69487e+01
98.000      1.61389e+01
99.000      1.50115e+01
100.000      1.36824e+01
101.000      1.22862e+01
102.000      1.09540e+01
103.000      9.79192e+00
104.000      8.86705e+00
105.000      8.20396e+00
106.000      7.79308e+00
107.000      7.60758e+00
108.000      7.62288e+00
109.000      7.83174e+00
110.000      8.24934e+00
111.000      8.90660e+00
112.000      9.83413e+00
113.000      1.10431e+01
114.000      1.25096e+01
115.000      1.41691e+01
116.000      1.59208e+01
117.000      1.76421e+01
118.000      1.92083e+01
119.000      2.05104e+01
120.000      2.14697e+01
121.000      2.20443e+01
122.000      2.22283e+01
123.000      2.20462e+01
124.000      2.15444e+01
125.000      2.07837e+01
126.000      1.98331e+01
127.000      1.87665e+01
128.000      1.76598e+01
129.000      1.65872e+01
130.000      1.56151e+01
131.000      1.47961e+01
132.000      1.41623e+01
133.000      1.37227e+01
134.000      1.34638e+01
135.000      1.33535e+01
136.000      1.33468e+01
137.000      1.33912e+01
138.000      1.34310e+01
139.000      1.34108e+01
140.000      1.32800e+01
141.000      1.29975e+01
142.000      1.25379e+01
143.000      1.18971e+01
144.000      1.10960e+01
145.000      1.01792e+01
146.000      9.20946e+00
147.000      8.25701e+00
148.000      7.38630e+00
149.000      6.64338e+00
150.000      6.04680e+00
151.000      5.58497e+00
152.000      5.22061e+00
153.000      4.90161e+00
154.000      4.57496e+00
155.000      4.20008e+00
156.000      3.75781e+00
157.000      3.25279e+00
158.000      2.70946e+00
159.000      2.16337e+00
160.000      1.65127e+00
161.000      1.20260e+00
162.000      8.34781e-01
163.000      5.52438e-01
164.000      3.49976e-01
165.000      2.15866e-01
166.000      1.37169e-01
167.000      1.03214e-01
168.000      1.07900e-01
169.000      1.50548e-01
170.000      2.35408e-01
171.000      3.69994e-01
172.000      5.62490e-01
173.000      8.18633e-01
174.000      1.13879e+00
175.000      1.51609e+00
176.000      1.93653e+00
177.000      2.38122e+00
178.000      2.83063e+00
179.000      3.26942e+00
180.000      3.69046e+00
181.000      4.09662e+00
182.000      4.49984e+00
183.000      4.91778e+00
184.000      5.36918e+00
185.000      5.86913e+00
186.000      6.42522e+00
187.000      7.03524e+00
188.000      7.68650e+00
189.000      8.35701e+00
190.000      9.01855e+00
191.000      9.64141e+00
192.000      1.02002e+01
193.000      1.06794e+01
194.000      1.10773e+01
195.000      1.14063e+01
196.000      1.16900e+01
197.000      1.19577e+01
198.000      1.22371e+01
199.000      1.25483e+01
200.000      1.28998e+01
201.000      1.32869e+01
202.000      1.36937e+01
203.000      1.40963e+01
204.000      1.44676e+01
205.000      1.47828e+01
206.000      1.50235e+01
207.000      1.51815e+01
208.000      1.52602e+01
209.000      1.52743e+01
210.000      1.52479e+01
211.000      1.52107e+01
212.000      1.51929e+01
213.000      1.52204e+01
214.000      1.53098e+01
215.000      1.54655e+01
216.000      1.56784e+01
217.000      1.59282e+01
218.000      1.61885e+01
219.000      1.64331e+01
220.000      1.66430e+01
221.000      1.68114e+01
222.000      1.69448e+01
223.000      1.70609e+01
224.000      1.71824e+01
225.000      1.73300e+01
226.000      1.75151e+01
227.000      1.77353e+01
228.000      1.79735e+01
229.000      1.82015e+01
230.000      1.83857e+01
231.000      1.84942e+01
232.000      1.85023e+01
233.000      1.83951e+01
234.000      1.81668e+01
235.000      1.78173e+01
236.000      1.73494e+01
237.000      1.67666e+01
238.000      1.60749e+01
239.000      1.52864e+01
240.000      1.44248e+01
241.000      1.35290e+01
242.000      1.26537e+01
243.000      1.18649e+01
244.000      1.12318e+01
245.000      1.08159e+01
246.000      1.06581e+01
247.000      1.07693e+01
248.000      1.11237e+01
249.000      1.16586e+01
250.000      1.22810e+01
251.000      1.28802e+01
252.000      1.33449e+01
253.000      1.35807e+01
254.000      1.35251e+01
255.000      1.31562e+01
256.000      1.24945e+01
257.000      1.15958e+01
258.000      1.05403e+01
259.000      9.41670e+00
260.000      8.30817e+00
261.000      7.28107e+00
262.000      6.37890e+00
263.000      5.62170e+00
264.000      5.00995e+00
265.000      4.53056e+00
266.000      4.16317e+00
267.000      3.88460e+00
268.000      3.67114e+00
269.000      3.49892e+00
270.000      3.34372e+00
271.000      3.18167e+00
272.000      2.99147e+00
273.000      2.75796e+00
274.000      2.47558e+00
275.000      2.15014e+00
276.000      1.79777e+00
277.000      1.44118e+00
278.000      1.10421e+00
279.000      8.06670e-01
280.000      5.60895e-01
281.000      3.70727e-01
282.000      2.32753e-01
283.000      1.38862e-01
284.000      7.90777e-02
285.000      4.38953e-02
286.000      2.57694e-02
287.000      1.98133e-02
288.000      2.39506e-02
289.000      3.87730e-02
290.000      6.72268e-02
291.000      1.14102e-01
292.000      1.85203e-01
293.000      2.86108e-01
294.000      4.20581e-01
295.000      5.88914e-01
296.000      7.86713e-01
297.000      1.00465e+00
298.000      1.22957e+00
299.000      1.44698e+00
300.000      1.64454e+00
301.000      1.81574e+00
302.000      1.96299e+00
303.000      2.09913e+00
304.000      2.24663e+00
305.000      2.43429e+00
306.000      2.69160e+00
307.000      3.04194e+00
308.000      3.49644e+00
309.000      4.05048e+00
310.000      4.68449e+00
311.000      5.36906e+00
312.000      6.07272e+00
313.000      6.76976e+00
314.000      7.44537e+00
315.000      8.09658e+00
316.000      8.72964e+00
317.000      9.35585e+00
318.000      9.98808e+00
319.000      1.06393e+01
320.000      1.13229e+01
321.000      1.20527e+01
322.000      1.28411e+01
323.000      1.36952e+01
324.000      1.46109e+01
325.000      1.55687e+01
326.000      1.65340e+01
327.000      1.74629e+01
328.000      1.83129e+01
329.000      1.90549e+01
330.000      1.96826e+01
331.000      2.02143e+01
332.000      2.06876e+01
333.000      2.11487e+01
334.000      2.16394e+01
335.000      2.21872e+01
336.000      2.27997e+01
337.000      2.34653e+01
338.000      2.41566e+01
339.000      2.48357e+01
340.000      2.54602e+01
341.000      2.59867e+01
342.000      2.63740e+01
343.000      2.65841e+01
344.000      2.65822e+01
345.000      2.63369e+01
346.000      2.58206e+01
347.000      2.50125e+01
348.000      2.39041e+01
349.000      2.25073e+01
350.000      2.08627e+01
351.000      1.90434e+01
352.000      1.71521e+01
353.000      1.53094e+01
354.000      1.36348e+01
355.000      1.22250e+01
356.000      1.11358e+01
357.000      1.03743e+01
358.000      9.90206e+00
359.000      9.64963e+00
360.000      9.53607e+00
361.000      9.48730e+00
362.000      9.44758e+00
363.000      9.38191e+00
364.000      9.27064e+00
365.000      9.10079e+00
366.000      8.85902e+00
367.000      8.52975e+00
368.000      8.09897e+00
369.000      7.56134e+00
370.000      6.92696e+00
371.000      6.22439e+00
372.000      5.49860e+00
373.000      4.80468e+00
374.000      4.19931e+00
375.000      3.73266e+00
376.000      3.44257e+00
377.000      3.35164e+00
378.000      3.46733e+00
379.000      3.78386e+00
380.000      4.28480e+00
381.000      4.94481e+00
382.000      5.72966e+00
383.000      6.59466e+00
384.000      7.48281e+00
385.000      8.32485e+00
386.000      9.04332e+00
387.000      9.56144e+00
388.000      9.81559e+00
389.000      9.76823e+00
390.000      9.41708e+00
391.000      8.79723e+00
392.000      7.97465e+00
393.000      7.03291e+00
394.000      6.05664e+00
395.000      5.11674e+00
396.000      4.26099e+00
397.000      3.51196e+00
398.000      2.87122e+00
399.000      2.32739e+00
400.000      1.86459e+00
401.000      1.46869e+00
402.000      1.13031e+00
403.000      8.44626e-01
404.000      6.09389e-01
405.000      4.22529e-01
406.000      2.80504e-01
407.000      1.77788e-01
408.000      1.07351e-01
409.000      6.16512e-02
410.000      3.36339e-02
411.000      1.74145e-02
412.000      8.55140e-03
413.000      3.98037e-03
414.000      1.75546e-03
415.000      7.33327e-04
416.000      2.90093e-04
417.000      1.08648e-04
418.000      3.85203e-05
419.000      1.29266e-05
420.000      4.10546e-06
421.000      1.23393e-06
422.000      3.50951e-07
423.000      9.44504e-08
424.000      2.40518e-08
425.000      5.79515e-09
426.000      1.32112e-09
427.000      2.84954e-10
428.000      5.81503e-11
429.000      1.12272e-11
430.000      2.05081e-12
431.000      3.54414e-13
432.000      5.79465e-14
433.000      8.96334e-15
434.000      1.31171e-15
435.000      1.81606e-16
436.000      2.37873e-17
437.000      2.94768e-18
438.000      3.45571e-19
439.000      3.83278e-20
440.000      4.02171e-21
441.000      3.99233e-22
442.000      3.74940e-23
443.000      3.33131e-24
444.000      2.80018e-25
445.000      2.22678e-26
446.000      1.67527e-27
447.000      1.19237e-28
448.000      8.02889e-30
449.000      5.11467e-31
450.000      3.08246e-32
451.000      1.75750e-33
452.000      9.48006e-35
453.000      4.83776e-36
454.000      2.33558e-37
455.000      1.06675e-38
456.000      4.60946e-40
457.000      1.88432e-41
458.000      7.28745e-43
459.000      2.66634e-44
460.000      9.22937e-46
461.000      3.02236e-47
462.000      9.36351e-49
463.000      2.74440e-50
464.000      7.60984e-52
465.000      1.99627e-53
466.000      4.95431e-55
467.000      1.16322e-56
468.000      2.58381e-58
469.000      5.42970e-60
470.000      1.07947e-61
471.000      2.03030e-63
472.000      3.61266e-65
473.000      6.08154e-67
474.000      9.68538e-69
475.000      1.45928e-70
476.000      2.08006e-72
477.000      2.80500e-74
478.000      3.57854e-76
479.000      4.31914e-78
480.000      4.93181e-80
481.000      5.32762e-82
482.000      5.44474e-84
483.000      5.26428e-86
484.000      4.81524e-88
485.000      4.16692e-90
486.000      3.41138e-92
487.000      2.64218e-94
488.000      1.93603e-96
489.000      1.34208e-98
490.000     8.80165e-101
491.000     5.46093e-103
492.000     3.20543e-105
493.000     1.78002e-107
494.000     9.35147e-110
495.000     4.64786e-112
496.000     2.18546e-114
497.000     9.72190e-117
498.000     4.09145e-119
499.000     1.62900e-121
500.000     6.13594e-124
