# Gaussian folded, width=10 cm^-1
# [cm^-1] arbitrary
0.000      3.00000e+00
1.000      2.91796e+00
2.000      2.68508e+00
3.000      2.33749e+00
4.000      1.92514e+00
5.000      1.50000e+00
6.000      1.10570e+00
7.000      7.71085e-01
8.000      5.08727e-01
9.000      3.17530e-01
10.000      1.87500e-01
11.000      1.04747e-01
12.000      5.53625e-02
13.000      2.76915e-02
14.000      1.31317e-02
15.000      5.97697e-03
16.000      2.82055e-03
17.000      1.92348e-03
18.000      2.78515e-03
19.000      6.04177e-03
20.000      1.37597e-02
21.000      3.01594e-02
22.000      6.27382e-02
23.000      1.23606e-01
24.000      2.30580e-01
25.000      4.07249e-01
26.000      6.81013e-01
27.000      1.07823e+00
28.000      1.61633e+00
29.000      2.29410e+00
30.000      3.08294e+00
31.000      3.92273e+00
32.000      4.72588e+00
33.000      5.39078e+00
34.000      5.82230e+00
35.000      5.95407e+00
36.000      5.76513e+00
37.000      5.28546e+00
38.000      4.58818e+00
39.000      3.77136e+00
40.000      2.93576e+00
41.000      2.16531e+00
42.000      1.51577e+00
43.000      1.01291e+00
44.000      6.58584e-01
45.000      4.41159e-01
46.000      3.46297e-01
47.000      3.65244e-01
48.000      4.98883e-01
49.000      7.56954e-01
50.000      1.15266e+00
51.000      1.69367e+00
52.000      2.37162e+00
53.000      3.15308e+00
54.000      3.97580e+00
55.000      4.75302e+00
56.000      5.38665e+00
57.000      5.78693e+00
58.000      5.89305e+00
59.000      5.68830e+00
60.000      5.20443e+00
61.000      4.51383e+00
62.000      3.71224e+00
63.000      2.89797e+00
64.000      2.15423e+00
65.000      1.53912e+00
66.000      1.08467e+00
67.000      8.02902e-01
68.000      6.95001e-01
69.000      7.59362e-01
70.000      9.95325e-01
71.000      1.40133e+00
72.000      1.96835e+00
73.000      2.67133e+00
74.000      3.46269e+00
75.000      4.27186e+00
76.000      5.01326e+00
77.000      5.60268e+00
78.000      5.97803e+00
79.000      6.11857e+00
80.000      6.05562e+00
81.000      5.87045e+00
82.000      5.67858e+00
83.000      5.60480e+00
84.000      5.75589e+00
85.000      6.19908e+00
86.000      6.95196e+00
87.000      7.98531e+00
88.000      9.23581e+00
89.000      1.06225e+01
90.000      1.20606e+01
91.000      1.34675e+01
92.000      1.47632e+01
93.000      1.58670e+01
94.000      1.66967e+01
95.000      1.71757e+01
96.000      1.72454e+01
97.000      1.68811e+01
98.000      1.61041e+01
99.000      1.49854e+01
100.000      1.36377e+01
101.000      1.21983e+01
102.000      1.08057e+01
103.000      9.57735e+00
104.000      8.59326e+00
105.000      7.88965e+00
106.000      7.46389e+00
107.000      7.28867e+00
108.000      7.33095e+00
109.000      7.56977e+00
110.000      8.00721e+00
111.000      8.66896e+00
112.000      9.59394e+00
113.000      1.08157e+01
114.000      1.23412e+01
115.000      1.41333e+01
116.000      1.61036e+01
117.000      1.81173e+01
118.000      2.00113e+01
119.000      2.16202e+01
120.000      2.28038e+01
121.000      2.34689e+01
122.000      2.35819e+01
123.000      2.31677e+01
124.000      2.23009e+01
125.000      2.10898e+01
126.000      1.96604e+01
127.000      1.81423e+01
128.000      1.66586e+01
129.000      1.53175e+01
130.000      1.42065e+01
131.000      1.33851e+01
132.000      1.28803e+01
133.000      1.26823e+01
134.000      1.27456e+01
135.000      1.29950e+01
136.000      1.33363e+01
137.000      1.36704e+01
138.000      1.39078e+01
139.000      1.39801e+01
140.000      1.38475e+01
141.000      1.35002e+01
142.000      1.29549e+01
143.000      1.22482e+01
144.000      1.14287e+01
145.000      1.05494e+01
146.000      9.66070e+00
147.000      8.80571e+00
148.000      8.01565e+00
149.000      7.30701e+00
150.000      6.68019e+00
151.000      6.12046e+00
152.000      5.60217e+00
153.000      5.09560e+00
154.000      4.57513e+00
155.000      4.02642e+00
156.000      3.45038e+00
157.000      2.86255e+00
158.000      2.28843e+00
159.000      1.75633e+00
160.000      1.29037e+00
161.000      9.05584e-01
162.000      6.06183e-01
163.000      3.86829e-01
164.000      2.35840e-01
165.000      1.39006e-01
166.000      8.29705e-02
167.000      5.76455e-02
168.000      5.76162e-02
169.000      8.27558e-02
170.000      1.38259e-01
171.000      2.34144e-01
172.000      3.84085e-01
173.000      6.03375e-01
174.000      9.05987e-01
175.000      1.30104e+00
176.000      1.78943e+00
177.000      2.36167e+00
178.000      2.99779e+00
179.000      3.66986e+00
180.000      4.34659e+00
181.000      4.99878e+00
182.000      5.60408e+00
183.000      6.14964e+00
184.000      6.63229e+00
185.000      7.05677e+00
186.000      7.43308e+00
187.000      7.77431e+00
188.000      8.09519e+00
189.000      8.41111e+00
190.000      8.73703e+00
191.000      9.08577e+00
192.000      9.46604e+00
193.000      9.88097e+00
194.000      1.03279e+01
195.000      1.07999e+01
196.000      1.12878e+01
197.000      1.17823e+01
198.000      1.22752e+01
199.000      1.27586e+01
200.000      1.32239e+01
201.000      1.36599e+01
202.000      1.40530e+01
203.000      1.43878e+01
204.000      1.46493e+01
205.000      1.48261e+01
206.000      1.49122e+01
207.000      1.49088e+01
208.000      1.48240e+01
209.000      1.46719e+01
210.000      1.44708e+01
211.000      1.42414e+01
212.000      1.40065e+01
213.000      1.37914e+01
214.000      1.36239e+01
215.000      1.35350e+01
216.000      1.35564e+01
217.000      1.37163e+01
218.000      1.40335e+01
219.000      1.45105e+01
220.000      1.51293e+01
221.000      1.58512e+01
222.000      1.66217e+01
223.000      1.73794e+01
224.000      1.80671e+01
225.000      1.86406e+01
226.000      1.90734e+01
227.000      1.93578e+01
228.000      1.95001e+01
229.000      1.95163e+01
230.000      1.94266e+01
231.000      1.92522e+01
232.000      1.90123e+01
233.000      1.87222e+01
234.000      1.83909e+01
235.000      1.80187e+01
236.000      1.75967e+01
237.000      1.71092e+01
238.000      1.65381e+01
239.000      1.58709e+01
240.000      1.51087e+01
241.000      1.42725e+01
242.000      1.34060e+01
243.000      1.25724e+01
244.000      1.18471e+01
245.000      1.13043e+01
246.000      1.10030e+01
247.000      1.09724e+01
248.000      1.12027e+01
249.000      1.16410e+01
250.000      1.21965e+01
251.000      1.27541e+01
252.000      1.31929e+01
253.000      1.34084e+01
254.000      1.33305e+01
255.000      1.29358e+01
256.000      1.22493e+01
257.000      1.13367e+01
258.000      1.02891e+01
259.000      9.20413e+00
260.000      8.16934e+00
261.000      7.25055e+00
262.000      6.48632e+00
263.000      5.88801e+00
264.000      5.44337e+00
265.000      5.12183e+00
266.000      4.88062e+00
267.000      4.67148e+00
268.000      4.44799e+00
269.000      4.17310e+00
270.000      3.82539e+00
271.000      3.40252e+00
272.000      2.92051e+00
273.000      2.40895e+00
274.000      1.90339e+00
275.000      1.43719e+00
276.000      1.03514e+00
277.000      7.10188e-01
278.000      4.63631e-01
279.000      2.87759e-01
280.000      1.69688e-01
281.000      9.50186e-02
282.000      5.05042e-02
283.000      2.54782e-02
284.000      1.22163e-02
285.000      5.62464e-03
286.000      2.64259e-03
287.000      1.64458e-03
288.000      1.99688e-03
289.000      3.82454e-03
290.000      7.98374e-03
291.000      1.61970e-02
292.000      3.12750e-02
293.000      5.73070e-02
294.000      9.96631e-02
295.000      1.64645e-01
296.000      2.58689e-01
297.000      3.87190e-01
298.000      5.53210e-01
299.000      7.56552e-01
300.000      9.93665e-01
301.000      1.25867e+00
302.000      1.54540e+00
303.000      1.84979e+00
304.000      2.17198e+00
305.000      2.51711e+00
306.000      2.89474e+00
307.000      3.31686e+00
308.000      3.79522e+00
309.000      4.33864e+00
310.000      4.95097e+00
311.000      5.62971e+00
312.000      6.36541e+00
313.000      7.14154e+00
314.000      7.93482e+00
315.000      8.71644e+00
316.000      9.45465e+00
317.000      1.01193e+01
318.000      1.06878e+01
319.000      1.11520e+01
320.000      1.15232e+01
321.000      1.18336e+01
322.000      1.21323e+01
323.000      1.24774e+01
324.000      1.29245e+01
325.000      1.35153e+01
326.000      1.42699e+01
327.000      1.51846e+01
328.000      1.62344e+01
329.000      1.73812e+01
330.000      1.85821e+01
331.000      1.97974e+01
332.000      2.09944e+01
333.000      2.21494e+01
334.000      2.32457e+01
335.000      2.42729e+01
336.000      2.52242e+01
337.000      2.60950e+01
338.000      2.68799e+01
339.000      2.75682e+01
340.000      2.81393e+01
341.000      2.85593e+01
342.000      2.87812e+01
343.000      2.87506e+01
344.000      2.84144e+01
345.000      2.77327e+01
346.000      2.66888e+01
347.000      2.52953e+01
348.000      2.35957e+01
349.000      2.16620e+01
350.000      1.95888e+01
351.000      1.74853e+01
352.000      1.54654e+01
353.000      1.36355e+01
354.000      1.20821e+01
355.000      1.08591e+01
356.000      9.98023e+00
357.000      9.41673e+00
358.000      9.10488e+00
359.000      8.96013e+00
360.000      8.89547e+00
361.000      8.83846e+00
362.000      8.74190e+00
363.000      8.58562e+00
364.000      8.36977e+00
365.000      8.10374e+00
366.000      7.79569e+00
367.000      7.44700e+00
368.000      7.05324e+00
369.000      6.61018e+00
370.000      6.12104e+00
371.000      5.60158e+00
372.000      5.08067e+00
373.000      4.59658e+00
374.000      4.19072e+00
375.000      3.90126e+00
376.000      3.75826e+00
377.000      3.78098e+00
378.000      3.97699e+00
379.000      4.34243e+00
380.000      4.86288e+00
381.000      5.51457e+00
382.000      6.26564e+00
383.000      7.07738e+00
384.000      7.90494e+00
385.000      8.69760e+00
386.000      9.39919e+00
387.000      9.95009e+00
388.000      1.02921e+01
389.000      1.03763e+01
390.000      1.01734e+01
391.000      9.68204e+00
392.000      8.93252e+00
393.000      7.98393e+00
394.000      6.91400e+00
395.000      5.80526e+00
396.000      4.73152e+00
397.000      3.74840e+00
398.000      2.88970e+00
399.000      2.16907e+00
400.000      1.58483e+00
401.000      1.12575e+00
402.000      7.75756e-01
403.000      5.17156e-01
404.000      3.32493e-01
405.000      2.05516e-01
406.000      1.21770e-01
407.000      6.89830e-02
408.000      3.72818e-02
409.000      1.91876e-02
410.000      9.39041e-03
411.000      4.36508e-03
412.000      1.92554e-03
413.000      8.05498e-04
414.000      3.19371e-04
415.000      1.19967e-04
416.000      4.26807e-05
417.000      1.43778e-05
418.000      4.58524e-06
419.000      1.38414e-06
420.000      3.95450e-07
421.000      1.06921e-07
422.000      2.73567e-08
423.000      6.62322e-09
424.000      1.51726e-09
425.000      3.28871e-10
426.000      6.74451e-11
427.000      1.30866e-11
428.000      2.40243e-12
429.000      4.17266e-13
430.000      6.85662e-14
431.000      1.06596e-14
432.000      1.56782e-15
433.000      2.18163e-16
434.000      2.87204e-17
435.000      3.57704e-18
436.000      4.21481e-19
437.000      4.69845e-20
438.000      4.95508e-21
439.000      4.94388e-22
440.000      4.66664e-23
441.000      4.16735e-24
442.000      3.52074e-25
443.000      2.81402e-26
444.000      2.12784e-27
445.000      1.52219e-28
446.000      1.03019e-29
447.000      6.59602e-31
448.000      3.99545e-32
449.000      2.28964e-33
450.000      1.24133e-34
451.000      6.36685e-36
452.000      3.08944e-37
453.000      1.41825e-38
454.000      6.15946e-40
455.000      2.53076e-41
456.000      9.83732e-43
457.000      3.61760e-44
458.000      1.25858e-45
459.000      4.14248e-47
460.000      1.28990e-48
461.000      3.79989e-50
462.000      1.05902e-51
463.000      2.79223e-53
464.000      6.96495e-55
465.000      1.64362e-56
466.000      3.66948e-58
467.000      7.75041e-60
468.000      1.54868e-61
469.000      2.92763e-63
470.000      5.23587e-65
471.000      8.85889e-67
472.000      1.41803e-68
473.000      2.14740e-70
474.000      3.07649e-72
475.000      4.16980e-74
476.000      5.34680e-76
477.000      6.48619e-78
478.000      7.44394e-80
479.000      8.08227e-82
480.000      8.30199e-84
481.000      8.06767e-86
482.000      7.41706e-88
483.000      6.45109e-90
484.000      5.30826e-92
485.000      4.13227e-94
486.000      3.04329e-96
487.000      2.12038e-98
488.000     1.39767e-100
489.000     8.71587e-103
490.000     5.14204e-105
491.000     2.86997e-107
492.000     1.51543e-109
493.000     7.57032e-112
494.000     3.57774e-114
495.000     1.59964e-116
496.000     6.76631e-119
497.000     2.70769e-121
498.000     1.02510e-123
499.000     3.67154e-126
500.000     1.24408e-128
