4.500000000000000000e+01
4.376940000000000452e+01
4.027619999999999578e+01
3.506234999999999502e+01
2.887709999999999511e+01
2.250000000000000000e+01
1.658550000000000324e+01
1.156627499999999920e+01
7.630905000000002936e+00
4.762950000000000017e+00
2.812500000000000000e+00
1.571204999999999741e+00
8.304401000000001254e-01
4.153786000000000422e-01
1.969949000000000006e-01
8.970548999999999884e-02
4.243663999999999076e-02
2.915436000000000069e-02
4.244090999999999836e-02
9.198011999999998467e-02
2.089470000000000216e-01
4.567954999999999655e-01
9.479419000000000040e-01
1.863520999999999983e+00
3.469403000000000237e+00
6.116891999999999108e+00
1.021327800000000074e+01
1.614964000000000155e+01
2.418409000000000120e+01
3.429811999999999728e+01
4.606692999999999927e+01
5.859921000000000646e+01
7.059612000000001331e+01
8.054921000000001641e+01
8.704337000000001012e+01
8.908562000000000580e+01
8.635347999999999047e+01
7.927863000000000682e+01
6.893568999999999392e+01
5.677588999999999686e+01
4.429789999999999850e+01
3.275856000000000279e+01
2.300109999999999744e+01
1.542459000000000024e+01
1.007125399999999793e+01
6.778984000000001231e+00
5.341322000000000791e+00
5.630520999999999887e+00
7.657819999999999183e+00
1.156145199999999917e+01
1.752594999999999814e+01
2.564900000000000091e+01
3.578750999999999749e+01
4.742852000000000601e+01
5.963857000000000141e+01
7.113213000000000363e+01
8.046838000000001045e+01
8.633820999999998946e+01
8.786253999999999564e+01
8.480794000000000210e+01
7.764603999999999928e+01
6.743742000000000303e+01
5.558063999999998828e+01
4.351261000000000223e+01
3.245302999999999827e+01
2.325948000000000349e+01
1.641198999999999941e+01
1.209993500000000033e+01
1.035509699999999889e+01
1.116989600000000138e+01
1.455349299999999957e+01
2.050517999999999930e+01
2.891546999999999912e+01
3.943464000000000169e+01
5.136846999999998786e+01
6.366336999999999335e+01
7.502261000000000024e+01
8.415176000000001011e+01
9.007888000000001227e+01
9.245427999999999713e+01
9.172447999999999979e+01
8.910637000000001251e+01
8.635156999999999528e+01
8.536132999999999527e+01
8.776373000000000957e+01
9.457678000000001362e+01
1.060475899999999854e+02
1.216939299999999946e+02
1.405037399999999934e+02
1.611992000000000189e+02
1.824624000000000024e+02
2.030529000000000224e+02
2.218158999999999992e+02
2.376311999999999784e+02
2.493848000000000127e+02
2.560327000000000339e+02
2.567660999999999945e+02
2.512277999999999736e+02
2.397022000000000048e+02
2.231864000000000203e+02
2.033028999999999940e+02
1.820578000000000145e+02
1.615027999999999793e+02
1.433945799999999906e+02
1.289433300000000031e+02
1.187127599999999887e+02
1.126973500000000143e+02
1.105385500000000008e+02
1.118029499999999956e+02
1.162255499999999984e+02
1.238363500000000244e+02
1.349297199999999748e+02
1.498913699999999949e+02
1.689425999999999988e+02
1.918900999999999897e+02
2.179567000000000121e+02
2.457517999999999461e+02
2.733943000000000438e+02
2.987647000000000048e+02
3.198192000000000235e+02
3.349076999999999771e+02
3.430113000000000625e+02
3.438588000000000306e+02
3.379068000000000325e+02
3.262109000000000378e+02
3.102280000000000086e+02
2.916108999999999583e+02
2.720240000000000009e+02
2.530026000000000295e+02
2.358397999999999683e+02
2.215003000000000668e+02
2.105539000000000271e+02
2.031391999999999882e+02
1.989761000000000024e+02
1.974311000000000149e+02
1.976351999999999975e+02
1.986225000000000023e+02
1.994680999999999926e+02
1.993918999999999926e+02
1.978220000000000027e+02
1.944160000000000252e+02
1.890495000000000232e+02
1.817901000000000238e+02
1.728675000000000068e+02
1.626459299999999928e+02
1.515906300000000044e+02
1.402267500000000382e+02
1.290790700000000015e+02
1.185970300000000179e+02
1.090782499999999828e+02
1.006118500000000040e+02
9.306365999999999872e+01
8.611580999999999619e+01
7.935555000000000803e+01
7.239029000000000735e+01
6.495562999999999931e+01
5.698518000000000683e+01
4.862292999999999665e+01
4.017878000000000327e+01
3.204563999999999169e+01
2.460581399999999874e+01
1.815348399999999884e+01
1.285088200000000036e+01
8.722713000000000605e+00
5.681578000000000017e+00
3.571240200000000087e+00
2.213669800000000354e+00
1.449940399999999796e+00
1.169913100000000039e+00
1.329868299999999781e+00
1.959072400000000158e+00
3.156064900000000062e+00
5.074291000000000551e+00
7.896535000000000082e+00
1.179903800000000125e+01
1.690987300000000104e+01
2.326994100000000287e+01
3.080760000000000076e+01
3.933620000000000516e+01
4.857854999999999279e+01
5.821349999999999625e+01
6.793250000000000455e+01
7.749049000000000831e+01
8.673687999999999931e+01
9.562071000000000254e+01
1.041711999999999847e+02
1.124630300000000034e+02
1.205773600000000130e+02
1.285690599999999790e+02
1.364458899999999915e+02
1.441621400000000222e+02
1.516270100000000411e+02
1.587213999999999885e+02
1.653218699999999899e+02
1.713254000000000019e+02
1.766670999999999765e+02
1.813337999999999965e+02
1.853675000000000068e+02
1.888646999999999991e+02
1.919639999999999702e+02
1.948295999999999992e+02
1.976220000000000141e+02
2.004673999999999978e+02
2.034234000000000151e+02
2.064605999999999995e+02
2.094646000000000470e+02
2.122605000000000359e+02
2.146589000000000169e+02
2.165054999999999836e+02
2.177229000000000383e+02
2.183295999999999992e+02
2.184361000000000104e+02
2.182215000000000202e+02
2.178991999999999791e+02
2.176859999999999786e+02
2.177796000000000163e+02
2.183477000000000317e+02
2.195292000000000030e+02
2.214368000000000052e+02
2.241577000000000055e+02
2.277448000000000263e+02
2.322059999999999889e+02
2.374880999999999744e+02
2.434759000000000242e+02
2.499976000000000056e+02
2.568437000000000126e+02
2.637839999999999918e+02
2.705774000000000115e+02
2.769628999999999905e+02
2.826435000000000173e+02
2.872686999999999671e+02
2.904354000000000156e+02
2.917110000000000127e+02
2.906857999999999720e+02
2.870353000000000065e+02
2.805867999999999824e+02
2.713700999999999794e+02
2.596463999999999714e+02
2.459139000000000124e+02
2.308903999999999996e+02
2.154752000000000010e+02
2.006880999999999631e+02
1.875910000000000082e+02
1.771838999999999942e+02
1.702854000000000099e+02
1.674105000000000132e+02
1.686576000000000022e+02
1.736356000000000108e+02
1.814495999999999754e+02
1.907691000000000088e+02
1.999791000000000167e+02
2.073997999999999706e+02
2.115400999999999954e+02
2.113357999999999777e+02
2.063181000000000154e+02
1.966707000000000107e+02
1.831678999999999462e+02
1.670046099999999853e+02
1.495662899999999809e+02
1.321919000000000040e+02
1.159861000000000075e+02
1.017075499999999977e+02
8.974069999999998970e+01
8.013504000000000360e+01
7.268439000000000760e+01
6.701876999999998930e+01
6.268941000000000940e+01
5.923680999999998420e+01
5.623955000000000126e+01
5.334636999999999318e+01
5.029450000000000642e+01
4.691750000000000398e+01
4.314374999999999716e+01
3.898752999999999247e+01
3.453352999999999895e+01
2.991636300000000048e+01
2.529780800000000340e+01
2.084410400000000152e+01
1.670568499999999545e+01
1.300167900000000110e+01
9.810456999999999539e+00
7.166598599999998598e+00
5.064157799999999376e+00
3.464985699999999280e+00
2.310355099999999773e+00
1.533867180000000108e+00
1.073493559999999958e+00
8.811429600000000306e-01
9.285617180000000914e-01
1.209247661999999890e+00
1.736611071000000006e+00
2.539198279999999919e+00
3.654025799999999879e+00
5.119164219999999155e+00
6.966520500000000560e+00
9.215440300000000917e+00
1.186767260000000057e+01
1.490420600000000029e+01
1.828484199999999760e+01
2.195158999999999594e+01
2.583630700000000147e+01
2.987260699999999503e+01
3.401028000000000162e+01
3.822861000000000331e+01
4.254590000000000316e+01
4.702161999999999864e+01
5.175088999999999828e+01
5.685133999999999332e+01
6.244434999999999292e+01
6.863339999999999463e+01
7.548121999999999332e+01
8.298948000000000036e+01
9.108428000000002100e+01
9.961213000000002182e+01
1.083514899999999983e+02
1.170421200000000113e+02
1.254321000000000197e+02
1.333356499999999869e+02
1.406904499999999985e+02
1.476000099999999975e+02
1.543453299999999899e+02
1.613595799999999656e+02
1.691636000000000308e+02
1.782783999999999764e+02
1.891290000000000191e+02
2.019611000000000161e+02
2.167928999999999746e+02
2.334069999999999823e+02
2.513820999999999799e+02
2.701578999999999837e+02
2.891173000000000002e+02
3.076672999999999547e+02
3.253061999999999898e+02
3.416686000000000263e+02
3.565389000000000124e+02
3.698375000000000341e+02
3.815815999999999804e+02
3.918308000000000106e+02
4.006197999999999979e+02
4.078991000000000327e+02
4.134885999999999626e+02
4.170572999999999979e+02
4.181365999999999872e+02
4.161676000000000499e+02
4.105790000000000077e+02
4.008838000000000079e+02
3.867828000000000088e+02
3.682582999999999060e+02
3.456462000000000216e+02
3.196696000000000026e+02
2.914212999999999738e+02
2.622862000000000080e+02
2.337992999999999881e+02
2.074603000000000179e+02
1.845313000000000443e+02
1.658603899999999669e+02
1.517786699999999769e+02
1.420927499999999952e+02
1.361758800000000065e+02
1.331297199999999918e+02
1.319673600000000135e+02
1.317680499999999881e+02
1.317698099999999783e+02
1.313926899999999875e+02
1.302117700000000013e+02
1.279147899999999964e+02
1.242761099999999885e+02
1.191657600000000059e+02
1.125868399999999951e+02
1.047191200000000038e+02
9.594131999999999039e+01
8.681175000000000352e+01
7.800337000000000387e+01
7.020947999999999922e+01
6.404503999999998598e+01
5.997136000000000422e+01
5.826129000000000246e+01
5.900694000000000727e+01
6.215747999999999251e+01
6.756486999999999910e+01
7.501439000000000590e+01
8.422670000000000812e+01
9.482940000000000680e+01
1.063151200000000216e+02
1.180100999999999942e+02
1.290802400000000034e+02
1.385895299999999963e+02
1.456092599999999777e+02
1.493560699999999883e+02
1.493255999999999801e+02
1.453850199999999973e+02
1.377989100000000064e+02
1.271823599999999885e+02
1.143895700000000062e+02
1.003719799999999935e+02
8.603651000000002114e+01
7.213801000000000840e+01
5.922268000000000399e+01
4.762358000000000402e+01
3.749502000000000379e+01
2.886341000000000179e+01
2.167601099999999903e+01
1.583535099999999929e+01
1.121750799999999870e+01
7.679984999999999395e+00
5.065935000000000521e+00
3.210433500000000162e+00
1.949845799999999851e+00
1.132556200000000013e+00
6.280359600000000597e-01
3.320110500000000298e-01
1.671300699999999917e-01
8.003411900000000079e-02
3.643128799999999223e-02
1.575343669999999807e-02
6.467672999999999305e-03
2.520018099999999771e-03
9.314991400000000032e-04
3.265518440000000000e-04
1.085426220000000001e-04
3.420019350000000390e-05
1.021306069999999899e-05
2.890094609999999796e-06
7.748777690000000210e-07
1.968186479999999775e-07
4.735474130000000144e-08
1.079152648000000154e-08
2.329095769999999718e-09
4.760398980000000235e-10
9.213466509999999115e-11
1.688491248000000025e-11
2.929860281999999733e-12
4.813338319999999965e-13
7.486476400000000924e-14
1.102358708999999946e-14
1.536620338000000008e-15
2.027656036999999912e-16
2.532744714000000142e-17
2.994656982000000800e-18
3.351585445999999680e-19
3.550495395999999990e-20
3.560043860000000275e-21
3.378614400999999762e-22
3.034820439099999463e-23
2.580051003500000036e-24
2.075959056400000500e-25
1.580874326399999985e-26
1.139351240399999922e-27
7.771303707399998626e-29
5.016500012199999584e-30
3.064593641099999822e-31
1.771759162700000262e-32
9.693766481399999542e-34
5.019161086400000821e-35
2.459333031109999932e-36
1.140369086829999801e-37
5.003956982299999647e-39
2.077863642830000355e-40
8.164923379100000709e-42
3.036101891759999936e-43
1.068333545589999984e-44
3.557290881510000677e-46
1.120861693798000009e-47
3.341953869779999779e-49
9.428975770000000387e-51
2.517325347426999813e-52
6.359521931680000379e-54
1.520252445633000299e-55
3.438837890047000398e-57
7.360539786809999574e-59
1.490761627215999897e-60
2.856960876052999738e-62
5.180804986493000448e-64
8.889629399058000646e-66
1.443320324591699945e-67
2.217338323537999897e-69
3.223224382910999765e-71
4.433375762890000393e-73
5.769862145933000151e-75
7.105253448615000225e-77
8.278961602858000713e-79
9.127516590296999600e-81
9.521572814079999247e-83
9.398150230107101248e-85
8.777124551113297489e-87
7.755991049950399999e-89
6.484781361996399206e-91
5.130103862044799479e-93
3.839971821307699504e-95
2.719570564569350117e-97
1.822385369835759894e-99
1.155440723904710004e-101
6.931408862688999702e-104
3.934239857194410239e-106
2.112830517932309770e-108
1.073573630035100046e-110
5.161310805989250070e-113
2.347748426773569590e-115
1.010416846160854878e-117
4.114428506837740504e-120
1.585174461239006920e-122
