# Gaussian folded, width=10 cm^-1
# [cm^-1] arbitrary
0.000      3.00000e+00
1.000      2.91796e+00
2.000      2.68508e+00
3.000      2.33749e+00
4.000      1.92514e+00
5.000      1.50000e+00
6.000      1.10570e+00
7.000      7.71085e-01
8.000      5.08727e-01
9.000      3.17529e-01
10.000      1.87500e-01
11.000      1.04746e-01
12.000      5.53594e-02
13.000      2.76809e-02
14.000      1.30980e-02
15.000      5.87531e-03
16.000      2.53129e-03
17.000      1.14563e-03
18.000      8.09111e-04
19.000      1.30070e-03
20.000      3.02040e-03
21.000      7.20257e-03
22.000      1.64523e-02
23.000      3.56436e-02
24.000      7.31437e-02
25.000      1.42149e-01
26.000      2.61621e-01
27.000      4.56008e-01
28.000      7.52740e-01
29.000      1.17678e+00
30.000      1.74230e+00
31.000      2.44306e+00
32.000      3.24439e+00
33.000      4.08054e+00
34.000      4.86061e+00
35.000      5.48344e+00
36.000      5.85875e+00
37.000      5.92852e+00
38.000      5.68167e+00
39.000      5.15694e+00
40.000      4.43296e+00
41.000      3.60895e+00
42.000      2.78267e+00
43.000      2.03222e+00
44.000      1.40625e+00
45.000      9.23269e-01
46.000      5.78143e-01
47.000      3.52057e-01
48.000      2.22571e-01
49.000      1.71566e-01
50.000      1.90206e-01
51.000      2.80911e-01
52.000      4.56542e-01
53.000      7.36838e-01
54.000      1.14210e+00
55.000      1.68450e+00
56.000      2.35848e+00
57.000      3.13271e+00
58.000      3.94702e+00
59.000      4.71696e+00
60.000      5.34678e+00
61.000      5.74847e+00
62.000      5.86182e+00
63.000      5.66923e+00
64.000      5.20021e+00
65.000      4.52414e+00
66.000      3.73381e+00
67.000      2.92520e+00
68.000      2.18007e+00
69.000      1.55570e+00
70.000      1.08341e+00
71.000      7.74174e-01
72.000      6.27812e-01
73.000      6.41628e-01
74.000      8.15365e-01
75.000      1.15077e+00
76.000      1.64604e+00
77.000      2.28708e+00
78.000      3.03912e+00
79.000      3.84256e+00
80.000      4.61631e+00
81.000      5.26984e+00
82.000      5.72185e+00
83.000      5.92095e+00
84.000      5.86182e+00
85.000      5.59162e+00
86.000      5.20395e+00
87.000      4.82136e+00
88.000      4.57118e+00
89.000      4.56074e+00
90.000      4.85795e+00
91.000      5.48165e+00
92.000      6.40318e+00
93.000      7.55754e+00
94.000      8.86034e+00
95.000      1.02249e+01
96.000      1.15743e+01
97.000      1.28460e+01
98.000      1.39886e+01
99.000      1.49550e+01
100.000      1.56966e+01
101.000      1.61617e+01
102.000      1.63018e+01
103.000      1.60809e+01
104.000      1.54882e+01
105.000      1.45472e+01
106.000      1.33191e+01
107.000      1.19000e+01
108.000      1.04097e+01
109.000      8.97519e+00
110.000      7.71228e+00
111.000      6.70868e+00
112.000      6.01382e+00
113.000      5.63792e+00
114.000      5.56073e+00
115.000      5.74732e+00
116.000      6.16575e+00
117.000      6.80074e+00
118.000      7.65845e+00
119.000      8.76039e+00
120.000      1.01280e+01
121.000      1.17630e+01
122.000      1.36303e+01
123.000      1.56494e+01
124.000      1.76983e+01
125.000      1.96297e+01
126.000      2.12949e+01
127.000      2.25684e+01
128.000      2.33671e+01
129.000      2.36582e+01
130.000      2.34562e+01
131.000      2.28104e+01
132.000      2.17908e+01
133.000      2.04750e+01
134.000      1.89424e+01
135.000      1.72732e+01
136.000      1.55514e+01
137.000      1.38664e+01
138.000      1.23116e+01
139.000      1.09770e+01
140.000      9.93865e+00
141.000      9.24725e+00
142.000      8.91950e+00
143.000      8.93540e+00
144.000      9.24211e+00
145.000      9.76342e+00
146.000      1.04120e+01
147.000      1.11009e+01
148.000      1.17522e+01
149.000      1.23004e+01
150.000      1.26937e+01
151.000      1.28936e+01
152.000      1.28751e+01
153.000      1.26299e+01
154.000      1.21689e+01
155.000      1.15237e+01
156.000      1.07437e+01
157.000      9.88870e+00
158.000      9.01815e+00
159.000      8.18033e+00
160.000      7.40475e+00
161.000      6.69995e+00
162.000      6.05670e+00
163.000      5.45507e+00
164.000      4.87286e+00
165.000      4.29304e+00
166.000      3.70849e+00
167.000      3.12349e+00
168.000      2.55204e+00
169.000      2.01378e+00
170.000      1.52884e+00
171.000      1.11317e+00
172.000      7.75304e-01
173.000      5.15488e-01
174.000      3.26840e-01
175.000      1.97895e-01
176.000      1.15608e-01
177.000      6.79775e-02
178.000      4.59011e-02
179.000      4.41968e-02
180.000      6.19813e-02
181.000      1.02604e-01
182.000      1.73223e-01
183.000      2.83951e-01
184.000      4.46418e-01
185.000      6.71652e-01
186.000      9.67324e-01
187.000      1.33473e+00
188.000      1.76616e+00
189.000      2.24345e+00
190.000      2.73867e+00
191.000      3.21742e+00
192.000      3.64474e+00
193.000      3.99257e+00
194.000      4.24698e+00
195.000      4.41295e+00
196.000      4.51492e+00
197.000      4.59243e+00
198.000      4.69197e+00
199.000      4.85751e+00
200.000      5.12228e+00
201.000      5.50419e+00
202.000      6.00539e+00
203.000      6.61513e+00
204.000      7.31409e+00
205.000      8.07826e+00
206.000      8.88086e+00
207.000      9.69221e+00
208.000      1.04785e+01
209.000      1.12009e+01
210.000      1.18177e+01
211.000      1.22884e+01
212.000      1.25813e+01
213.000      1.26817e+01
214.000      1.25967e+01
215.000      1.23566e+01
216.000      1.20092e+01
217.000      1.16101e+01
218.000      1.12107e+01
219.000      1.08479e+01
220.000      1.05381e+01
221.000      1.02781e+01
222.000      1.00511e+01
223.000      9.83765e+00
224.000      9.62555e+00
225.000      9.41747e+00
226.000      9.23226e+00
227.000      9.09968e+00
228.000      9.04997e+00
229.000      9.10155e+00
230.000      9.25113e+00
231.000      9.46965e+00
232.000      9.70582e+00
233.000      9.89646e+00
234.000      9.98067e+00
235.000      9.91412e+00
236.000      9.67926e+00
237.000      9.28931e+00
238.000      8.78503e+00
239.000      8.22571e+00
240.000      7.67661e+00
241.000      7.19614e+00
242.000      6.82512e+00
243.000      6.58044e+00
244.000      6.45365e+00
245.000      6.41459e+00
246.000      6.41895e+00
247.000      6.41820e+00
248.000      6.36963e+00
249.000      6.24474e+00
250.000      6.03379e+00
251.000      5.74615e+00
252.000      5.40617e+00
253.000      5.04619e+00
254.000      4.69822e+00
255.000      4.38666e+00
256.000      4.12346e+00
257.000      3.90690e+00
258.000      3.72379e+00
259.000      3.55419e+00
260.000      3.37710e+00
261.000      3.17549e+00
262.000      2.93942e+00
263.000      2.66704e+00
264.000      2.36374e+00
265.000      2.04020e+00
266.000      1.71017e+00
267.000      1.38838e+00
268.000      1.08859e+00
269.000      8.22041e-01
270.000      5.96245e-01
271.000      4.14343e-01
272.000      2.75240e-01
273.000      1.74433e-01
274.000      1.05299e-01
275.000      6.04924e-02
276.000      3.31171e-02
277.000      1.74777e-02
278.000      9.41848e-03
279.000      6.36601e-03
280.000      7.25665e-03
281.000      1.25030e-02
282.000      2.40838e-02
283.000      4.57453e-02
284.000      8.32050e-02
285.000      1.44170e-01
286.000      2.37962e-01
287.000      3.74600e-01
288.000      5.63389e-01
289.000      8.11262e-01
290.000      1.12136e+00
291.000      1.49235e+00
292.000      1.91879e+00
293.000      2.39238e+00
294.000      2.90373e+00
295.000      3.44377e+00
296.000      4.00427e+00
297.000      4.57745e+00
298.000      5.15500e+00
299.000      5.72718e+00
300.000      6.28279e+00
301.000      6.81021e+00
302.000      7.29924e+00
303.000      7.74322e+00
304.000      8.14053e+00
305.000      8.49488e+00
306.000      8.81418e+00
307.000      9.10831e+00
308.000      9.38664e+00
309.000      9.65639e+00
310.000      9.92238e+00
311.000      1.01881e+01
312.000      1.04574e+01
313.000      1.07357e+01
314.000      1.10301e+01
315.000      1.13488e+01
316.000      1.17005e+01
317.000      1.20952e+01
318.000      1.25445e+01
319.000      1.30636e+01
320.000      1.36711e+01
321.000      1.43875e+01
322.000      1.52329e+01
323.000      1.62248e+01
324.000      1.73769e+01
325.000      1.86985e+01
326.000      2.01940e+01
327.000      2.18595e+01
328.000      2.36764e+01
329.000      2.56039e+01
330.000      2.75740e+01
331.000      2.94924e+01
332.000      3.12486e+01
333.000      3.27326e+01
334.000      3.38560e+01
335.000      3.45702e+01
336.000      3.48753e+01
337.000      3.48196e+01
338.000      3.44870e+01
339.000      3.39784e+01
340.000      3.33924e+01
341.000      3.28083e+01
342.000      3.22772e+01
343.000      3.18188e+01
344.000      3.14262e+01
345.000      3.10729e+01
346.000      3.07225e+01
347.000      3.03362e+01
348.000      2.98782e+01
349.000      2.93178e+01
350.000      2.86288e+01
351.000      2.77881e+01
352.000      2.67752e+01
353.000      2.55743e+01
354.000      2.41801e+01
355.000      2.26040e+01
356.000      2.08806e+01
357.000      1.90692e+01
358.000      1.72494e+01
359.000      1.55099e+01
360.000      1.39337e+01
361.000      1.25834e+01
362.000      1.14903e+01
363.000      1.06510e+01
364.000      1.00313e+01
365.000      9.57647e+00
366.000      9.22289e+00
367.000      8.90880e+00
368.000      8.58158e+00
369.000      8.20159e+00
370.000      7.74364e+00
371.000      7.19779e+00
372.000      6.57028e+00
373.000      5.88451e+00
374.000      5.18116e+00
375.000      4.51620e+00
376.000      3.95633e+00
377.000      3.57181e+00
378.000      3.42780e+00
379.000      3.57544e+00
380.000      4.04438e+00
381.000      4.83782e+00
382.000      5.93114e+00
383.000      7.27428e+00
384.000      8.79760e+00
385.000      1.04199e+01
386.000      1.20564e+01
387.000      1.36253e+01
388.000      1.50502e+01
389.000      1.62605e+01
390.000      1.71897e+01
391.000      1.77757e+01
392.000      1.79651e+01
393.000      1.77210e+01
394.000      1.70326e+01
395.000      1.59239e+01
396.000      1.44562e+01
397.000      1.27241e+01
398.000      1.08445e+01
399.000      8.94145e+00
400.000      7.13075e+00
401.000      5.50655e+00
402.000      4.13311e+00
403.000      3.04185e+00
404.000      2.23332e+00
405.000      1.68249e+00
406.000      1.34607e+00
407.000      1.17034e+00
408.000      1.09876e+00
409.000      1.07882e+00
410.000      1.06769e+00
411.000      1.03590e+00
412.000      9.68818e-01
413.000      8.65430e-01
414.000      7.34901e-01
415.000      5.91823e-01
416.000      4.51441e-01
417.000      3.25983e-01
418.000      2.22762e-01
419.000      1.44037e-01
420.000      8.81171e-02
421.000      5.10014e-02
422.000      2.79274e-02
423.000      1.44678e-02
424.000      7.09078e-03
425.000      3.28779e-03
426.000      1.44223e-03
427.000      5.98522e-04
428.000      2.34987e-04
429.000      8.72824e-05
430.000      3.06709e-05
431.000      1.01963e-05
432.000      3.20685e-06
433.000      9.54183e-07
434.000      2.68598e-07
435.000      7.15303e-08
436.000      1.80217e-08
437.000      4.29555e-09
438.000      9.68634e-10
439.000      2.06642e-10
440.000      4.17056e-11
441.000      7.96320e-12
442.000      1.43846e-12
443.000      2.45826e-13
444.000      3.97442e-14
445.000      6.07908e-15
446.000      8.79669e-16
447.000      1.20425e-16
448.000      1.55968e-17
449.000      1.91104e-18
450.000      2.21524e-19
451.000      2.42935e-20
452.000      2.52045e-21
453.000      2.47390e-22
454.000      2.29723e-23
455.000      2.01811e-24
456.000      1.67727e-25
457.000      1.31880e-26
458.000      9.81003e-28
459.000      6.90368e-29
460.000      4.59630e-30
461.000      2.89504e-31
462.000      1.72511e-32
463.000      9.72519e-34
464.000      5.18676e-35
465.000      2.61705e-36
466.000      1.24924e-37
467.000      5.64153e-39
468.000      2.41027e-40
469.000      9.74209e-42
470.000      3.72526e-43
471.000      1.34765e-44
472.000      4.61229e-46
473.000      1.49339e-47
474.000      4.57455e-49
475.000      1.32568e-50
476.000      3.63454e-52
477.000      9.42707e-54
478.000      2.31324e-55
479.000      5.37012e-57
480.000      1.17941e-58
481.000      2.45054e-60
482.000      4.81700e-62
483.000      8.95796e-64
484.000      1.57601e-65
485.000      2.62318e-67
486.000      4.13060e-69
487.000      6.15342e-71
488.000      8.67235e-73
489.000      1.15631e-74
490.000      1.45858e-76
491.000      1.74062e-78
492.000      1.96515e-80
493.000      2.09896e-82
494.000      2.12095e-84
495.000      2.02757e-86
496.000      1.83374e-88
497.000      1.56897e-90
498.000      1.27003e-92
499.000      9.72584e-95
500.000      7.04626e-97
