# Gaussian folded, width=10 cm^-1
# [cm^-1] arbitrary
0.000      3.00000e+00
1.000      2.91796e+00
2.000      2.68508e+00
3.000      2.33749e+00
4.000      1.92514e+00
5.000      1.50000e+00
6.000      1.10570e+00
7.000      7.71085e-01
8.000      5.08727e-01
9.000      3.17529e-01
10.000      1.87500e-01
11.000      1.04746e-01
12.000      5.53590e-02
13.000      2.76796e-02
14.000      1.30935e-02
15.000      5.86033e-03
16.000      2.48416e-03
17.000      1.00549e-03
18.000      4.15140e-04
19.000      2.53812e-04
20.000      3.91609e-04
21.000      9.66810e-04
22.000      2.48437e-03
23.000      6.11209e-03
24.000      1.42458e-02
25.000      3.14178e-02
26.000      6.55524e-02
27.000      1.29396e-01
28.000      2.41641e-01
29.000      4.26911e-01
30.000      7.13546e-01
31.000      1.12830e+00
32.000      1.68789e+00
33.000      2.38881e+00
34.000      3.19843e+00
35.000      4.05145e+00
36.000      4.85513e+00
37.000      5.50438e+00
38.000      5.90383e+00
39.000      5.99069e+00
40.000      5.75093e+00
41.000      5.22296e+00
42.000      4.48758e+00
43.000      3.64776e+00
44.000      2.80516e+00
45.000      2.04084e+00
46.000      1.40470e+00
47.000      9.14764e-01
48.000      5.63779e-01
49.000      3.29280e-01
50.000      1.83407e-01
51.000      1.00252e-01
52.000      6.01929e-02
53.000      5.18202e-02
54.000      7.25343e-02
55.000      1.28621e-01
56.000      2.35028e-01
57.000      4.14339e-01
58.000      6.93966e-01
59.000      1.10059e+00
60.000      1.65163e+00
61.000      2.34496e+00
62.000      3.14977e+00
63.000      4.00259e+00
64.000      4.81195e+00
65.000      5.47291e+00
66.000      5.88889e+00
67.000      5.99469e+00
68.000      5.77324e+00
69.000      5.26012e+00
70.000      4.53429e+00
71.000      3.69834e+00
72.000      2.85524e+00
73.000      2.08896e+00
74.000      1.45404e+00
75.000      9.75248e-01
76.000      6.55165e-01
77.000      4.85523e-01
78.000      4.57917e-01
79.000      5.70681e-01
80.000      8.30085e-01
81.000      1.24558e+00
82.000      1.82030e+00
83.000      2.53947e+00
84.000      3.36088e+00
85.000      4.21171e+00
86.000      4.99501e+00
87.000      5.60627e+00
88.000      5.95643e+00
89.000      5.99479e+00
90.000      5.72435e+00
91.000      5.20449e+00
92.000      4.54028e+00
93.000      3.86233e+00
94.000      3.30332e+00
95.000      2.97746e+00
96.000      2.96598e+00
97.000      3.30944e+00
98.000      4.00552e+00
99.000      5.01142e+00
100.000      6.25035e+00
101.000      7.62289e+00
102.000      9.02251e+00
103.000      1.03533e+01
104.000      1.15457e+01
105.000      1.25655e+01
106.000      1.34120e+01
107.000      1.41060e+01
108.000      1.46691e+01
109.000      1.51035e+01
110.000      1.53777e+01
111.000      1.54284e+01
112.000      1.51763e+01
113.000      1.45555e+01
114.000      1.35426e+01
115.000      1.21772e+01
116.000      1.05639e+01
117.000      8.85475e+00
118.000      7.21796e+00
119.000      5.80328e+00
120.000      4.71447e+00
121.000      3.99651e+00
122.000      3.63946e+00
123.000      3.59653e+00
124.000      3.81018e+00
125.000      4.23870e+00
126.000      4.87551e+00
127.000      5.75507e+00
128.000      6.94237e+00
129.000      8.50814e+00
130.000      1.04963e+01
131.000      1.28940e+01
132.000      1.56135e+01
133.000      1.84930e+01
134.000      2.13158e+01
135.000      2.38430e+01
136.000      2.58514e+01
137.000      2.71668e+01
138.000      2.76877e+01
139.000      2.73952e+01
140.000      2.63479e+01
141.000      2.46647e+01
142.000      2.25012e+01
143.000      2.00244e+01
144.000      1.73928e+01
145.000      1.47458e+01
146.000      1.22017e+01
147.000      9.86079e+00
148.000      7.80950e+00
149.000      6.12196e+00
150.000      4.85775e+00
151.000      4.05722e+00
152.000      3.73669e+00
153.000      3.88521e+00
154.000      4.46444e+00
155.000      5.41199e+00
156.000      6.64783e+00
157.000      8.08184e+00
158.000      9.62024e+00
159.000      1.11684e+01
160.000      1.26297e+01
161.000      1.39037e+01
162.000      1.48870e+01
163.000      1.54834e+01
164.000      1.56202e+01
165.000      1.52680e+01
166.000      1.44539e+01
167.000      1.32618e+01
168.000      1.18174e+01
169.000      1.02636e+01
170.000      8.73359e+00
171.000      7.33165e+00
172.000      6.12374e+00
173.000      5.13779e+00
174.000      4.36965e+00
175.000      3.79118e+00
176.000      3.35862e+00
177.000      3.02115e+00
178.000      2.72972e+00
179.000      2.44535e+00
180.000      2.14504e+00
181.000      1.82362e+00
182.000      1.49100e+00
183.000      1.16596e+00
184.000      8.68822e-01
185.000      6.15364e-01
186.000      4.13595e-01
187.000      2.63509e-01
188.000      1.59034e-01
189.000      9.08789e-02
190.000      4.91571e-02
191.000      2.51639e-02
192.000      1.21895e-02
193.000      5.58693e-03
194.000      2.42281e-03
195.000      9.94056e-04
196.000      3.85866e-04
197.000      1.41707e-04
198.000      4.92345e-05
199.000      1.61835e-05
200.000      5.03261e-06
201.000      1.48059e-06
202.000      4.12093e-07
203.000      1.08511e-07
204.000      2.70316e-08
205.000      6.37069e-09
206.000      1.42043e-09
207.000      2.99619e-10
208.000      5.97913e-11
209.000      1.12882e-11
210.000      2.01617e-12
211.000      3.40682e-13
212.000      5.44612e-14
213.000      8.23652e-15
214.000      1.17847e-15
215.000      1.59518e-16
216.000      2.04277e-17
217.000      2.47483e-18
218.000      2.83655e-19
219.000      3.07576e-20
220.000      3.15523e-21
221.000      3.06217e-22
222.000      2.81154e-23
223.000      2.44217e-24
224.000      2.00690e-25
225.000      1.56025e-26
226.000      1.14757e-27
227.000      7.98513e-29
228.000      5.25657e-30
229.000      3.27371e-31
230.000      1.92941e-32
231.000      1.18751e-33
232.000      2.16023e-33
233.000      3.72608e-32
234.000      6.24318e-31
235.000      9.89715e-30
236.000      1.48434e-28
237.000      2.10607e-27
238.000      2.82702e-26
239.000      3.59008e-25
240.000      4.31317e-24
241.000      4.90238e-23
242.000      5.27151e-22
243.000      5.36266e-21
244.000      5.16111e-20
245.000      4.69920e-19
246.000      4.04782e-18
247.000      3.29866e-17
248.000      2.54314e-16
249.000      1.85491e-15
250.000      1.27994e-14
251.000      8.35558e-14
252.000      5.16036e-13
253.000      3.01510e-12
254.000      1.66664e-11
255.000      8.71560e-11
256.000      4.31193e-10
257.000      2.01820e-09
258.000      8.93663e-09
259.000      3.74371e-08
260.000      1.48371e-07
261.000      5.56304e-07
262.000      1.97331e-06
263.000      6.62214e-06
264.000      2.10243e-05
265.000      6.31493e-05
266.000      1.79449e-04
267.000      4.82438e-04
268.000      1.22710e-03
269.000      2.95301e-03
270.000      6.72379e-03
271.000      1.44862e-02
272.000      2.95340e-02
273.000      5.69884e-02
274.000      1.04098e-01
275.000      1.80071e-01
276.000      2.95141e-01
277.000      4.58736e-01
278.000      6.77023e-01
279.000      9.50588e-01
280.000      1.27343e+00
281.000      1.63432e+00
282.000      2.02079e+00
283.000      2.42467e+00
284.000      2.84653e+00
285.000      3.29615e+00
286.000      3.78692e+00
287.000      4.32506e+00
288.000      4.89732e+00
289.000      5.46340e+00
290.000      5.95821e+00
291.000      6.30628e+00
292.000      6.44528e+00
293.000      6.35144e+00
294.000      6.05837e+00
295.000      5.66236e+00
296.000      5.31189e+00
297.000      5.18332e+00
298.000      5.44753e+00
299.000      6.23368e+00
300.000      7.59595e+00
301.000      9.48968e+00
302.000      1.17633e+01
303.000      1.41713e+01
304.000      1.64108e+01
305.000      1.81760e+01
306.000      1.92198e+01
307.000      1.94066e+01
308.000      1.87405e+01
309.000      1.73640e+01
310.000      1.55272e+01
311.000      1.35382e+01
312.000      1.17082e+01
313.000      1.03025e+01
314.000      9.50179e+00
315.000      9.37873e+00
316.000      9.88912e+00
317.000      1.08811e+01
318.000      1.21245e+01
319.000      1.33591e+01
320.000      1.43564e+01
321.000      1.49812e+01
322.000      1.52358e+01
323.000      1.52730e+01
324.000      1.53713e+01
325.000      1.58765e+01
326.000      1.71244e+01
327.000      1.93620e+01
328.000      2.26870e+01
329.000      2.70157e+01
330.000      3.20875e+01
331.000      3.75024e+01
332.000      4.27838e+01
333.000      4.74561e+01
334.000      5.11187e+01
335.000      5.35030e+01
336.000      5.45000e+01
337.000      5.41546e+01
338.000      5.26321e+01
339.000      5.01710e+01
340.000      4.70374e+01
341.000      4.34944e+01
342.000      3.97918e+01
343.000      3.61701e+01
344.000      3.28673e+01
345.000      3.01169e+01
346.000      2.81294e+01
347.000      2.70568e+01
348.000      2.69508e+01
349.000      2.77288e+01
350.000      2.91649e+01
351.000      3.09152e+01
352.000      3.25775e+01
353.000      3.37721e+01
354.000      3.42203e+01
355.000      3.37951e+01
356.000      3.25285e+01
357.000      3.05753e+01
358.000      2.81503e+01
359.000      2.54649e+01
360.000      2.26876e+01
361.000      1.99362e+01
362.000      1.72953e+01
363.000      1.48417e+01
364.000      1.26580e+01
365.000      1.08265e+01
366.000      9.40692e+00
367.000      8.41080e+00
368.000      7.78801e+00
369.000      7.43313e+00
370.000      7.21149e+00
371.000      6.99498e+00
372.000      6.69470e+00
373.000      6.27941e+00
374.000      5.77519e+00
375.000      5.24969e+00
376.000      4.78948e+00
377.000      4.47975e+00
378.000      4.39254e+00
379.000      4.58341e+00
380.000      5.09176e+00
381.000      5.93901e+00
382.000      7.12132e+00
383.000      8.59944e+00
384.000      1.02926e+01
385.000      1.20838e+01
386.000      1.38402e+01
387.000      1.54424e+01
388.000      1.68130e+01
389.000      1.79308e+01
390.000      1.88246e+01
391.000      1.95484e+01
392.000      2.01518e+01
393.000      2.06572e+01
394.000      2.10539e+01
395.000      2.13076e+01
396.000      2.13766e+01
397.000      2.12243e+01
398.000      2.08222e+01
399.000      2.01458e+01
400.000      1.91722e+01
401.000      1.78843e+01
402.000      1.62836e+01
403.000      1.44052e+01
404.000      1.23262e+01
405.000      1.01602e+01
406.000      8.03978e+00
407.000      6.09031e+00
408.000      4.40750e+00
409.000      3.04347e+00
410.000      2.00566e+00
411.000      1.26606e+00
412.000      7.75913e-01
413.000      4.80288e-01
414.000      3.28961e-01
415.000      2.81838e-01
416.000      3.09499e-01
417.000      3.90448e-01
418.000      5.07085e-01
419.000      6.42197e-01
420.000      7.77227e-01
421.000      8.92826e-01
422.000      9.71321e-01
423.000      1.00006e+00
424.000      9.74207e-01
425.000      8.97866e-01
426.000      7.82879e-01
427.000      6.45798e-01
428.000      5.03985e-01
429.000      3.72096e-01
430.000      2.59903e-01
431.000      1.71745e-01
432.000      1.07368e-01
433.000      6.35015e-02
434.000      3.55313e-02
435.000      1.88085e-02
436.000      9.41924e-03
437.000      4.46267e-03
438.000      2.00028e-03
439.000      8.48214e-04
440.000      3.40281e-04
441.000      1.29148e-04
442.000      4.63718e-05
443.000      1.57521e-05
444.000      5.06222e-06
445.000      1.53908e-06
446.000      4.42688e-07
447.000      1.20463e-07
448.000      3.10117e-08
449.000      7.55294e-09
450.000      1.74030e-09
451.000      3.79358e-10
452.000      7.82334e-11
453.000      1.52635e-11
454.000      2.81729e-12
455.000      4.91957e-13
456.000      8.12719e-14
457.000      1.27020e-14
458.000      1.87811e-15
459.000      2.62716e-16
460.000      3.47672e-17
461.000      4.35283e-18
462.000      5.15573e-19
463.000      5.77733e-20
464.000      6.12465e-21
465.000      6.14261e-22
466.000      5.82831e-23
467.000      5.23178e-24
468.000      4.44298e-25
469.000      3.56958e-26
470.000      2.71317e-27
471.000      1.95098e-28
472.000      1.32724e-29
473.000      8.54204e-31
474.000      5.20106e-32
475.000      2.99598e-33
476.000      1.63269e-34
477.000      8.41759e-36
478.000      4.10571e-37
479.000      1.89455e-38
480.000      8.27071e-40
481.000      3.41583e-41
482.000      1.33465e-42
483.000      4.93351e-44
484.000      1.72529e-45
485.000      5.70803e-47
486.000      1.78660e-48
487.000      5.29037e-50
488.000      1.48205e-51
489.000      3.92787e-53
490.000      9.84848e-55
491.000      2.33614e-56
492.000      5.24259e-58
493.000      1.11304e-59
494.000      2.23559e-61
495.000      4.24808e-63
496.000      7.63677e-65
497.000      1.29881e-66
498.000      2.08977e-68
499.000      3.18103e-70
500.000      4.58095e-72
